0.0 0.0 206
0.041666666666666664 0.0 205
0.08333333333333333 0.0 172
0.125 0.0 0
0.16666666666666666 0.0 166
0.20833333333333331 0.0 177
0.25 0.0 200
0.29166666666666663 0.0 171
0.3333333333333333 0.0 1
0.375 0.0 183
0.41666666666666663 0.0 160
0.4583333333333333 0.0 158
0.5 0.0 174
0.5416666666666666 0.0 179
0.5833333333333333 0.0 146
0.625 0.0 159
0.6666666666666666 0.0 134
0.7083333333333333 0.0 141
0.75 0.0 129
0.7916666666666666 0.0 110
0.8333333333333333 0.0 99
0.875 0.0 80
0.9166666666666666 0.0 69
0.9583333333333333 0.0 43
1.0 0.0 1
0.0 0.020833333333333332 185
0.041666666666666664 0.020833333333333332 205
0.08333333333333333 0.020833333333333332 180
0.125 0.020833333333333332 188
0.16666666666666666 0.020833333333333332 171
0.20833333333333331 0.020833333333333332 192
0.25 0.020833333333333332 159
0.29166666666666663 0.020833333333333332 182
0.3333333333333333 0.020833333333333332 162
0.375 0.020833333333333332 162
0.41666666666666663 0.020833333333333332 161
0.4583333333333333 0.020833333333333332 177
0.5 0.020833333333333332 136
0.5416666666666666 0.020833333333333332 176
0.5833333333333333 0.020833333333333332 155
0.625 0.020833333333333332 124
0.6666666666666666 0.020833333333333332 140
0.7083333333333333 0.020833333333333332 124
0.75 0.020833333333333332 114
0.7916666666666666 0.020833333333333332 133
0.8333333333333333 0.020833333333333332 118
0.875 0.020833333333333332 85
0.9166666666666666 0.020833333333333332 75
0.9583333333333333 0.020833333333333332 28
1.0 0.020833333333333332 28
0.0 0.041666666666666664 177
0.041666666666666664 0.041666666666666664 200
0.08333333333333333 0.041666666666666664 183
0.125 0.041666666666666664 201
0.16666666666666666 0.041666666666666664 182
0.20833333333333331 0.041666666666666664 184
0.25 0.041666666666666664 156
0.29166666666666663 0.041666666666666664 158
0.3333333333333333 0.041666666666666664 183
0.375 0.041666666666666664 166
0.41666666666666663 0.041666666666666664 174
0.4583333333333333 0.041666666666666664 156
0.5 0.041666666666666664 183
0.5416666666666666 0.041666666666666664 158
0.5833333333333333 0.041666666666666664 144
0.625 0.041666666666666664 144
0.6666666666666666 0.041666666666666664 142
0.7083333333333333 0.041666666666666664 137
0.75 0.041666666666666664 149
0.7916666666666666 0.041666666666666664 118
0.8333333333333333 0.041666666666666664 132
0.875 0.041666666666666664 90
0.9166666666666666 0.041666666666666664 105
0.9583333333333333 0.041666666666666664 34
1.0 0.041666666666666664 45
0.0 0.0625 154
0.041666666666666664 0.0625 189
0.08333333333333333 0.0625 210
0.125 0.0625 189
0.16666666666666666 0.0625 196
0.20833333333333331 0.0625 197
0.25 0.0625 199
0.29166666666666663 0.0625 193
0.3333333333333333 0.0625 158
0.375 0.0625 190
0.41666666666666663 0.0625 164
0.4583333333333333 0.0625 188
0.5 0.0625 170
0.5416666666666666 0.0625 155
0.5833333333333333 0.0625 142
0.625 0.0625 146
0.6666666666666666 0.0625 159
0.7083333333333333 0.0625 150
0.75 0.0625 148
0.7916666666666666 0.0625 143
0.8333333333333333 0.0625 113
0.875 0.0625 132
0.9166666666666666 0.0625 64
0.9583333333333333 0.0625 57
1.0 0.0625 34
0.0 0.08333333333333333 203
0.041666666666666664 0.08333333333333333 189
0.08333333333333333 0.08333333333333333 194
0.125 0.08333333333333333 192
0.16666666666666666 0.08333333333333333 175
0.20833333333333331 0.08333333333333333 177
0.25 0.08333333333333333 175
0.29166666666666663 0.08333333333333333 192
0.3333333333333333 0.08333333333333333 165
0.375 0.08333333333333333 171
0.41666666666666663 0.08333333333333333 156
0.4583333333333333 0.08333333333333333 180
0.5 0.08333333333333333 163
0.5416666666666666 0.08333333333333333 173
0.5833333333333333 0.08333333333333333 168
0.625 0.08333333333333333 158
0.6666666666666666 0.08333333333333333 165
0.7083333333333333 0.08333333333333333 134
0.75 0.08333333333333333 154
0.7916666666666666 0.08333333333333333 128
0.8333333333333333 0.08333333333333333 120
0.875 0.08333333333333333 98
0.9166666666666666 0.08333333333333333 81
0.9583333333333333 0.08333333333333333 42
1.0 0.08333333333333333 37
0.0 0.10416666666666666 185
0.041666666666666664 0.10416666666666666 182
0.08333333333333333 0.10416666666666666 193
0.125 0.10416666666666666 168
0.16666666666666666 0.10416666666666666 182
0.20833333333333331 0.10416666666666666 186
0.25 0.10416666666666666 197
0.29166666666666663 0.10416666666666666 191
0.3333333333333333 0.10416666666666666 165
0.375 0.10416666666666666 181
0.41666666666666663 0.10416666666666666 172
0.4583333333333333 0.10416666666666666 168
0.5 0.10416666666666666 177
0.5416666666666666 0.10416666666666666 160
0.5833333333333333 0.10416666666666666 155
0.625 0.10416666666666666 154
0.6666666666666666 0.10416666666666666 142
0.7083333333333333 0.10416666666666666 151
0.75 0.10416666666666666 147
0.7916666666666666 0.10416666666666666 130
0.8333333333333333 0.10416666666666666 102
0.875 0.10416666666666666 81
0.9166666666666666 0.10416666666666666 76
0.9583333333333333 0.10416666666666666 130
1.0 0.10416666666666666 105
0.0 0.125 211
0.041666666666666664 0.125 193
0.08333333333333333 0.125 193
0.125 0.125 189
0.16666666666666666 0.125 186
0.20833333333333331 0.125 160
0.25 0.125 172
0.29166666666666663 0.125 167
0.3333333333333333 0.125 186
0.375 0.125 204
0.41666666666666663 0.125 171
0.4583333333333333 0.125 135
0.5 0.125 162
0.5416666666666666 0.125 138
0.5833333333333333 0.125 161
0.625 0.125 154
0.6666666666666666 0.125 163
0.7083333333333333 0.125 140
0.75 0.125 132
0.7916666666666666 0.125 120
0.8333333333333333 0.125 137
0.875 0.125 125
0.9166666666666666 0.125 130
0.9583333333333333 0.125 161
1.0 0.125 99
0.0 0.14583333333333331 198
0.041666666666666664 0.14583333333333331 165
0.08333333333333333 0.14583333333333331 205
0.125 0.14583333333333331 193
0.16666666666666666 0.14583333333333331 185
0.20833333333333331 0.14583333333333331 159
0.25 0.14583333333333331 173
0.29166666666666663 0.14583333333333331 167
0.3333333333333333 0.14583333333333331 171
0.375 0.14583333333333331 161
0.41666666666666663 0.14583333333333331 170
0.4583333333333333 0.14583333333333331 156
0.5 0.14583333333333331 175
0.5416666666666666 0.14583333333333331 184
0.5833333333333333 0.14583333333333331 148
0.625 0.14583333333333331 146
0.6666666666666666 0.14583333333333331 140
0.7083333333333333 0.14583333333333331 161
0.75 0.14583333333333331 131
0.7916666666666666 0.14583333333333331 99
0.8333333333333333 0.14583333333333331 115
0.875 0.14583333333333331 121
0.9166666666666666 0.14583333333333331 62
0.9583333333333333 0.14583333333333331 82
1.0 0.14583333333333331 56
0.0 0.16666666666666666 175
0.041666666666666664 0.16666666666666666 166
0.08333333333333333 0.16666666666666666 187
0.125 0.16666666666666666 172
0.16666666666666666 0.16666666666666666 167
0.20833333333333331 0.16666666666666666 196
0.25 0.16666666666666666 168
0.29166666666666663 0.16666666666666666 165
0.3333333333333333 0.16666666666666666 177
0.375 0.16666666666666666 164
0.41666666666666663 0.16666666666666666 152
0.4583333333333333 0.16666666666666666 172
0.5 0.16666666666666666 186
0.5416666666666666 0.16666666666666666 1
0.5833333333333333 0.16666666666666666 166
0.625 0.16666666666666666 147
0.6666666666666666 0.16666666666666666 162
0.7083333333333333 0.16666666666666666 158
0.75 0.16666666666666666 142
0.7916666666666666 0.16666666666666666 133
0.8333333333333333 0.16666666666666666 127
0.875 0.16666666666666666 92
0.9166666666666666 0.16666666666666666 160
0.9583333333333333 0.16666666666666666 56
1.0 0.16666666666666666 184
0.0 0.1875 192
0.041666666666666664 0.1875 160
0.08333333333333333 0.1875 212
0.125 0.1875 189
0.16666666666666666 0.1875 183
0.20833333333333331 0.1875 211
0.25 0.1875 177
0.29166666666666663 0.1875 172
0.3333333333333333 0.1875 157
0.375 0.1875 167
0.41666666666666663 0.1875 174
0.4583333333333333 0.1875 172
0.5 0.1875 164
0.5416666666666666 0.1875 177
0.5833333333333333 0.1875 157
0.625 0.1875 163
0.6666666666666666 0.1875 160
0.7083333333333333 0.1875 207
0.75 0.1875 203
0.7916666666666666 0.1875 127
0.8333333333333333 0.1875 138
0.875 0.1875 197
0.9166666666666666 0.1875 83
0.9583333333333333 0.1875 81
1.0 0.1875 72
0.0 0.20833333333333331 184
0.041666666666666664 0.20833333333333331 194
0.08333333333333333 0.20833333333333331 208
0.125 0.20833333333333331 191
0.16666666666666666 0.20833333333333331 183
0.20833333333333331 0.20833333333333331 173
0.25 0.20833333333333331 182
0.29166666666666663 0.20833333333333331 177
0.3333333333333333 0.20833333333333331 201
0.375 0.20833333333333331 162
0.41666666666666663 0.20833333333333331 173
0.4583333333333333 0.20833333333333331 168
0.5 0.20833333333333331 166
0.5416666666666666 0.20833333333333331 171
0.5833333333333333 0.20833333333333331 177
0.625 0.20833333333333331 178
0.6666666666666666 0.20833333333333331 163
0.7083333333333333 0.20833333333333331 144
0.75 0.20833333333333331 143
0.7916666666666666 0.20833333333333331 165
0.8333333333333333 0.20833333333333331 112
0.875 0.20833333333333331 90
0.9166666666666666 0.20833333333333331 95
0.9583333333333333 0.20833333333333331 137
1.0 0.20833333333333331 167
0.0 0.22916666666666666 214
0.041666666666666664 0.22916666666666666 201
0.08333333333333333 0.22916666666666666 179
0.125 0.22916666666666666 186
0.16666666666666666 0.22916666666666666 188
0.20833333333333331 0.22916666666666666 204
0.25 0.22916666666666666 196
0.29166666666666663 0.22916666666666666 167
0.3333333333333333 0.22916666666666666 0
0.375 0.22916666666666666 180
0.41666666666666663 0.22916666666666666 175
0.4583333333333333 0.22916666666666666 168
0.5 0.22916666666666666 182
0.5416666666666666 0.22916666666666666 196
0.5833333333333333 0.22916666666666666 167
0.625 0.22916666666666666 160
0.6666666666666666 0.22916666666666666 162
0.7083333333333333 0.22916666666666666 162
0.75 0.22916666666666666 171
0.7916666666666666 0.22916666666666666 120
0.8333333333333333 0.22916666666666666 153
0.875 0.22916666666666666 174
0.9166666666666666 0.22916666666666666 98
0.9583333333333333 0.22916666666666666 79
1.0 0.22916666666666666 124
0.0 0.25 183
0.041666666666666664 0.25 184
0.08333333333333333 0.25 190
0.125 0.25 194
0.16666666666666666 0.25 160
0.20833333333333331 0.25 200
0.25 0.25 181
0.29166666666666663 0.25 189
0.3333333333333333 0.25 162
0.375 0.25 165
0.41666666666666663 0.25 199
0.4583333333333333 0.25 155
0.5 0.25 185
0.5416666666666666 0.25 181
0.5833333333333333 0.25 160
0.625 0.25 154
0.6666666666666666 0.25 153
0.7083333333333333 0.25 141
0.75 0.25 1
0.7916666666666666 0.25 133
0.8333333333333333 0.25 143
0.875 0.25 176
0.9166666666666666 0.25 186
0.9583333333333333 0.25 229
1.0 0.25 196
0.0 0.2708333333333333 162
0.041666666666666664 0.2708333333333333 178
0.08333333333333333 0.2708333333333333 229
0.125 0.2708333333333333 185
0.16666666666666666 0.2708333333333333 187
0.20833333333333331 0.2708333333333333 167
0.25 0.2708333333333333 196
0.29166666666666663 0.2708333333333333 200
0.3333333333333333 0.2708333333333333 188
0.375 0.2708333333333333 174
0.41666666666666663 0.2708333333333333 171
0.4583333333333333 0.2708333333333333 162
0.5 0.2708333333333333 188
0.5416666666666666 0.2708333333333333 152
0.5833333333333333 0.2708333333333333 201
0.625 0.2708333333333333 178
0.6666666666666666 0.2708333333333333 189
0.7083333333333333 0.2708333333333333 133
0.75 0.2708333333333333 151
0.7916666666666666 0.2708333333333333 130
0.8333333333333333 0.2708333333333333 153
0.875 0.2708333333333333 129
0.9166666666666666 0.2708333333333333 168
0.9583333333333333 0.2708333333333333 177
1.0 0.2708333333333333 196
0.0 0.29166666666666663 195
0.041666666666666664 0.29166666666666663 165
0.08333333333333333 0.29166666666666663 187
0.125 0.29166666666666663 177
0.16666666666666666 0.29166666666666663 195
0.20833333333333331 0.29166666666666663 162
0.25 0.29166666666666663 197
0.29166666666666663 0.29166666666666663 185
0.3333333333333333 0.29166666666666663 197
0.375 0.29166666666666663 157
0.41666666666666663 0.29166666666666663 186
0.4583333333333333 0.29166666666666663 204
0.5 0.29166666666666663 180
0.5416666666666666 0.29166666666666663 180
0.5833333333333333 0.29166666666666663 145
0.625 0.29166666666666663 158
0.6666666666666666 0.29166666666666663 153
0.7083333333333333 0.29166666666666663 148
0.75 0.29166666666666663 185
0.7916666666666666 0.29166666666666663 210
0.8333333333333333 0.29166666666666663 208
0.875 0.29166666666666663 93
0.9166666666666666 0.29166666666666663 171
0.9583333333333333 0.29166666666666663 86
1.0 0.29166666666666663 163
0.0 0.3125 206
0.041666666666666664 0.3125 185
0.08333333333333333 0.3125 166
0.125 0.3125 202
0.16666666666666666 0.3125 177
0.20833333333333331 0.3125 172
0.25 0.3125 178
0.29166666666666663 0.3125 217
0.3333333333333333 0.3125 184
0.375 0.3125 201
0.41666666666666663 0.3125 179
0.4583333333333333 0.3125 191
0.5 0.3125 181
0.5416666666666666 0.3125 195
0.5833333333333333 0.3125 194
0.625 0.3125 164
0.6666666666666666 0.3125 190
0.7083333333333333 0.3125 189
0.75 0.3125 137
0.7916666666666666 0.3125 188
0.8333333333333333 0.3125 179
0.875 0.3125 192
0.9166666666666666 0.3125 102
0.9583333333333333 0.3125 126
1.0 0.3125 184
0.0 0.3333333333333333 198
0.041666666666666664 0.3333333333333333 214
0.08333333333333333 0.3333333333333333 175
0.125 0.3333333333333333 173
0.16666666666666666 0.3333333333333333 191
0.20833333333333331 0.3333333333333333 198
0.25 0.3333333333333333 191
0.29166666666666663 0.3333333333333333 198
0.3333333333333333 0.3333333333333333 203
0.375 0.3333333333333333 185
0.41666666666666663 0.3333333333333333 156
0.4583333333333333 0.3333333333333333 171
0.5 0.3333333333333333 163
0.5416666666666666 0.3333333333333333 188
0.5833333333333333 0.3333333333333333 172
0.625 0.3333333333333333 215
0.6666666666666666 0.3333333333333333 172
0.7083333333333333 0.3333333333333333 180
0.75 0.3333333333333333 162
0.7916666666666666 0.3333333333333333 173
0.8333333333333333 0.3333333333333333 197
0.875 0.3333333333333333 160
0.9166666666666666 0.3333333333333333 194
0.9583333333333333 0.3333333333333333 149
1.0 0.3333333333333333 200
0.0 0.35416666666666663 180
0.041666666666666664 0.35416666666666663 188
0.08333333333333333 0.35416666666666663 207
0.125 0.35416666666666663 183
0.16666666666666666 0.35416666666666663 208
0.20833333333333331 0.35416666666666663 180
0.25 0.35416666666666663 175
0.29166666666666663 0.35416666666666663 215
0.3333333333333333 0.35416666666666663 179
0.375 0.35416666666666663 208
0.41666666666666663 0.35416666666666663 181
0.4583333333333333 0.35416666666666663 186
0.5 0.35416666666666663 172
0.5416666666666666 0.35416666666666663 184
0.5833333333333333 0.35416666666666663 178
0.625 0.35416666666666663 174
0.6666666666666666 0.35416666666666663 143
0.7083333333333333 0.35416666666666663 210
0.75 0.35416666666666663 183
0.7916666666666666 0.35416666666666663 122
0.8333333333333333 0.35416666666666663 170
0.875 0.35416666666666663 109
0.9166666666666666 0.35416666666666663 97
0.9583333333333333 0.35416666666666663 142
1.0 0.35416666666666663 187
0.0 0.375 207
0.041666666666666664 0.375 206
0.08333333333333333 0.375 188
0.125 0.375 179
0.16666666666666666 0.375 209
0.20833333333333331 0.375 198
0.25 0.375 186
0.29166666666666663 0.375 192
0.3333333333333333 0.375 195
0.375 0.375 191
0.41666666666666663 0.375 174
0.4583333333333333 0.375 199
0.5 0.375 189
0.5416666666666666 0.375 169
0.5833333333333333 0.375 170
0.625 0.375 183
0.6666666666666666 0.375 148
0.7083333333333333 0.375 178
0.75 0.375 167
0.7916666666666666 0.375 168
0.8333333333333333 0.375 127
0.875 0.375 118
0.9166666666666666 0.375 143
0.9583333333333333 0.375 150
1.0 0.375 158
0.0 0.3958333333333333 203
0.041666666666666664 0.3958333333333333 190
0.08333333333333333 0.3958333333333333 194
0.125 0.3958333333333333 188
0.16666666666666666 0.3958333333333333 187
0.20833333333333331 0.3958333333333333 188
0.25 0.3958333333333333 189
0.29166666666666663 0.3958333333333333 169
0.3333333333333333 0.3958333333333333 178
0.375 0.3958333333333333 223
0.41666666666666663 0.3958333333333333 170
0.4583333333333333 0.3958333333333333 176
0.5 0.3958333333333333 174
0.5416666666666666 0.3958333333333333 175
0.5833333333333333 0.3958333333333333 197
0.625 0.3958333333333333 165
0.6666666666666666 0.3958333333333333 195
0.7083333333333333 0.3958333333333333 153
0.75 0.3958333333333333 191
0.7916666666666666 0.3958333333333333 167
0.8333333333333333 0.3958333333333333 182
0.875 0.3958333333333333 169
0.9166666666666666 0.3958333333333333 167
0.9583333333333333 0.3958333333333333 189
1.0 0.3958333333333333 199
0.0 0.41666666666666663 162
0.041666666666666664 0.41666666666666663 190
0.08333333333333333 0.41666666666666663 216
0.125 0.41666666666666663 184
0.16666666666666666 0.41666666666666663 182
0.20833333333333331 0.41666666666666663 179
0.25 0.41666666666666663 191
0.29166666666666663 0.41666666666666663 180
0.3333333333333333 0.41666666666666663 182
0.375 0.41666666666666663 191
0.41666666666666663 0.41666666666666663 159
0.4583333333333333 0.41666666666666663 205
0.5 0.41666666666666663 181
0.5416666666666666 0.41666666666666663 190
0.5833333333333333 0.41666666666666663 208
0.625 0.41666666666666663 180
0.6666666666666666 0.41666666666666663 174
0.7083333333333333 0.41666666666666663 199
0.75 0.41666666666666663 201
0.7916666666666666 0.41666666666666663 193
0.8333333333333333 0.41666666666666663 185
0.875 0.41666666666666663 206
0.9166666666666666 0.41666666666666663 184
0.9583333333333333 0.41666666666666663 156
1.0 0.41666666666666663 130
0.0 0.4375 197
0.041666666666666664 0.4375 184
0.08333333333333333 0.4375 180
0.125 0.4375 213
0.16666666666666666 0.4375 190
0.20833333333333331 0.4375 221
0.25 0.4375 211
0.29166666666666663 0.4375 215
0.3333333333333333 0.4375 179
0.375 0.4375 185
0.41666666666666663 0.4375 209
0.4583333333333333 0.4375 178
0.5 0.4375 193
0.5416666666666666 0.4375 193
0.5833333333333333 0.4375 173
0.625 0.4375 160
0.6666666666666666 0.4375 181
0.7083333333333333 0.4375 179
0.75 0.4375 158
0.7916666666666666 0.4375 172
0.8333333333333333 0.4375 191
0.875 0.4375 197
0.9166666666666666 0.4375 205
0.9583333333333333 0.4375 204
1.0 0.4375 203
0.0 0.4583333333333333 178
0.041666666666666664 0.4583333333333333 201
0.08333333333333333 0.4583333333333333 193
0.125 0.4583333333333333 198
0.16666666666666666 0.4583333333333333 187
0.20833333333333331 0.4583333333333333 174
0.25 0.4583333333333333 175
0.29166666666666663 0.4583333333333333 153
0.3333333333333333 0.4583333333333333 180
0.375 0.4583333333333333 199
0.41666666666666663 0.4583333333333333 177
0.4583333333333333 0.4583333333333333 165
0.5 0.4583333333333333 167
0.5416666666666666 0.4583333333333333 179
0.5833333333333333 0.4583333333333333 209
0.625 0.4583333333333333 198
0.6666666666666666 0.4583333333333333 172
0.7083333333333333 0.4583333333333333 160
0.75 0.4583333333333333 182
0.7916666666666666 0.4583333333333333 232
0.8333333333333333 0.4583333333333333 168
0.875 0.4583333333333333 220
0.9166666666666666 0.4583333333333333 187
0.9583333333333333 0.4583333333333333 189
1.0 0.4583333333333333 176
0.0 0.47916666666666663 205
0.041666666666666664 0.47916666666666663 215
0.08333333333333333 0.47916666666666663 175
0.125 0.47916666666666663 175
0.16666666666666666 0.47916666666666663 172
0.20833333333333331 0.47916666666666663 197
0.25 0.47916666666666663 188
0.29166666666666663 0.47916666666666663 185
0.3333333333333333 0.47916666666666663 203
0.375 0.47916666666666663 202
0.41666666666666663 0.47916666666666663 183
0.4583333333333333 0.47916666666666663 192
0.5 0.47916666666666663 191
0.5416666666666666 0.47916666666666663 188
0.5833333333333333 0.47916666666666663 178
0.625 0.47916666666666663 157
0.6666666666666666 0.47916666666666663 143
0.7083333333333333 0.47916666666666663 178
0.75 0.47916666666666663 140
0.7916666666666666 0.47916666666666663 197
0.8333333333333333 0.47916666666666663 199
0.875 0.47916666666666663 199
0.9166666666666666 0.47916666666666663 134
0.9583333333333333 0.47916666666666663 183
1.0 0.47916666666666663 130
0.0 0.5 200
0.041666666666666664 0.5 201
0.08333333333333333 0.5 195
0.125 0.5 230
0.16666666666666666 0.5 211
0.20833333333333331 0.5 159
0.25 0.5 200
0.29166666666666663 0.5 203
0.3333333333333333 0.5 202
0.375 0.5 199
0.41666666666666663 0.5 171
0.4583333333333333 0.5 180
0.5 0.5 190
0.5416666666666666 0.5 171
0.5833333333333333 0.5 167
0.625 0.5 163
0.6666666666666666 0.5 186
0.7083333333333333 0.5 195
0.75 0.5 219
0.7916666666666666 0.5 206
0.8333333333333333 0.5 205
0.875 0.5 203
0.9166666666666666 0.5 148
0.9583333333333333 0.5 173
1.0 0.5 175
