0.0 0.0 208
0.041666666666666664 0.0 186
0.08333333333333333 0.0 167
0.125 0.0 150
0.16666666666666666 0.0 188
0.20833333333333331 0.0 192
0.25 0.0 202
0.29166666666666663 0.0 183
0.3333333333333333 0.0 184
0.375 0.0 137
0.41666666666666663 0.0 171
0.4583333333333333 0.0 161
0.5 0.0 159
0.5416666666666666 0.0 157
0.5833333333333333 0.0 154
0.625 0.0 162
0.6666666666666666 0.0 150
0.7083333333333333 0.0 161
0.75 0.0 114
0.7916666666666666 0.0 131
0.8333333333333333 0.0 122
0.875 0.0 0
0.9166666666666666 0.0 72
0.9583333333333333 0.0 37
1.0 0.0 0
0.0 0.020833333333333332 201
0.041666666666666664 0.020833333333333332 193
0.08333333333333333 0.020833333333333332 193
0.125 0.020833333333333332 216
0.16666666666666666 0.020833333333333332 185
0.20833333333333331 0.020833333333333332 163
0.25 0.020833333333333332 184
0.29166666666666663 0.020833333333333332 186
0.3333333333333333 0.020833333333333332 164
0.375 0.020833333333333332 189
0.41666666666666663 0.020833333333333332 156
0.4583333333333333 0.020833333333333332 181
0.5 0.020833333333333332 155
0.5416666666666666 0.020833333333333332 181
0.5833333333333333 0.020833333333333332 177
0.625 0.020833333333333332 169
0.6666666666666666 0.020833333333333332 138
0.7083333333333333 0.020833333333333332 153
0.75 0.020833333333333332 154
0.7916666666666666 0.020833333333333332 143
0.8333333333333333 0.020833333333333332 106
0.875 0.020833333333333332 90
0.9166666666666666 0.020833333333333332 86
0.9583333333333333 0.020833333333333332 32
1.0 0.020833333333333332 12
0.0 0.041666666666666664 199
0.041666666666666664 0.041666666666666664 185
0.08333333333333333 0.041666666666666664 162
0.125 0.041666666666666664 174
0.16666666666666666 0.041666666666666664 160
0.20833333333333331 0.041666666666666664 190
0.25 0.041666666666666664 169
0.29166666666666663 0.041666666666666664 171
0.3333333333333333 0.041666666666666664 165
0.375 0.041666666666666664 176
0.41666666666666663 0.041666666666666664 185
0.4583333333333333 0.041666666666666664 177
0.5 0.041666666666666664 159
0.5416666666666666 0.041666666666666664 176
0.5833333333333333 0.041666666666666664 152
0.625 0.041666666666666664 147
0.6666666666666666 0.041666666666666664 154
0.7083333333333333 0.041666666666666664 163
0.75 0.041666666666666664 114
0.7916666666666666 0.041666666666666664 133
0.8333333333333333 0.041666666666666664 110
0.875 0.041666666666666664 91
0.9166666666666666 0.041666666666666664 97
0.9583333333333333 0.041666666666666664 69
1.0 0.041666666666666664 94
0.0 0.0625 225
0.041666666666666664 0.0625 199
0.08333333333333333 0.0625 167
0.125 0.0625 162
0.16666666666666666 0.0625 159
0.20833333333333331 0.0625 158
0.25 0.0625 188
0.29166666666666663 0.0625 195
0.3333333333333333 0.0625 171
0.375 0.0625 166
0.41666666666666663 0.0625 153
0.4583333333333333 0.0625 178
0.5 0.0625 177
0.5416666666666666 0.0625 156
0.5833333333333333 0.0625 166
0.625 0.0625 154
0.6666666666666666 0.0625 147
0.7083333333333333 0.0625 150
0.75 0.0625 125
0.7916666666666666 0.0625 135
0.8333333333333333 0.0625 123
0.875 0.0625 97
0.9166666666666666 0.0625 80
0.9583333333333333 0.0625 47
1.0 0.0625 36
0.0 0.08333333333333333 188
0.041666666666666664 0.08333333333333333 204
0.08333333333333333 0.08333333333333333 206
0.125 0.08333333333333333 205
0.16666666666666666 0.08333333333333333 167
0.20833333333333331 0.08333333333333333 176
0.25 0.08333333333333333 163
0.29166666666666663 0.08333333333333333 180
0.3333333333333333 0.08333333333333333 170
0.375 0.08333333333333333 171
0.41666666666666663 0.08333333333333333 197
0.4583333333333333 0.08333333333333333 160
0.5 0.08333333333333333 151
0.5416666666666666 0.08333333333333333 176
0.5833333333333333 0.08333333333333333 141
0.625 0.08333333333333333 161
0.6666666666666666 0.08333333333333333 162
0.7083333333333333 0.08333333333333333 134
0.75 0.08333333333333333 129
0.7916666666666666 0.08333333333333333 122
0.8333333333333333 0.08333333333333333 121
0.875 0.08333333333333333 98
0.9166666666666666 0.08333333333333333 102
0.9583333333333333 0.08333333333333333 135
1.0 0.08333333333333333 78
0.0 0.10416666666666666 197
0.041666666666666664 0.10416666666666666 199
0.08333333333333333 0.10416666666666666 211
0.125 0.10416666666666666 188
0.16666666666666666 0.10416666666666666 185
0.20833333333333331 0.10416666666666666 178
0.25 0.10416666666666666 179
0.29166666666666663 0.10416666666666666 178
0.3333333333333333 0.10416666666666666 181
0.375 0.10416666666666666 186
0.41666666666666663 0.10416666666666666 150
0.4583333333333333 0.10416666666666666 166
0.5 0.10416666666666666 179
0.5416666666666666 0.10416666666666666 171
0.5833333333333333 0.10416666666666666 151
0.625 0.10416666666666666 153
0.6666666666666666 0.10416666666666666 156
0.7083333333333333 0.10416666666666666 152
0.75 0.10416666666666666 125
0.7916666666666666 0.10416666666666666 112
0.8333333333333333 0.10416666666666666 133
0.875 0.10416666666666666 117
0.9166666666666666 0.10416666666666666 69
0.9583333333333333 0.10416666666666666 99
1.0 0.10416666666666666 40
0.0 0.125 184
0.041666666666666664 0.125 176
0.08333333333333333 0.125 159
0.125 0.125 184
0.16666666666666666 0.125 162
0.20833333333333331 0.125 185
0.25 0.125 184
0.29166666666666663 0.125 188
0.3333333333333333 0.125 161
0.375 0.125 168
0.41666666666666663 0.125 179
0.4583333333333333 0.125 200
0.5 0.125 145
0.5416666666666666 0.125 163
0.5833333333333333 0.125 157
0.625 0.125 132
0.6666666666666666 0.125 129
0.7083333333333333 0.125 179
0.75 0.125 148
0.7916666666666666 0.125 144
0.8333333333333333 0.125 109
0.875 0.125 114
0.9166666666666666 0.125 75
0.9583333333333333 0.125 42
1.0 0.125 166
0.0 0.14583333333333331 184
0.041666666666666664 0.14583333333333331 193
0.08333333333333333 0.14583333333333331 199
0.125 0.14583333333333331 160
0.16666666666666666 0.14583333333333331 186
0.20833333333333331 0.14583333333333331 204
0.25 0.14583333333333331 177
0.29166666666666663 0.14583333333333331 180
0.3333333333333333 0.14583333333333331 169
0.375 0.14583333333333331 177
0.41666666666666663 0.14583333333333331 159
0.4583333333333333 0.14583333333333331 186
0.5 0.14583333333333331 183
0.5416666666666666 0.14583333333333331 180
0.5833333333333333 0.14583333333333331 165
0.625 0.14583333333333331 181
0.6666666666666666 0.14583333333333331 168
0.7083333333333333 0.14583333333333331 158
0.75 0.14583333333333331 132
0.7916666666666666 0.14583333333333331 120
0.8333333333333333 0.14583333333333331 133
0.875 0.14583333333333331 91
0.9166666666666666 0.14583333333333331 111
0.9583333333333333 0.14583333333333331 68
1.0 0.14583333333333331 127
0.0 0.16666666666666666 174
0.041666666666666664 0.16666666666666666 191
0.08333333333333333 0.16666666666666666 172
0.125 0.16666666666666666 207
0.16666666666666666 0.16666666666666666 201
0.20833333333333331 0.16666666666666666 164
0.25 0.16666666666666666 203
0.29166666666666663 0.16666666666666666 175
0.3333333333333333 0.16666666666666666 190
0.375 0.16666666666666666 181
0.41666666666666663 0.16666666666666666 215
0.4583333333333333 0.16666666666666666 174
0.5 0.16666666666666666 161
0.5416666666666666 0.16666666666666666 159
0.5833333333333333 0.16666666666666666 146
0.625 0.16666666666666666 170
0.6666666666666666 0.16666666666666666 126
0.7083333333333333 0.16666666666666666 129
0.75 0.16666666666666666 134
0.7916666666666666 0.16666666666666666 149
0.8333333333333333 0.16666666666666666 124
0.875 0.16666666666666666 161
0.9166666666666666 0.16666666666666666 170
0.9583333333333333 0.16666666666666666 114
1.0 0.16666666666666666 155
0.0 0.1875 195
0.041666666666666664 0.1875 214
0.08333333333333333 0.1875 182
0.125 0.1875 198
0.16666666666666666 0.1875 181
0.20833333333333331 0.1875 192
0.25 0.1875 169
0.29166666666666663 0.1875 183
0.3333333333333333 0.1875 176
0.375 0.1875 198
0.41666666666666663 0.1875 181
0.4583333333333333 0.1875 175
0.5 0.1875 162
0.5416666666666666 0.1875 164
0.5833333333333333 0.1875 165
0.625 0.1875 144
0.6666666666666666 0.1875 157
0.7083333333333333 0.1875 150
0.75 0.1875 142
0.7916666666666666 0.1875 181
0.8333333333333333 0.1875 152
0.875 0.1875 96
0.9166666666666666 0.1875 182
0.9583333333333333 0.1875 101
1.0 0.1875 167
0.0 0.20833333333333331 221
0.041666666666666664 0.20833333333333331 183
0.08333333333333333 0.20833333333333331 166
0.125 0.20833333333333331 179
0.16666666666666666 0.20833333333333331 185
0.20833333333333331 0.20833333333333331 215
0.25 0.20833333333333331 216
0.29166666666666663 0.20833333333333331 200
0.3333333333333333 0.20833333333333331 186
0.375 0.20833333333333331 184
0.41666666666666663 0.20833333333333331 172
0.4583333333333333 0.20833333333333331 188
0.5 0.20833333333333331 168
0.5416666666666666 0.20833333333333331 159
0.5833333333333333 0.20833333333333331 152
0.625 0.20833333333333331 159
0.6666666666666666 0.20833333333333331 198
0.7083333333333333 0.20833333333333331 151
0.75 0.20833333333333331 156
0.7916666666666666 0.20833333333333331 153
0.8333333333333333 0.20833333333333331 122
0.875 0.20833333333333331 177
0.9166666666666666 0.20833333333333331 92
0.9583333333333333 0.20833333333333331 207
1.0 0.20833333333333331 163
0.0 0.22916666666666666 185
0.041666666666666664 0.22916666666666666 172
0.08333333333333333 0.22916666666666666 207
0.125 0.22916666666666666 193
0.16666666666666666 0.22916666666666666 206
0.20833333333333331 0.22916666666666666 164
0.25 0.22916666666666666 203
0.29166666666666663 0.22916666666666666 186
0.3333333333333333 0.22916666666666666 169
0.375 0.22916666666666666 203
0.41666666666666663 0.22916666666666666 152
0.4583333333333333 0.22916666666666666 170
0.5 0.22916666666666666 153
0.5416666666666666 0.22916666666666666 198
0.5833333333333333 0.22916666666666666 156
0.625 0.22916666666666666 192
0.6666666666666666 0.22916666666666666 182
0.7083333333333333 0.22916666666666666 133
0.75 0.22916666666666666 151
0.7916666666666666 0.22916666666666666 169
0.8333333333333333 0.22916666666666666 136
0.875 0.22916666666666666 95
0.9166666666666666 0.22916666666666666 168
0.9583333333333333 0.22916666666666666 148
1.0 0.22916666666666666 50
0.0 0.25 194
0.041666666666666664 0.25 177
0.08333333333333333 0.25 175
0.125 0.25 207
0.16666666666666666 0.25 169
0.20833333333333331 0.25 179
0.25 0.25 206
0.29166666666666663 0.25 157
0.3333333333333333 0.25 193
0.375 0.25 166
0.41666666666666663 0.25 196
0.4583333333333333 0.25 172
0.5 0.25 173
0.5416666666666666 0.25 186
0.5833333333333333 0.25 170
0.625 0.25 202
0.6666666666666666 0.25 163
0.7083333333333333 0.25 190
0.75 0.25 168
0.7916666666666666 0.25 123
0.8333333333333333 0.25 108
0.875 0.25 139
0.9166666666666666 0.25 149
0.9583333333333333 0.25 175
1.0 0.25 178
0.0 0.2708333333333333 203
0.041666666666666664 0.2708333333333333 212
0.08333333333333333 0.2708333333333333 189
0.125 0.2708333333333333 0
0.16666666666666666 0.2708333333333333 182
0.20833333333333331 0.2708333333333333 197
0.25 0.2708333333333333 189
0.29166666666666663 0.2708333333333333 187
0.3333333333333333 0.2708333333333333 218
0.375 0.2708333333333333 186
0.41666666666666663 0.2708333333333333 191
0.4583333333333333 0.2708333333333333 221
0.5 0.2708333333333333 154
0.5416666666666666 0.2708333333333333 193
0.5833333333333333 0.2708333333333333 203
0.625 0.2708333333333333 156
0.6666666666666666 0.2708333333333333 178
0.7083333333333333 0.2708333333333333 157
0.75 0.2708333333333333 166
0.7916666666666666 0.2708333333333333 152
0.8333333333333333 0.2708333333333333 130
0.875 0.2708333333333333 207
0.9166666666666666 0.2708333333333333 127
0.9583333333333333 0.2708333333333333 193
1.0 0.2708333333333333 167
0.0 0.29166666666666663 195
0.041666666666666664 0.29166666666666663 202
0.08333333333333333 0.29166666666666663 188
0.125 0.29166666666666663 195
0.16666666666666666 0.29166666666666663 183
0.20833333333333331 0.29166666666666663 176
0.25 0.29166666666666663 220
0.29166666666666663 0.29166666666666663 183
0.3333333333333333 0.29166666666666663 185
0.375 0.29166666666666663 171
0.41666666666666663 0.29166666666666663 175
0.4583333333333333 0.29166666666666663 176
0.5 0.29166666666666663 207
0.5416666666666666 0.29166666666666663 164
0.5833333333333333 0.29166666666666663 177
0.625 0.29166666666666663 226
0.6666666666666666 0.29166666666666663 183
0.7083333333333333 0.29166666666666663 142
0.75 0.29166666666666663 154
0.7916666666666666 0.29166666666666663 178
0.8333333333333333 0.29166666666666663 190
0.875 0.29166666666666663 198
0.9166666666666666 0.29166666666666663 214
0.9583333333333333 0.29166666666666663 88
1.0 0.29166666666666663 193
0.0 0.3125 203
0.041666666666666664 0.3125 197
0.08333333333333333 0.3125 185
0.125 0.3125 159
0.16666666666666666 0.3125 190
0.20833333333333331 0.3125 167
0.25 0.3125 180
0.29166666666666663 0.3125 186
0.3333333333333333 0.3125 198
0.375 0.3125 194
0.41666666666666663 0.3125 199
0.4583333333333333 0.3125 193
0.5 0.3125 216
0.5416666666666666 0.3125 184
0.5833333333333333 0.3125 162
0.625 0.3125 170
0.6666666666666666 0.3125 194
0.7083333333333333 0.3125 146
0.75 0.3125 163
0.7916666666666666 0.3125 176
0.8333333333333333 0.3125 207
0.875 0.3125 129
0.9166666666666666 0.3125 124
0.9583333333333333 0.3125 73
1.0 0.3125 188
0.0 0.3333333333333333 184
0.041666666666666664 0.3333333333333333 181
0.08333333333333333 0.3333333333333333 220
0.125 0.3333333333333333 204
0.16666666666666666 0.3333333333333333 192
0.20833333333333331 0.3333333333333333 201
0.25 0.3333333333333333 190
0.29166666666666663 0.3333333333333333 1
0.3333333333333333 0.3333333333333333 188
0.375 0.3333333333333333 195
0.41666666666666663 0.3333333333333333 178
0.4583333333333333 0.3333333333333333 178
0.5 0.3333333333333333 150
0.5416666666666666 0.3333333333333333 175
0.5833333333333333 0.3333333333333333 157
0.625 0.3333333333333333 223
0.6666666666666666 0.3333333333333333 155
0.7083333333333333 0.3333333333333333 183
0.75 0.3333333333333333 198
0.7916666666666666 0.3333333333333333 182
0.8333333333333333 0.3333333333333333 137
0.875 0.3333333333333333 221
0.9166666666666666 0.3333333333333333 105
0.9583333333333333 0.3333333333333333 130
1.0 0.3333333333333333 169
0.0 0.35416666666666663 200
0.041666666666666664 0.35416666666666663 191
0.08333333333333333 0.35416666666666663 215
0.125 0.35416666666666663 180
0.16666666666666666 0.35416666666666663 213
0.20833333333333331 0.35416666666666663 170
0.25 0.35416666666666663 186
0.29166666666666663 0.35416666666666663 190
0.3333333333333333 0.35416666666666663 179
0.375 0.35416666666666663 176
0.41666666666666663 0.35416666666666663 147
0.4583333333333333 0.35416666666666663 166
0.5 0.35416666666666663 166
0.5416666666666666 0.35416666666666663 179
0.5833333333333333 0.35416666666666663 191
0.625 0.35416666666666663 143
0.6666666666666666 0.35416666666666663 144
0.7083333333333333 0.35416666666666663 177
0.75 0.35416666666666663 170
0.7916666666666666 0.35416666666666663 181
0.8333333333333333 0.35416666666666663 146
0.875 0.35416666666666663 118
0.9166666666666666 0.35416666666666663 209
0.9583333333333333 0.35416666666666663 188
1.0 0.35416666666666663 192
0.0 0.375 185
0.041666666666666664 0.375 174
0.08333333333333333 0.375 190
0.125 0.375 183
0.16666666666666666 0.375 201
0.20833333333333331 0.375 183
0.25 0.375 174
0.29166666666666663 0.375 192
0.3333333333333333 0.375 182
0.375 0.375 186
0.41666666666666663 0.375 210
0.4583333333333333 0.375 160
0.5 0.375 169
0.5416666666666666 0.375 170
0.5833333333333333 0.375 185
0.625 0.375 183
0.6666666666666666 0.375 147
0.7083333333333333 0.375 158
0.75 0.375 147
0.7916666666666666 0.375 152
0.8333333333333333 0.375 195
0.875 0.375 186
0.9166666666666666 0.375 220
0.9583333333333333 0.375 193
1.0 0.375 130
0.0 0.3958333333333333 188
0.041666666666666664 0.3958333333333333 210
0.08333333333333333 0.3958333333333333 209
0.125 0.3958333333333333 162
0.16666666666666666 0.3958333333333333 170
0.20833333333333331 0.3958333333333333 174
0.25 0.3958333333333333 184
0.29166666666666663 0.3958333333333333 192
0.3333333333333333 0.3958333333333333 186
0.375 0.3958333333333333 188
0.41666666666666663 0.3958333333333333 186
0.4583333333333333 0.3958333333333333 177
0.5 0.3958333333333333 160
0.5416666666666666 0.3958333333333333 185
0.5833333333333333 0.3958333333333333 187
0.625 0.3958333333333333 200
0.6666666666666666 0.3958333333333333 154
0.7083333333333333 0.3958333333333333 194
0.75 0.3958333333333333 186
0.7916666666666666 0.3958333333333333 175
0.8333333333333333 0.3958333333333333 201
0.875 0.3958333333333333 163
0.9166666666666666 0.3958333333333333 174
0.9583333333333333 0.3958333333333333 147
1.0 0.3958333333333333 141
0.0 0.41666666666666663 175
0.041666666666666664 0.41666666666666663 193
0.08333333333333333 0.41666666666666663 199
0.125 0.41666666666666663 199
0.16666666666666666 0.41666666666666663 205
0.20833333333333331 0.41666666666666663 190
0.25 0.41666666666666663 198
0.29166666666666663 0.41666666666666663 166
0.3333333333333333 0.41666666666666663 188
0.375 0.41666666666666663 209
0.41666666666666663 0.41666666666666663 163
0.4583333333333333 0.41666666666666663 205
0.5 0.41666666666666663 176
0.5416666666666666 0.41666666666666663 207
0.5833333333333333 0.41666666666666663 158
0.625 0.41666666666666663 168
0.6666666666666666 0.41666666666666663 180
0.7083333333333333 0.41666666666666663 206
0.75 0.41666666666666663 181
0.7916666666666666 0.41666666666666663 175
0.8333333333333333 0.41666666666666663 172
0.875 0.41666666666666663 134
0.9166666666666666 0.41666666666666663 164
0.9583333333333333 0.41666666666666663 182
1.0 0.41666666666666663 185
0.0 0.4375 197
0.041666666666666664 0.4375 186
0.08333333333333333 0.4375 185
0.125 0.4375 180
0.16666666666666666 0.4375 201
0.20833333333333331 0.4375 186
0.25 0.4375 201
0.29166666666666663 0.4375 167
0.3333333333333333 0.4375 197
0.375 0.4375 174
0.41666666666666663 0.4375 154
0.4583333333333333 0.4375 207
0.5 0.4375 178
0.5416666666666666 0.4375 152
0.5833333333333333 0.4375 164
0.625 0.4375 181
0.6666666666666666 0.4375 162
0.7083333333333333 0.4375 191
0.75 0.4375 149
0.7916666666666666 0.4375 177
0.8333333333333333 0.4375 206
0.875 0.4375 118
0.9166666666666666 0.4375 175
0.9583333333333333 0.4375 158
1.0 0.4375 182
0.0 0.4583333333333333 234
0.041666666666666664 0.4583333333333333 187
0.08333333333333333 0.4583333333333333 231
0.125 0.4583333333333333 189
0.16666666666666666 0.4583333333333333 204
0.20833333333333331 0.4583333333333333 203
0.25 0.4583333333333333 184
0.29166666666666663 0.4583333333333333 216
0.3333333333333333 0.4583333333333333 169
0.375 0.4583333333333333 170
0.41666666666666663 0.4583333333333333 204
0.4583333333333333 0.4583333333333333 193
0.5 0.4583333333333333 190
0.5416666666666666 0.4583333333333333 176
0.5833333333333333 0.4583333333333333 192
0.625 0.4583333333333333 146
0.6666666666666666 0.4583333333333333 146
0.7083333333333333 0.4583333333333333 221
0.75 0.4583333333333333 122
0.7916666666666666 0.4583333333333333 194
0.8333333333333333 0.4583333333333333 147
0.875 0.4583333333333333 172
0.9166666666666666 0.4583333333333333 201
0.9583333333333333 0.4583333333333333 184
1.0 0.4583333333333333 189
0.0 0.47916666666666663 200
0.041666666666666664 0.47916666666666663 185
0.08333333333333333 0.47916666666666663 200
0.125 0.47916666666666663 161
0.16666666666666666 0.47916666666666663 172
0.20833333333333331 0.47916666666666663 201
0.25 0.47916666666666663 159
0.29166666666666663 0.47916666666666663 154
0.3333333333333333 0.47916666666666663 183
0.375 0.47916666666666663 156
0.41666666666666663 0.47916666666666663 183
0.4583333333333333 0.47916666666666663 199
0.5 0.47916666666666663 154
0.5416666666666666 0.47916666666666663 198
0.5833333333333333 0.47916666666666663 198
0.625 0.47916666666666663 173
0.6666666666666666 0.47916666666666663 160
0.7083333333333333 0.47916666666666663 185
0.75 0.47916666666666663 170
0.7916666666666666 0.47916666666666663 171
0.8333333333333333 0.47916666666666663 157
0.875 0.47916666666666663 192
0.9166666666666666 0.47916666666666663 181
0.9583333333333333 0.47916666666666663 163
1.0 0.47916666666666663 176
0.0 0.5 198
0.041666666666666664 0.5 186
0.08333333333333333 0.5 183
0.125 0.5 179
0.16666666666666666 0.5 186
0.20833333333333331 0.5 213
0.25 0.5 188
0.29166666666666663 0.5 183
0.3333333333333333 0.5 179
0.375 0.5 215
0.41666666666666663 0.5 198
0.4583333333333333 0.5 198
0.5 0.5 212
0.5416666666666666 0.5 181
0.5833333333333333 0.5 185
0.625 0.5 166
0.6666666666666666 0.5 142
0.7083333333333333 0.5 146
0.75 0.5 191
0.7916666666666666 0.5 163
0.8333333333333333 0.5 118
0.875 0.5 156
0.9166666666666666 0.5 195
0.9583333333333333 0.5 187
1.0 0.5 143
