0.0 0.0 202
0.041666666666666664 0.0 184
0.08333333333333333 0.0 216
0.125 0.0 190
0.16666666666666666 0.0 152
0.20833333333333331 0.0 172
0.25 0.0 184
0.29166666666666663 0.0 167
0.3333333333333333 0.0 195
0.375 0.0 172
0.41666666666666663 0.0 171
0.4583333333333333 0.0 171
0.5 0.0 165
0.5416666666666666 0.0 177
0.5833333333333333 0.0 152
0.625 0.0 150
0.6666666666666666 0.0 146
0.7083333333333333 0.0 143
0.75 0.0 124
0.7916666666666666 0.0 124
0.8333333333333333 0.0 113
0.875 0.0 84
0.9166666666666666 0.0 1
0.9583333333333333 0.0 31
1.0 0.0 0
0.0 0.020833333333333332 208
0.041666666666666664 0.020833333333333332 168
0.08333333333333333 0.020833333333333332 191
0.125 0.020833333333333332 187
0.16666666666666666 0.020833333333333332 171
0.20833333333333331 0.020833333333333332 194
0.25 0.020833333333333332 179
0.29166666666666663 0.020833333333333332 174
0.3333333333333333 0.020833333333333332 192
0.375 0.020833333333333332 158
0.41666666666666663 0.020833333333333332 153
0.4583333333333333 0.020833333333333332 181
0.5 0.020833333333333332 146
0.5416666666666666 0.020833333333333332 155
0.5833333333333333 0.020833333333333332 164
0.625 0.020833333333333332 156
0.6666666666666666 0.020833333333333332 150
0.7083333333333333 0.020833333333333332 138
0.75 0.020833333333333332 139
0.7916666666666666 0.020833333333333332 123
0.8333333333333333 0.020833333333333332 99
0.875 0.020833333333333332 93
0.9166666666666666 0.020833333333333332 56
0.9583333333333333 0.020833333333333332 32
1.0 0.020833333333333332 6
0.0 0.041666666666666664 193
0.041666666666666664 0.041666666666666664 202
0.08333333333333333 0.041666666666666664 195
0.125 0.041666666666666664 174
0.16666666666666666 0.041666666666666664 184
0.20833333333333331 0.041666666666666664 206
0.25 0.041666666666666664 176
0.29166666666666663 0.041666666666666664 190
0.3333333333333333 0.041666666666666664 169
0.375 0.041666666666666664 176
0.41666666666666663 0.041666666666666664 203
0.4583333333333333 0.041666666666666664 164
0.5 0.041666666666666664 170
0.5416666666666666 0.041666666666666664 162
0.5833333333333333 0.041666666666666664 133
0.625 0.041666666666666664 169
0.6666666666666666 0.041666666666666664 146
0.7083333333333333 0.041666666666666664 152
0.75 0.041666666666666664 142
0.7916666666666666 0.041666666666666664 128
0.8333333333333333 0.041666666666666664 112
0.875 0.041666666666666664 82
0.9166666666666666 0.041666666666666664 100
0.9583333333333333 0.041666666666666664 34
1.0 0.041666666666666664 42
0.0 0.0625 206
0.041666666666666664 0.0625 184
0.08333333333333333 0.0625 200
0.125 0.0625 194
0.16666666666666666 0.0625 176
0.20833333333333331 0.0625 177
0.25 0.0625 164
0.29166666666666663 0.0625 175
0.3333333333333333 0.0625 161
0.375 0.0625 198
0.41666666666666663 0.0625 181
0.4583333333333333 0.0625 169
0.5 0.0625 172
0.5416666666666666 0.0625 165
0.5833333333333333 0.0625 160
0.625 0.0625 155
0.6666666666666666 0.0625 142
0.7083333333333333 0.0625 159
0.75 0.0625 166
0.7916666666666666 0.0625 138
0.8333333333333333 0.0625 122
0.875 0.0625 94
0.9166666666666666 0.0625 77
0.9583333333333333 0.0625 81
1.0 0.0625 26
0.0 0.08333333333333333 220
0.041666666666666664 0.08333333333333333 185
0.08333333333333333 0.08333333333333333 199
0.125 0.08333333333333333 154
0.16666666666666666 0.08333333333333333 194
0.20833333333333331 0.08333333333333333 190
0.25 0.08333333333333333 175
0.29166666666666663 0.08333333333333333 171
0.3333333333333333 0.08333333333333333 172
0.375 0.08333333333333333 180
0.41666666666666663 0.08333333333333333 154
0.4583333333333333 0.08333333333333333 167
0.5 0.08333333333333333 184
0.5416666666666666 0.08333333333333333 167
0.5833333333333333 0.08333333333333333 163
0.625 0.08333333333333333 171
0.6666666666666666 0.08333333333333333 161
0.7083333333333333 0.08333333333333333 152
0.75 0.08333333333333333 133
0.7916666666666666 0.08333333333333333 126
0.8333333333333333 0.08333333333333333 108
0.875 0.08333333333333333 109
0.9166666666666666 0.08333333333333333 101
0.9583333333333333 0.08333333333333333 44
1.0 0.08333333333333333 37
0.0 0.10416666666666666 196
0.041666666666666664 0.10416666666666666 193
0.08333333333333333 0.10416666666666666 232
0.125 0.10416666666666666 194
0.16666666666666666 0.10416666666666666 177
0.20833333333333331 0.10416666666666666 166
0.25 0.10416666666666666 175
0.29166666666666663 0.10416666666666666 169
0.3333333333333333 0.10416666666666666 177
0.375 0.10416666666666666 186
0.41666666666666663 0.10416666666666666 168
0.4583333333333333 0.10416666666666666 156
0.5 0.10416666666666666 178
0.5416666666666666 0.10416666666666666 155
0.5833333333333333 0.10416666666666666 166
0.625 0.10416666666666666 141
0.6666666666666666 0.10416666666666666 146
0.7083333333333333 0.10416666666666666 142
0.75 0.10416666666666666 139
0.7916666666666666 0.10416666666666666 120
0.8333333333333333 0.10416666666666666 140
0.875 0.10416666666666666 109
0.9166666666666666 0.10416666666666666 136
0.9583333333333333 0.10416666666666666 111
1.0 0.10416666666666666 29
0.0 0.125 194
0.041666666666666664 0.125 177
0.08333333333333333 0.125 197
0.125 0.125 205
0.16666666666666666 0.125 183
0.20833333333333331 0.125 183
0.25 0.125 192
0.29166666666666663 0.125 176
0.3333333333333333 0.125 166
0.375 0.125 188
0.41666666666666663 0.125 190
0.4583333333333333 0.125 195
0.5 0.125 184
0.5416666666666666 0.125 1
0.5833333333333333 0.125 171
0.625 0.125 174
0.6666666666666666 0.125 126
0.7083333333333333 0.125 165
0.75 0.125 127
0.7916666666666666 0.125 132
0.8333333333333333 0.125 109
0.875 0.125 116
0.9166666666666666 0.125 99
0.9583333333333333 0.125 60
1.0 0.125 140
0.0 0.14583333333333331 200
0.041666666666666664 0.14583333333333331 163
0.08333333333333333 0.14583333333333331 205
0.125 0.14583333333333331 194
0.16666666666666666 0.14583333333333331 184
0.20833333333333331 0.14583333333333331 166
0.25 0.14583333333333331 189
0.29166666666666663 0.14583333333333331 173
0.3333333333333333 0.14583333333333331 153
0.375 0.14583333333333331 186
0.41666666666666663 0.14583333333333331 156
0.4583333333333333 0.14583333333333331 165
0.5 0.14583333333333331 152
0.5416666666666666 0.14583333333333331 164
0.5833333333333333 0.14583333333333331 166
0.625 0.14583333333333331 170
0.6666666666666666 0.14583333333333331 172
0.7083333333333333 0.14583333333333331 152
0.75 0.14583333333333331 155
0.7916666666666666 0.14583333333333331 164
0.8333333333333333 0.14583333333333331 109
0.875 0.14583333333333331 88
0.9166666666666666 0.14583333333333331 114
0.9583333333333333 0.14583333333333331 134
1.0 0.14583333333333331 45
0.0 0.16666666666666666 206
0.041666666666666664 0.16666666666666666 146
0.08333333333333333 0.16666666666666666 174
0.125 0.16666666666666666 176
0.16666666666666666 0.16666666666666666 161
0.20833333333333331 0.16666666666666666 190
0.25 0.16666666666666666 153
0.29166666666666663 0.16666666666666666 166
0.3333333333333333 0.16666666666666666 189
0.375 0.16666666666666666 165
0.41666666666666663 0.16666666666666666 163
0.4583333333333333 0.16666666666666666 186
0.5 0.16666666666666666 167
0.5416666666666666 0.16666666666666666 169
0.5833333333333333 0.16666666666666666 163
0.625 0.16666666666666666 199
0.6666666666666666 0.16666666666666666 190
0.7083333333333333 0.16666666666666666 151
0.75 0.16666666666666666 146
0.7916666666666666 0.16666666666666666 154
0.8333333333333333 0.16666666666666666 166
0.875 0.16666666666666666 90
0.9166666666666666 0.16666666666666666 74
0.9583333333333333 0.16666666666666666 90
1.0 0.16666666666666666 162
0.0 0.1875 168
0.041666666666666664 0.1875 187
0.08333333333333333 0.1875 184
0.125 0.1875 206
0.16666666666666666 0.1875 176
0.20833333333333331 0.1875 168
0.25 0.1875 175
0.29166666666666663 0.1875 194
0.3333333333333333 0.1875 188
0.375 0.1875 183
0.41666666666666663 0.1875 185
0.4583333333333333 0.1875 170
0.5 0.1875 170
0.5416666666666666 0.1875 174
0.5833333333333333 0.1875 163
0.625 0.1875 178
0.6666666666666666 0.1875 156
0.7083333333333333 0.1875 154
0.75 0.1875 176
0.7916666666666666 0.1875 158
0.8333333333333333 0.1875 182
0.875 0.1875 93
0.9166666666666666 0.1875 101
0.9583333333333333 0.1875 65
1.0 0.1875 185
0.0 0.20833333333333331 209
0.041666666666666664 0.20833333333333331 166
0.08333333333333333 0.20833333333333331 174
0.125 0.20833333333333331 179
0.16666666666666666 0.20833333333333331 156
0.20833333333333331 0.20833333333333331 187
0.25 0.20833333333333331 175
0.29166666666666663 0.20833333333333331 188
0.3333333333333333 0.20833333333333331 186
0.375 0.20833333333333331 166
0.41666666666666663 0.20833333333333331 174
0.4583333333333333 0.20833333333333331 176
0.5 0.20833333333333331 178
0.5416666666666666 0.20833333333333331 166
0.5833333333333333 0.20833333333333331 152
0.625 0.20833333333333331 151
0.6666666666666666 0.20833333333333331 161
0.7083333333333333 0.20833333333333331 183
0.75 0.20833333333333331 154
0.7916666666666666 0.20833333333333331 205
0.8333333333333333 0.20833333333333331 124
0.875 0.20833333333333331 155
0.9166666666666666 0.20833333333333331 133
0.9583333333333333 0.20833333333333331 85
1.0 0.20833333333333331 105
0.0 0.22916666666666666 178
0.041666666666666664 0.22916666666666666 212
0.08333333333333333 0.22916666666666666 215
0.125 0.22916666666666666 168
0.16666666666666666 0.22916666666666666 197
0.20833333333333331 0.22916666666666666 181
0.25 0.22916666666666666 198
0.29166666666666663 0.22916666666666666 172
0.3333333333333333 0.22916666666666666 189
0.375 0.22916666666666666 157
0.41666666666666663 0.22916666666666666 164
0.4583333333333333 0.22916666666666666 157
0.5 0.22916666666666666 152
0.5416666666666666 0.22916666666666666 171
0.5833333333333333 0.22916666666666666 150
0.625 0.22916666666666666 147
0.6666666666666666 0.22916666666666666 162
0.7083333333333333 0.22916666666666666 161
0.75 0.22916666666666666 131
0.7916666666666666 0.22916666666666666 122
0.8333333333333333 0.22916666666666666 140
0.875 0.22916666666666666 143
0.9166666666666666 0.22916666666666666 145
0.9583333333333333 0.22916666666666666 119
1.0 0.22916666666666666 143
0.0 0.25 181
0.041666666666666664 0.25 167
0.08333333333333333 0.25 204
0.125 0.25 186
0.16666666666666666 0.25 179
0.20833333333333331 0.25 151
0.25 0.25 177
0.29166666666666663 0.25 171
0.3333333333333333 0.25 155
0.375 0.25 152
0.41666666666666663 0.25 170
0.4583333333333333 0.25 147
0.5 0.25 167
0.5416666666666666 0.25 175
0.5833333333333333 0.25 150
0.625 0.25 170
0.6666666666666666 0.25 179
0.7083333333333333 0.25 199
0.75 0.25 142
0.7916666666666666 0.25 143
0.8333333333333333 0.25 116
0.875 0.25 110
0.9166666666666666 0.25 170
0.9583333333333333 0.25 170
1.0 0.25 77
0.0 0.2708333333333333 176
0.041666666666666664 0.2708333333333333 203
0.08333333333333333 0.2708333333333333 197
0.125 0.2708333333333333 182
0.16666666666666666 0.2708333333333333 197
0.20833333333333331 0.2708333333333333 194
0.25 0.2708333333333333 171
0.29166666666666663 0.2708333333333333 184
0.3333333333333333 0.2708333333333333 168
0.375 0.2708333333333333 170
0.41666666666666663 0.2708333333333333 190
0.4583333333333333 0.2708333333333333 163
0.5 0.2708333333333333 187
0.5416666666666666 0.2708333333333333 186
0.5833333333333333 0.2708333333333333 173
0.625 0.2708333333333333 162
0.6666666666666666 0.2708333333333333 179
0.7083333333333333 0.2708333333333333 139
0.75 0.2708333333333333 177
0.7916666666666666 0.2708333333333333 128
0.8333333333333333 0.2708333333333333 136
0.875 0.2708333333333333 115
0.9166666666666666 0.2708333333333333 167
0.9583333333333333 0.2708333333333333 209
1.0 0.2708333333333333 208
0.0 0.29166666666666663 203
0.041666666666666664 0.29166666666666663 170
0.08333333333333333 0.29166666666666663 197
0.125 0.29166666666666663 174
0.16666666666666666 0.29166666666666663 195
0.20833333333333331 0.29166666666666663 186
0.25 0.29166666666666663 201
0.29166666666666663 0.29166666666666663 171
0.3333333333333333 0.29166666666666663 156
0.375 0.29166666666666663 182
0.41666666666666663 0.29166666666666663 204
0.4583333333333333 0.29166666666666663 193
0.5 0.29166666666666663 185
0.5416666666666666 0.29166666666666663 183
0.5833333333333333 0.29166666666666663 158
0.625 0.29166666666666663 199
0.6666666666666666 0.29166666666666663 187
0.7083333333333333 0.29166666666666663 200
0.75 0.29166666666666663 175
0.7916666666666666 0.29166666666666663 169
0.8333333333333333 0.29166666666666663 107
0.875 0.29166666666666663 94
0.9166666666666666 0.29166666666666663 179
0.9583333333333333 0.29166666666666663 78
1.0 0.29166666666666663 176
0.0 0.3125 177
0.041666666666666664 0.3125 190
0.08333333333333333 0.3125 180
0.125 0.3125 185
0.16666666666666666 0.3125 197
0.20833333333333331 0.3125 181
0.25 0.3125 186
0.29166666666666663 0.3125 205
0.3333333333333333 0.3125 178
0.375 0.3125 177
0.41666666666666663 0.3125 180
0.4583333333333333 0.3125 156
0.5 0.3125 165
0.5416666666666666 0.3125 167
0.5833333333333333 0.3125 168
0.625 0.3125 195
0.6666666666666666 0.3125 168
0.7083333333333333 0.3125 140
0.75 0.3125 209
0.7916666666666666 0.3125 177
0.8333333333333333 0.3125 149
0.875 0.3125 186
0.9166666666666666 0.3125 163
0.9583333333333333 0.3125 153
1.0 0.3125 97
0.0 0.3333333333333333 191
0.041666666666666664 0.3333333333333333 188
0.08333333333333333 0.3333333333333333 187
0.125 0.3333333333333333 211
0.16666666666666666 0.3333333333333333 169
0.20833333333333331 0.3333333333333333 191
0.25 0.3333333333333333 193
0.29166666666666663 0.3333333333333333 193
0.3333333333333333 0.3333333333333333 193
0.375 0.3333333333333333 183
0.41666666666666663 0.3333333333333333 188
0.4583333333333333 0.3333333333333333 178
0.5 0.3333333333333333 166
0.5416666666666666 0.3333333333333333 187
0.5833333333333333 0.3333333333333333 184
0.625 0.3333333333333333 153
0.6666666666666666 0.3333333333333333 183
0.7083333333333333 0.3333333333333333 154
0.75 0.3333333333333333 147
0.7916666666666666 0.3333333333333333 146
0.8333333333333333 0.3333333333333333 185
0.875 0.3333333333333333 183
0.9166666666666666 0.3333333333333333 180
0.9583333333333333 0.3333333333333333 162
1.0 0.3333333333333333 161
0.0 0.35416666666666663 183
0.041666666666666664 0.35416666666666663 225
0.08333333333333333 0.35416666666666663 175
0.125 0.35416666666666663 203
0.16666666666666666 0.35416666666666663 185
0.20833333333333331 0.35416666666666663 198
0.25 0.35416666666666663 168
0.29166666666666663 0.35416666666666663 198
0.3333333333333333 0.35416666666666663 193
0.375 0.35416666666666663 187
0.41666666666666663 0.35416666666666663 0
0.4583333333333333 0.35416666666666663 169
0.5 0.35416666666666663 160
0.5416666666666666 0.35416666666666663 173
0.5833333333333333 0.35416666666666663 127
0.625 0.35416666666666663 197
0.6666666666666666 0.35416666666666663 200
0.7083333333333333 0.35416666666666663 163
0.75 0.35416666666666663 212
0.7916666666666666 0.35416666666666663 188
0.8333333333333333 0.35416666666666663 159
0.875 0.35416666666666663 181
0.9166666666666666 0.35416666666666663 128
0.9583333333333333 0.35416666666666663 190
1.0 0.35416666666666663 148
0.0 0.375 179
0.041666666666666664 0.375 166
0.08333333333333333 0.375 228
0.125 0.375 167
0.16666666666666666 0.375 195
0.20833333333333331 0.375 186
0.25 0.375 198
0.29166666666666663 0.375 192
0.3333333333333333 0.375 210
0.375 0.375 185
0.41666666666666663 0.375 193
0.4583333333333333 0.375 199
0.5 0.375 188
0.5416666666666666 0.375 188
0.5833333333333333 0.375 187
0.625 0.375 178
0.6666666666666666 0.375 156
0.7083333333333333 0.375 199
0.75 0.375 176
0.7916666666666666 0.375 174
0.8333333333333333 0.375 164
0.875 0.375 195
0.9166666666666666 0.375 128
0.9583333333333333 0.375 90
1.0 0.375 205
0.0 0.3958333333333333 185
0.041666666666666664 0.3958333333333333 167
0.08333333333333333 0.3958333333333333 200
0.125 0.3958333333333333 161
0.16666666666666666 0.3958333333333333 189
0.20833333333333331 0.3958333333333333 194
0.25 0.3958333333333333 209
0.29166666666666663 0.3958333333333333 203
0.3333333333333333 0.3958333333333333 218
0.375 0.3958333333333333 167
0.41666666666666663 0.3958333333333333 181
0.4583333333333333 0.3958333333333333 175
0.5 0.3958333333333333 223
0.5416666666666666 0.3958333333333333 203
0.5833333333333333 0.3958333333333333 183
0.625 0.3958333333333333 161
0.6666666666666666 0.3958333333333333 165
0.7083333333333333 0.3958333333333333 154
0.75 0.3958333333333333 183
0.7916666666666666 0.3958333333333333 172
0.8333333333333333 0.3958333333333333 181
0.875 0.3958333333333333 204
0.9166666666666666 0.3958333333333333 133
0.9583333333333333 0.3958333333333333 226
1.0 0.3958333333333333 104
0.0 0.41666666666666663 165
0.041666666666666664 0.41666666666666663 205
0.08333333333333333 0.41666666666666663 238
0.125 0.41666666666666663 192
0.16666666666666666 0.41666666666666663 199
0.20833333333333331 0.41666666666666663 211
0.25 0.41666666666666663 200
0.29166666666666663 0.41666666666666663 163
0.3333333333333333 0.41666666666666663 174
0.375 0.41666666666666663 196
0.41666666666666663 0.41666666666666663 182
0.4583333333333333 0.41666666666666663 154
0.5 0.41666666666666663 209
0.5416666666666666 0.41666666666666663 173
0.5833333333333333 0.41666666666666663 150
0.625 0.41666666666666663 149
0.6666666666666666 0.41666666666666663 129
0.7083333333333333 0.41666666666666663 198
0.75 0.41666666666666663 155
0.7916666666666666 0.41666666666666663 143
0.8333333333333333 0.41666666666666663 196
0.875 0.41666666666666663 198
0.9166666666666666 0.41666666666666663 158
0.9583333333333333 0.41666666666666663 110
1.0 0.41666666666666663 156
0.0 0.4375 160
0.041666666666666664 0.4375 221
0.08333333333333333 0.4375 183
0.125 0.4375 165
0.16666666666666666 0.4375 180
0.20833333333333331 0.4375 173
0.25 0.4375 175
0.29166666666666663 0.4375 167
0.3333333333333333 0.4375 207
0.375 0.4375 199
0.41666666666666663 0.4375 182
0.4583333333333333 0.4375 186
0.5 0.4375 179
0.5416666666666666 0.4375 163
0.5833333333333333 0.4375 179
0.625 0.4375 175
0.6666666666666666 0.4375 154
0.7083333333333333 0.4375 204
0.75 0.4375 165
0.7916666666666666 0.4375 153
0.8333333333333333 0.4375 148
0.875 0.4375 135
0.9166666666666666 0.4375 185
0.9583333333333333 0.4375 144
1.0 0.4375 198
0.0 0.4583333333333333 171
0.041666666666666664 0.4583333333333333 175
0.08333333333333333 0.4583333333333333 165
0.125 0.4583333333333333 176
0.16666666666666666 0.4583333333333333 194
0.20833333333333331 0.4583333333333333 161
0.25 0.4583333333333333 157
0.29166666666666663 0.4583333333333333 212
0.3333333333333333 0.4583333333333333 206
0.375 0.4583333333333333 170
0.41666666666666663 0.4583333333333333 193
0.4583333333333333 0.4583333333333333 157
0.5 0.4583333333333333 215
0.5416666666666666 0.4583333333333333 159
0.5833333333333333 0.4583333333333333 189
0.625 0.4583333333333333 214
0.6666666666666666 0.4583333333333333 218
0.7083333333333333 0.4583333333333333 191
0.75 0.4583333333333333 137
0.7916666666666666 0.4583333333333333 179
0.8333333333333333 0.4583333333333333 180
0.875 0.4583333333333333 154
0.9166666666666666 0.4583333333333333 186
0.9583333333333333 0.4583333333333333 151
1.0 0.4583333333333333 162
0.0 0.47916666666666663 226
0.041666666666666664 0.47916666666666663 194
0.08333333333333333 0.47916666666666663 179
0.125 0.47916666666666663 196
0.16666666666666666 0.47916666666666663 180
0.20833333333333331 0.47916666666666663 163
0.25 0.47916666666666663 190
0.29166666666666663 0.47916666666666663 201
0.3333333333333333 0.47916666666666663 181
0.375 0.47916666666666663 167
0.41666666666666663 0.47916666666666663 170
0.4583333333333333 0.47916666666666663 165
0.5 0.47916666666666663 164
0.5416666666666666 0.47916666666666663 188
0.5833333333333333 0.47916666666666663 172
0.625 0.47916666666666663 171
0.6666666666666666 0.47916666666666663 169
0.7083333333333333 0.47916666666666663 202
0.75 0.47916666666666663 187
0.7916666666666666 0.47916666666666663 158
0.8333333333333333 0.47916666666666663 173
0.875 0.47916666666666663 193
0.9166666666666666 0.47916666666666663 162
0.9583333333333333 0.47916666666666663 159
1.0 0.47916666666666663 203
0.0 0.5 194
0.041666666666666664 0.5 179
0.08333333333333333 0.5 192
0.125 0.5 194
0.16666666666666666 0.5 186
0.20833333333333331 0.5 208
0.25 0.5 213
0.29166666666666663 0.5 179
0.3333333333333333 0.5 195
0.375 0.5 159
0.41666666666666663 0.5 162
0.4583333333333333 0.5 159
0.5 0.5 207
0.5416666666666666 0.5 153
0.5833333333333333 0.5 185
0.625 0.5 205
0.6666666666666666 0.5 203
0.7083333333333333 0.5 186
0.75 0.5 168
0.7916666666666666 0.5 163
0.8333333333333333 0.5 189
0.875 0.5 124
0.9166666666666666 0.5 196
0.9583333333333333 0.5 167
1.0 0.5 212
