0.0 0.0 193
0.041666666666666664 0.0 206
0.08333333333333333 0.0 187
0.125 0.0 188
0.16666666666666666 0.0 1
0.20833333333333331 0.0 158
0.25 0.0 184
0.29166666666666663 0.0 159
0.3333333333333333 0.0 198
0.375 0.0 177
0.41666666666666663 0.0 175
0.4583333333333333 0.0 1
0.5 0.0 139
0.5416666666666666 0.0 177
0.5833333333333333 0.0 145
0.625 0.0 163
0.6666666666666666 0.0 0
0.7083333333333333 0.0 158
0.75 0.0 128
0.7916666666666666 0.0 118
0.8333333333333333 0.0 116
0.875 0.0 1
0.9166666666666666 0.0 71
0.9583333333333333 0.0 1
1.0 0.0 1
0.0 0.020833333333333332 169
0.041666666666666664 0.020833333333333332 162
0.08333333333333333 0.020833333333333332 196
0.125 0.020833333333333332 190
0.16666666666666666 0.020833333333333332 188
0.20833333333333331 0.020833333333333332 165
0.25 0.020833333333333332 201
0.29166666666666663 0.020833333333333332 184
0.3333333333333333 0.020833333333333332 169
0.375 0.020833333333333332 182
0.41666666666666663 0.020833333333333332 194
0.4583333333333333 0.020833333333333332 166
0.5 0.020833333333333332 175
0.5416666666666666 0.020833333333333332 161
0.5833333333333333 0.020833333333333332 162
0.625 0.020833333333333332 153
0.6666666666666666 0.020833333333333332 129
0.7083333333333333 0.020833333333333332 162
0.75 0.020833333333333332 131
0.7916666666666666 0.020833333333333332 149
0.8333333333333333 0.020833333333333332 103
0.875 0.020833333333333332 101
0.9166666666666666 0.020833333333333332 74
0.9583333333333333 0.020833333333333332 40
1.0 0.020833333333333332 33
0.0 0.041666666666666664 202
0.041666666666666664 0.041666666666666664 198
0.08333333333333333 0.041666666666666664 211
0.125 0.041666666666666664 182
0.16666666666666666 0.041666666666666664 177
0.20833333333333331 0.041666666666666664 165
0.25 0.041666666666666664 190
0.29166666666666663 0.041666666666666664 158
0.3333333333333333 0.041666666666666664 199
0.375 0.041666666666666664 179
0.41666666666666663 0.041666666666666664 152
0.4583333333333333 0.041666666666666664 189
0.5 0.041666666666666664 177
0.5416666666666666 0.041666666666666664 152
0.5833333333333333 0.041666666666666664 152
0.625 0.041666666666666664 162
0.6666666666666666 0.041666666666666664 152
0.7083333333333333 0.041666666666666664 136
0.75 0.041666666666666664 133
0.7916666666666666 0.041666666666666664 118
0.8333333333333333 0.041666666666666664 119
0.875 0.041666666666666664 96
0.9166666666666666 0.041666666666666664 76
0.9583333333333333 0.041666666666666664 87
1.0 0.041666666666666664 61
0.0 0.0625 186
0.041666666666666664 0.0625 177
0.08333333333333333 0.0625 185
0.125 0.0625 180
0.16666666666666666 0.0625 195
0.20833333333333331 0.0625 175
0.25 0.0625 185
0.29166666666666663 0.0625 175
0.3333333333333333 0.0625 152
0.375 0.0625 189
0.41666666666666663 0.0625 156
0.4583333333333333 0.0625 169
0.5 0.0625 180
0.5416666666666666 0.0625 165
0.5833333333333333 0.0625 175
0.625 0.0625 137
0.6666666666666666 0.0625 146
0.7083333333333333 0.0625 159
0.75 0.0625 139
0.7916666666666666 0.0625 117
0.8333333333333333 0.0625 114
0.875 0.0625 93
0.9166666666666666 0.0625 91
0.9583333333333333 0.0625 33
1.0 0.0625 44
0.0 0.08333333333333333 188
0.041666666666666664 0.08333333333333333 187
0.08333333333333333 0.08333333333333333 183
0.125 0.08333333333333333 210
0.16666666666666666 0.08333333333333333 184
0.20833333333333331 0.08333333333333333 158
0.25 0.08333333333333333 169
0.29166666666666663 0.08333333333333333 169
0.3333333333333333 0.08333333333333333 183
0.375 0.08333333333333333 159
0.41666666666666663 0.08333333333333333 166
0.4583333333333333 0.08333333333333333 164
0.5 0.08333333333333333 193
0.5416666666666666 0.08333333333333333 141
0.5833333333333333 0.08333333333333333 173
0.625 0.08333333333333333 150
0.6666666666666666 0.08333333333333333 142
0.7083333333333333 0.08333333333333333 147
0.75 0.08333333333333333 127
0.7916666666666666 0.08333333333333333 145
0.8333333333333333 0.08333333333333333 122
0.875 0.08333333333333333 126
0.9166666666666666 0.08333333333333333 67
0.9583333333333333 0.08333333333333333 41
1.0 0.08333333333333333 86
0.0 0.10416666666666666 162
0.041666666666666664 0.10416666666666666 189
0.08333333333333333 0.10416666666666666 205
0.125 0.10416666666666666 209
0.16666666666666666 0.10416666666666666 202
0.20833333333333331 0.10416666666666666 198
0.25 0.10416666666666666 169
0.29166666666666663 0.10416666666666666 184
0.3333333333333333 0.10416666666666666 169
0.375 0.10416666666666666 176
0.41666666666666663 0.10416666666666666 165
0.4583333333333333 0.10416666666666666 181
0.5 0.10416666666666666 167
0.5416666666666666 0.10416666666666666 159
0.5833333333333333 0.10416666666666666 142
0.625 0.10416666666666666 1
0.6666666666666666 0.10416666666666666 162
0.7083333333333333 0.10416666666666666 143
0.75 0.10416666666666666 152
0.7916666666666666 0.10416666666666666 128
0.8333333333333333 0.10416666666666666 136
0.875 0.10416666666666666 132
0.9166666666666666 0.10416666666666666 95
0.9583333333333333 0.10416666666666666 63
1.0 0.10416666666666666 41
0.0 0.125 186
0.041666666666666664 0.125 189
0.08333333333333333 0.125 175
0.125 0.125 157
0.16666666666666666 0.125 175
0.20833333333333331 0.125 192
0.25 0.125 168
0.29166666666666663 0.125 208
0.3333333333333333 0.125 184
0.375 0.125 216
0.41666666666666663 0.125 167
0.4583333333333333 0.125 162
0.5 0.125 151
0.5416666666666666 0.125 179
0.5833333333333333 0.125 151
0.625 0.125 147
0.6666666666666666 0.125 152
0.7083333333333333 0.125 170
0.75 0.125 143
0.7916666666666666 0.125 125
0.8333333333333333 0.125 139
0.875 0.125 95
0.9166666666666666 0.125 68
0.9583333333333333 0.125 78
1.0 0.125 158
0.0 0.14583333333333331 198
0.041666666666666664 0.14583333333333331 180
0.08333333333333333 0.14583333333333331 206
0.125 0.14583333333333331 176
0.16666666666666666 0.14583333333333331 163
0.20833333333333331 0.14583333333333331 186
0.25 0.14583333333333331 177
0.29166666666666663 0.14583333333333331 189
0.3333333333333333 0.14583333333333331 197
0.375 0.14583333333333331 194
0.41666666666666663 0.14583333333333331 189
0.4583333333333333 0.14583333333333331 170
0.5 0.14583333333333331 179
0.5416666666666666 0.14583333333333331 156
0.5833333333333333 0.14583333333333331 147
0.625 0.14583333333333331 171
0.6666666666666666 0.14583333333333331 169
0.7083333333333333 0.14583333333333331 150
0.75 0.14583333333333331 136
0.7916666666666666 0.14583333333333331 131
0.8333333333333333 0.14583333333333331 117
0.875 0.14583333333333331 188
0.9166666666666666 0.14583333333333331 86
0.9583333333333333 0.14583333333333331 55
1.0 0.14583333333333331 75
0.0 0.16666666666666666 177
0.041666666666666664 0.16666666666666666 181
0.08333333333333333 0.16666666666666666 171
0.125 0.16666666666666666 199
0.16666666666666666 0.16666666666666666 154
0.20833333333333331 0.16666666666666666 190
0.25 0.16666666666666666 181
0.29166666666666663 0.16666666666666666 202
0.3333333333333333 0.16666666666666666 187
0.375 0.16666666666666666 187
0.41666666666666663 0.16666666666666666 192
0.4583333333333333 0.16666666666666666 177
0.5 0.16666666666666666 180
0.5416666666666666 0.16666666666666666 158
0.5833333333333333 0.16666666666666666 160
0.625 0.16666666666666666 164
0.6666666666666666 0.16666666666666666 163
0.7083333333333333 0.16666666666666666 138
0.75 0.16666666666666666 146
0.7916666666666666 0.16666666666666666 131
0.8333333333333333 0.16666666666666666 122
0.875 0.16666666666666666 128
0.9166666666666666 0.16666666666666666 83
0.9583333333333333 0.16666666666666666 64
1.0 0.16666666666666666 115
0.0 0.1875 202
0.041666666666666664 0.1875 184
0.08333333333333333 0.1875 213
0.125 0.1875 178
0.16666666666666666 0.1875 160
0.20833333333333331 0.1875 193
0.25 0.1875 168
0.29166666666666663 0.1875 157
0.3333333333333333 0.1875 183
0.375 0.1875 168
0.41666666666666663 0.1875 166
0.4583333333333333 0.1875 164
0.5 0.1875 181
0.5416666666666666 0.1875 184
0.5833333333333333 0.1875 185
0.625 0.1875 163
0.6666666666666666 0.1875 141
0.7083333333333333 0.1875 149
0.75 0.1875 148
0.7916666666666666 0.1875 172
0.8333333333333333 0.1875 165
0.875 0.1875 145
0.9166666666666666 0.1875 165
0.9583333333333333 0.1875 181
1.0 0.1875 136
0.0 0.20833333333333331 183
0.041666666666666664 0.20833333333333331 208
0.08333333333333333 0.20833333333333331 181
0.125 0.20833333333333331 196
0.16666666666666666 0.20833333333333331 176
0.20833333333333331 0.20833333333333331 180
0.25 0.20833333333333331 180
0.29166666666666663 0.20833333333333331 183
0.3333333333333333 0.20833333333333331 185
0.375 0.20833333333333331 146
0.41666666666666663 0.20833333333333331 177
0.4583333333333333 0.20833333333333331 171
0.5 0.20833333333333331 187
0.5416666666666666 0.20833333333333331 155
0.5833333333333333 0.20833333333333331 155
0.625 0.20833333333333331 177
0.6666666666666666 0.20833333333333331 146
0.7083333333333333 0.20833333333333331 186
0.75 0.20833333333333331 158
0.7916666666666666 0.20833333333333331 118
0.8333333333333333 0.20833333333333331 184
0.875 0.20833333333333331 97
0.9166666666666666 0.20833333333333331 85
0.9583333333333333 0.20833333333333331 80
1.0 0.20833333333333331 85
0.0 0.22916666666666666 188
0.041666666666666664 0.22916666666666666 193
0.08333333333333333 0.22916666666666666 172
0.125 0.22916666666666666 177
0.16666666666666666 0.22916666666666666 219
0.20833333333333331 0.22916666666666666 176
0.25 0.22916666666666666 182
0.29166666666666663 0.22916666666666666 196
0.3333333333333333 0.22916666666666666 180
0.375 0.22916666666666666 194
0.41666666666666663 0.22916666666666666 208
0.4583333333333333 0.22916666666666666 160
0.5 0.22916666666666666 186
0.5416666666666666 0.22916666666666666 182
0.5833333333333333 0.22916666666666666 170
0.625 0.22916666666666666 173
0.6666666666666666 0.22916666666666666 149
0.7083333333333333 0.22916666666666666 175
0.75 0.22916666666666666 162
0.7916666666666666 0.22916666666666666 194
0.8333333333333333 0.22916666666666666 118
0.875 0.22916666666666666 167
0.9166666666666666 0.22916666666666666 95
0.9583333333333333 0.22916666666666666 76
1.0 0.22916666666666666 140
0.0 0.25 202
0.041666666666666664 0.25 205
0.08333333333333333 0.25 194
0.125 0.25 195
0.16666666666666666 0.25 195
0.20833333333333331 0.25 196
0.25 0.25 173
0.29166666666666663 0.25 177
0.3333333333333333 0.25 189
0.375 0.25 175
0.41666666666666663 0.25 178
0.4583333333333333 0.25 169
0.5 0.25 187
0.5416666666666666 0.25 192
0.5833333333333333 0.25 147
0.625 0.25 155
0.6666666666666666 0.25 155
0.7083333333333333 0.25 159
0.75 0.25 137
0.7916666666666666 0.25 188
0.8333333333333333 0.25 153
0.875 0.25 156
0.9166666666666666 0.25 182
0.9583333333333333 0.25 132
1.0 0.25 171
0.0 0.2708333333333333 188
0.041666666666666664 0.2708333333333333 174
0.08333333333333333 0.2708333333333333 218
0.125 0.2708333333333333 195
0.16666666666666666 0.2708333333333333 166
0.20833333333333331 0.2708333333333333 195
0.25 0.2708333333333333 180
0.29166666666666663 0.2708333333333333 176
0.3333333333333333 0.2708333333333333 179
0.375 0.2708333333333333 185
0.41666666666666663 0.2708333333333333 168
0.4583333333333333 0.2708333333333333 171
0.5 0.2708333333333333 151
0.5416666666666666 0.2708333333333333 171
0.5833333333333333 0.2708333333333333 173
0.625 0.2708333333333333 131
0.6666666666666666 0.2708333333333333 161
0.7083333333333333 0.2708333333333333 154
0.75 0.2708333333333333 191
0.7916666666666666 0.2708333333333333 147
0.8333333333333333 0.2708333333333333 133
0.875 0.2708333333333333 191
0.9166666666666666 0.2708333333333333 163
0.9583333333333333 0.2708333333333333 104
1.0 0.2708333333333333 149
0.0 0.29166666666666663 191
0.041666666666666664 0.29166666666666663 203
0.08333333333333333 0.29166666666666663 173
0.125 0.29166666666666663 185
0.16666666666666666 0.29166666666666663 174
0.20833333333333331 0.29166666666666663 195
0.25 0.29166666666666663 160
0.29166666666666663 0.29166666666666663 190
0.3333333333333333 0.29166666666666663 168
0.375 0.29166666666666663 166
0.41666666666666663 0.29166666666666663 174
0.4583333333333333 0.29166666666666663 190
0.5 0.29166666666666663 161
0.5416666666666666 0.29166666666666663 184
0.5833333333333333 0.29166666666666663 159
0.625 0.29166666666666663 152
0.6666666666666666 0.29166666666666663 150
0.7083333333333333 0.29166666666666663 160
0.75 0.29166666666666663 144
0.7916666666666666 0.29166666666666663 121
0.8333333333333333 0.29166666666666663 136
0.875 0.29166666666666663 169
0.9166666666666666 0.29166666666666663 183
0.9583333333333333 0.29166666666666663 157
1.0 0.29166666666666663 94
0.0 0.3125 205
0.041666666666666664 0.3125 207
0.08333333333333333 0.3125 185
0.125 0.3125 162
0.16666666666666666 0.3125 189
0.20833333333333331 0.3125 186
0.25 0.3125 177
0.29166666666666663 0.3125 179
0.3333333333333333 0.3125 156
0.375 0.3125 208
0.41666666666666663 0.3125 169
0.4583333333333333 0.3125 192
0.5 0.3125 177
0.5416666666666666 0.3125 176
0.5833333333333333 0.3125 178
0.625 0.3125 149
0.6666666666666666 0.3125 188
0.7083333333333333 0.3125 202
0.75 0.3125 157
0.7916666666666666 0.3125 123
0.8333333333333333 0.3125 171
0.875 0.3125 126
0.9166666666666666 0.3125 148
0.9583333333333333 0.3125 133
1.0 0.3125 146
0.0 0.3333333333333333 196
0.041666666666666664 0.3333333333333333 192
0.08333333333333333 0.3333333333333333 191
0.125 0.3333333333333333 167
0.16666666666666666 0.3333333333333333 214
0.20833333333333331 0.3333333333333333 170
0.25 0.3333333333333333 171
0.29166666666666663 0.3333333333333333 166
0.3333333333333333 0.3333333333333333 174
0.375 0.3333333333333333 197
0.41666666666666663 0.3333333333333333 160
0.4583333333333333 0.3333333333333333 197
0.5 0.3333333333333333 189
0.5416666666666666 0.3333333333333333 177
0.5833333333333333 0.3333333333333333 206
0.625 0.3333333333333333 153
0.6666666666666666 0.3333333333333333 160
0.7083333333333333 0.3333333333333333 144
0.75 0.3333333333333333 185
0.7916666666666666 0.3333333333333333 183
0.8333333333333333 0.3333333333333333 218
0.875 0.3333333333333333 176
0.9166666666666666 0.3333333333333333 200
0.9583333333333333 0.3333333333333333 185
1.0 0.3333333333333333 82
0.0 0.35416666666666663 200
0.041666666666666664 0.35416666666666663 164
0.08333333333333333 0.35416666666666663 186
0.125 0.35416666666666663 206
0.16666666666666666 0.35416666666666663 206
0.20833333333333331 0.35416666666666663 203
0.25 0.35416666666666663 187
0.29166666666666663 0.35416666666666663 202
0.3333333333333333 0.35416666666666663 202
0.375 0.35416666666666663 169
0.41666666666666663 0.35416666666666663 190
0.4583333333333333 0.35416666666666663 169
0.5 0.35416666666666663 203
0.5416666666666666 0.35416666666666663 181
0.5833333333333333 0.35416666666666663 173
0.625 0.35416666666666663 158
0.6666666666666666 0.35416666666666663 175
0.7083333333333333 0.35416666666666663 155
0.75 0.35416666666666663 146
0.7916666666666666 0.35416666666666663 170
0.8333333333333333 0.35416666666666663 135
0.875 0.35416666666666663 122
0.9166666666666666 0.35416666666666663 193
0.9583333333333333 0.35416666666666663 209
1.0 0.35416666666666663 196
0.0 0.375 193
0.041666666666666664 0.375 197
0.08333333333333333 0.375 184
0.125 0.375 236
0.16666666666666666 0.375 184
0.20833333333333331 0.375 155
0.25 0.375 200
0.29166666666666663 0.375 198
0.3333333333333333 0.375 166
0.375 0.375 211
0.41666666666666663 0.375 184
0.4583333333333333 0.375 195
0.5 0.375 153
0.5416666666666666 0.375 151
0.5833333333333333 0.375 181
0.625 0.375 192
0.6666666666666666 0.375 174
0.7083333333333333 0.375 203
0.75 0.375 197
0.7916666666666666 0.375 208
0.8333333333333333 0.375 106
0.875 0.375 164
0.9166666666666666 0.375 126
0.9583333333333333 0.375 179
1.0 0.375 164
0.0 0.3958333333333333 203
0.041666666666666664 0.3958333333333333 210
0.08333333333333333 0.3958333333333333 205
0.125 0.3958333333333333 187
0.16666666666666666 0.3958333333333333 199
0.20833333333333331 0.3958333333333333 193
0.25 0.3958333333333333 189
0.29166666666666663 0.3958333333333333 199
0.3333333333333333 0.3958333333333333 197
0.375 0.3958333333333333 179
0.41666666666666663 0.3958333333333333 145
0.4583333333333333 0.3958333333333333 179
0.5 0.3958333333333333 175
0.5416666666666666 0.3958333333333333 203
0.5833333333333333 0.3958333333333333 169
0.625 0.3958333333333333 189
0.6666666666666666 0.3958333333333333 163
0.7083333333333333 0.3958333333333333 206
0.75 0.3958333333333333 140
0.7916666666666666 0.3958333333333333 174
0.8333333333333333 0.3958333333333333 202
0.875 0.3958333333333333 184
0.9166666666666666 0.3958333333333333 115
0.9583333333333333 0.3958333333333333 178
1.0 0.3958333333333333 178
0.0 0.41666666666666663 170
0.041666666666666664 0.41666666666666663 192
0.08333333333333333 0.41666666666666663 189
0.125 0.41666666666666663 189
0.16666666666666666 0.41666666666666663 198
0.20833333333333331 0.41666666666666663 182
0.25 0.41666666666666663 211
0.29166666666666663 0.41666666666666663 200
0.3333333333333333 0.41666666666666663 196
0.375 0.41666666666666663 157
0.41666666666666663 0.41666666666666663 182
0.4583333333333333 0.41666666666666663 167
0.5 0.41666666666666663 165
0.5416666666666666 0.41666666666666663 185
0.5833333333333333 0.41666666666666663 163
0.625 0.41666666666666663 201
0.6666666666666666 0.41666666666666663 153
0.7083333333333333 0.41666666666666663 157
0.75 0.41666666666666663 179
0.7916666666666666 0.41666666666666663 189
0.8333333333333333 0.41666666666666663 145
0.875 0.41666666666666663 216
0.9166666666666666 0.41666666666666663 129
0.9583333333333333 0.41666666666666663 181
1.0 0.41666666666666663 206
0.0 0.4375 196
0.041666666666666664 0.4375 184
0.08333333333333333 0.4375 168
0.125 0.4375 201
0.16666666666666666 0.4375 214
0.20833333333333331 0.4375 163
0.25 0.4375 191
0.29166666666666663 0.4375 202
0.3333333333333333 0.4375 195
0.375 0.4375 201
0.41666666666666663 0.4375 164
0.4583333333333333 0.4375 192
0.5 0.4375 167
0.5416666666666666 0.4375 157
0.5833333333333333 0.4375 181
0.625 0.4375 173
0.6666666666666666 0.4375 163
0.7083333333333333 0.4375 191
0.75 0.4375 155
0.7916666666666666 0.4375 197
0.8333333333333333 0.4375 189
0.875 0.4375 166
0.9166666666666666 0.4375 200
0.9583333333333333 0.4375 189
1.0 0.4375 219
0.0 0.4583333333333333 204
0.041666666666666664 0.4583333333333333 177
0.08333333333333333 0.4583333333333333 205
0.125 0.4583333333333333 198
0.16666666666666666 0.4583333333333333 209
0.20833333333333331 0.4583333333333333 170
0.25 0.4583333333333333 197
0.29166666666666663 0.4583333333333333 196
0.3333333333333333 0.4583333333333333 165
0.375 0.4583333333333333 200
0.41666666666666663 0.4583333333333333 177
0.4583333333333333 0.4583333333333333 210
0.5 0.4583333333333333 193
0.5416666666666666 0.4583333333333333 177
0.5833333333333333 0.4583333333333333 190
0.625 0.4583333333333333 150
0.6666666666666666 0.4583333333333333 173
0.7083333333333333 0.4583333333333333 200
0.75 0.4583333333333333 197
0.7916666666666666 0.4583333333333333 177
0.8333333333333333 0.4583333333333333 158
0.875 0.4583333333333333 177
0.9166666666666666 0.4583333333333333 138
0.9583333333333333 0.4583333333333333 185
1.0 0.4583333333333333 140
0.0 0.47916666666666663 201
0.041666666666666664 0.47916666666666663 181
0.08333333333333333 0.47916666666666663 201
0.125 0.47916666666666663 172
0.16666666666666666 0.47916666666666663 165
0.20833333333333331 0.47916666666666663 196
0.25 0.47916666666666663 187
0.29166666666666663 0.47916666666666663 200
0.3333333333333333 0.47916666666666663 176
0.375 0.47916666666666663 222
0.41666666666666663 0.47916666666666663 209
0.4583333333333333 0.47916666666666663 169
0.5 0.47916666666666663 166
0.5416666666666666 0.47916666666666663 219
0.5833333333333333 0.47916666666666663 146
0.625 0.47916666666666663 161
0.6666666666666666 0.47916666666666663 172
0.7083333333333333 0.47916666666666663 172
0.75 0.47916666666666663 123
0.7916666666666666 0.47916666666666663 177
0.8333333333333333 0.47916666666666663 148
0.875 0.47916666666666663 196
0.9166666666666666 0.47916666666666663 188
0.9583333333333333 0.47916666666666663 125
1.0 0.47916666666666663 134
0.0 0.5 190
0.041666666666666664 0.5 172
0.08333333333333333 0.5 177
0.125 0.5 198
0.16666666666666666 0.5 174
0.20833333333333331 0.5 205
0.25 0.5 180
0.29166666666666663 0.5 214
0.3333333333333333 0.5 201
0.375 0.5 201
0.41666666666666663 0.5 160
0.4583333333333333 0.5 182
0.5 0.5 211
0.5416666666666666 0.5 196
0.5833333333333333 0.5 214
0.625 0.5 174
0.6666666666666666 0.5 186
0.7083333333333333 0.5 196
0.75 0.5 162
0.7916666666666666 0.5 186
0.8333333333333333 0.5 142
0.875 0.5 205
0.9166666666666666 0.5 206
0.9583333333333333 0.5 142
1.0 0.5 197
