0.0 0.0 198
0.041666666666666664 0.0 198
0.08333333333333333 0.0 184
0.125 0.0 192
0.16666666666666666 0.0 215
0.20833333333333331 0.0 204
0.25 0.0 188
0.29166666666666663 0.0 190
0.3333333333333333 0.0 161
0.375 0.0 160
0.41666666666666663 0.0 197
0.4583333333333333 0.0 155
0.5 0.0 0
0.5416666666666666 0.0 152
0.5833333333333333 0.0 168
0.625 0.0 145
0.6666666666666666 0.0 146
0.7083333333333333 0.0 135
0.75 0.0 135
0.7916666666666666 0.0 142
0.8333333333333333 0.0 108
0.875 0.0 77
0.9166666666666666 0.0 1
0.9583333333333333 0.0 1
1.0 0.0 1
0.0 0.020833333333333332 185
0.041666666666666664 0.020833333333333332 181
0.08333333333333333 0.020833333333333332 177
0.125 0.020833333333333332 172
0.16666666666666666 0.020833333333333332 204
0.20833333333333331 0.020833333333333332 186
0.25 0.020833333333333332 212
0.29166666666666663 0.020833333333333332 165
0.3333333333333333 0.020833333333333332 177
0.375 0.020833333333333332 185
0.41666666666666663 0.020833333333333332 176
0.4583333333333333 0.020833333333333332 154
0.5 0.020833333333333332 150
0.5416666666666666 0.020833333333333332 163
0.5833333333333333 0.020833333333333332 166
0.625 0.020833333333333332 154
0.6666666666666666 0.020833333333333332 157
0.7083333333333333 0.020833333333333332 143
0.75 0.020833333333333332 135
0.7916666666666666 0.020833333333333332 137
0.8333333333333333 0.020833333333333332 125
0.875 0.020833333333333332 85
0.9166666666666666 0.020833333333333332 65
0.9583333333333333 0.020833333333333332 52
1.0 0.020833333333333332 26
0.0 0.041666666666666664 218
0.041666666666666664 0.041666666666666664 230
0.08333333333333333 0.041666666666666664 183
0.125 0.041666666666666664 195
0.16666666666666666 0.041666666666666664 159
0.20833333333333331 0.041666666666666664 166
0.25 0.041666666666666664 169
0.29166666666666663 0.041666666666666664 178
0.3333333333333333 0.041666666666666664 189
0.375 0.041666666666666664 153
0.41666666666666663 0.041666666666666664 184
0.4583333333333333 0.041666666666666664 181
0.5 0.041666666666666664 175
0.5416666666666666 0.041666666666666664 163
0.5833333333333333 0.041666666666666664 164
0.625 0.041666666666666664 170
0.6666666666666666 0.041666666666666664 153
0.7083333333333333 0.041666666666666664 141
0.75 0.041666666666666664 140
0.7916666666666666 0.041666666666666664 146
0.8333333333333333 0.041666666666666664 109
0.875 0.041666666666666664 109
0.9166666666666666 0.041666666666666664 104
0.9583333333333333 0.041666666666666664 38
1.0 0.041666666666666664 16
0.0 0.0625 182
0.041666666666666664 0.0625 187
0.08333333333333333 0.0625 180
0.125 0.0625 174
0.16666666666666666 0.0625 191
0.20833333333333331 0.0625 210
0.25 0.0625 198
0.29166666666666663 0.0625 181
0.3333333333333333 0.0625 181
0.375 0.0625 165
0.41666666666666663 0.0625 171
0.4583333333333333 0.0625 152
0.5 0.0625 163
0.5416666666666666 0.0625 153
0.5833333333333333 0.0625 161
0.625 0.0625 141
0.6666666666666666 0.0625 164
0.7083333333333333 0.0625 139
0.75 0.0625 135
0.7916666666666666 0.0625 115
0.8333333333333333 0.0625 123
0.875 0.0625 98
0.9166666666666666 0.0625 104
0.9583333333333333 0.0625 39
1.0 0.0625 49
0.0 0.08333333333333333 162
0.041666666666666664 0.08333333333333333 212
0.08333333333333333 0.08333333333333333 179
0.125 0.08333333333333333 179
0.16666666666666666 0.08333333333333333 1
0.20833333333333331 0.08333333333333333 192
0.25 0.08333333333333333 171
0.29166666666666663 0.08333333333333333 154
0.3333333333333333 0.08333333333333333 183
0.375 0.08333333333333333 144
0.41666666666666663 0.08333333333333333 174
0.4583333333333333 0.08333333333333333 152
0.5 0.08333333333333333 182
0.5416666666666666 0.08333333333333333 161
0.5833333333333333 0.08333333333333333 153
0.625 0.08333333333333333 149
0.6666666666666666 0.08333333333333333 148
0.7083333333333333 0.08333333333333333 141
0.75 0.08333333333333333 165
0.7916666666666666 0.08333333333333333 124
0.8333333333333333 0.08333333333333333 120
0.875 0.08333333333333333 87
0.9166666666666666 0.08333333333333333 87
0.9583333333333333 0.08333333333333333 36
1.0 0.08333333333333333 43
0.0 0.10416666666666666 195
0.041666666666666664 0.10416666666666666 167
0.08333333333333333 0.10416666666666666 210
0.125 0.10416666666666666 205
0.16666666666666666 0.10416666666666666 190
0.20833333333333331 0.10416666666666666 183
0.25 0.10416666666666666 178
0.29166666666666663 0.10416666666666666 203
0.3333333333333333 0.10416666666666666 159
0.375 0.10416666666666666 155
0.41666666666666663 0.10416666666666666 178
0.4583333333333333 0.10416666666666666 152
0.5 0.10416666666666666 157
0.5416666666666666 0.10416666666666666 175
0.5833333333333333 0.10416666666666666 168
0.625 0.10416666666666666 183
0.6666666666666666 0.10416666666666666 135
0.7083333333333333 0.10416666666666666 150
0.75 0.10416666666666666 127
0.7916666666666666 0.10416666666666666 136
0.8333333333333333 0.10416666666666666 125
0.875 0.10416666666666666 108
0.9166666666666666 0.10416666666666666 84
0.9583333333333333 0.10416666666666666 65
1.0 0.10416666666666666 85
0.0 0.125 210
0.041666666666666664 0.125 210
0.08333333333333333 0.125 182
0.125 0.125 227
0.16666666666666666 0.125 159
0.20833333333333331 0.125 174
0.25 0.125 181
0.29166666666666663 0.125 170
0.3333333333333333 0.125 167
0.375 0.125 178
0.41666666666666663 0.125 155
0.4583333333333333 0.125 187
0.5 0.125 184
0.5416666666666666 0.125 169
0.5833333333333333 0.125 145
0.625 0.125 131
0.6666666666666666 0.125 147
0.7083333333333333 0.125 142
0.75 0.125 151
0.7916666666666666 0.125 127
0.8333333333333333 0.125 147
0.875 0.125 106
0.9166666666666666 0.125 87
0.9583333333333333 0.125 137
1.0 0.125 149
0.0 0.14583333333333331 159
0.041666666666666664 0.14583333333333331 189
0.08333333333333333 0.14583333333333331 186
0.125 0.14583333333333331 209
0.16666666666666666 0.14583333333333331 185
0.20833333333333331 0.14583333333333331 180
0.25 0.14583333333333331 183
0.29166666666666663 0.14583333333333331 148
0.3333333333333333 0.14583333333333331 176
0.375 0.14583333333333331 163
0.41666666666666663 0.14583333333333331 193
0.4583333333333333 0.14583333333333331 144
0.5 0.14583333333333331 165
0.5416666666666666 0.14583333333333331 173
0.5833333333333333 0.14583333333333331 151
0.625 0.14583333333333331 161
0.6666666666666666 0.14583333333333331 138
0.7083333333333333 0.14583333333333331 160
0.75 0.14583333333333331 124
0.7916666666666666 0.14583333333333331 133
0.8333333333333333 0.14583333333333331 96
0.875 0.14583333333333331 104
0.9166666666666666 0.14583333333333331 87
0.9583333333333333 0.14583333333333331 64
1.0 0.14583333333333331 164
0.0 0.16666666666666666 188
0.041666666666666664 0.16666666666666666 163
0.08333333333333333 0.16666666666666666 203
0.125 0.16666666666666666 187
0.16666666666666666 0.16666666666666666 164
0.20833333333333331 0.16666666666666666 191
0.25 0.16666666666666666 188
0.29166666666666663 0.16666666666666666 179
0.3333333333333333 0.16666666666666666 194
0.375 0.16666666666666666 195
0.41666666666666663 0.16666666666666666 154
0.4583333333333333 0.16666666666666666 152
0.5 0.16666666666666666 130
0.5416666666666666 0.16666666666666666 164
0.5833333333333333 0.16666666666666666 154
0.625 0.16666666666666666 170
0.6666666666666666 0.16666666666666666 171
0.7083333333333333 0.16666666666666666 142
0.75 0.16666666666666666 130
0.7916666666666666 0.16666666666666666 127
0.8333333333333333 0.16666666666666666 156
0.875 0.16666666666666666 124
0.9166666666666666 0.16666666666666666 143
0.9583333333333333 0.16666666666666666 53
1.0 0.16666666666666666 84
0.0 0.1875 186
0.041666666666666664 0.1875 172
0.08333333333333333 0.1875 166
0.125 0.1875 181
0.16666666666666666 0.1875 177
0.20833333333333331 0.1875 173
0.25 0.1875 184
0.29166666666666663 0.1875 164
0.3333333333333333 0.1875 173
0.375 0.1875 204
0.41666666666666663 0.1875 182
0.4583333333333333 0.1875 162
0.5 0.1875 161
0.5416666666666666 0.1875 155
0.5833333333333333 0.1875 178
0.625 0.1875 173
0.6666666666666666 0.1875 194
0.7083333333333333 0.1875 138
0.75 0.1875 128
0.7916666666666666 0.1875 143
0.8333333333333333 0.1875 125
0.875 0.1875 147
0.9166666666666666 0.1875 152
0.9583333333333333 0.1875 52
1.0 0.1875 90
0.0 0.20833333333333331 197
0.041666666666666664 0.20833333333333331 176
0.08333333333333333 0.20833333333333331 184
0.125 0.20833333333333331 188
0.16666666666666666 0.20833333333333331 167
0.20833333333333331 0.20833333333333331 192
0.25 0.20833333333333331 202
0.29166666666666663 0.20833333333333331 191
0.3333333333333333 0.20833333333333331 175
0.375 0.20833333333333331 186
0.41666666666666663 0.20833333333333331 162
0.4583333333333333 0.20833333333333331 178
0.5 0.20833333333333331 193
0.5416666666666666 0.20833333333333331 156
0.5833333333333333 0.20833333333333331 166
0.625 0.20833333333333331 183
0.6666666666666666 0.20833333333333331 150
0.7083333333333333 0.20833333333333331 142
0.75 0.20833333333333331 138
0.7916666666666666 0.20833333333333331 157
0.8333333333333333 0.20833333333333331 139
0.875 0.20833333333333331 141
0.9166666666666666 0.20833333333333331 171
0.9583333333333333 0.20833333333333331 178
1.0 0.20833333333333331 176
0.0 0.22916666666666666 209
0.041666666666666664 0.22916666666666666 146
0.08333333333333333 0.22916666666666666 188
0.125 0.22916666666666666 186
0.16666666666666666 0.22916666666666666 178
0.20833333333333331 0.22916666666666666 161
0.25 0.22916666666666666 169
0.29166666666666663 0.22916666666666666 190
0.3333333333333333 0.22916666666666666 159
0.375 0.22916666666666666 167
0.41666666666666663 0.22916666666666666 170
0.4583333333333333 0.22916666666666666 177
0.5 0.22916666666666666 174
0.5416666666666666 0.22916666666666666 143
0.5833333333333333 0.22916666666666666 157
0.625 0.22916666666666666 170
0.6666666666666666 0.22916666666666666 177
0.7083333333333333 0.22916666666666666 147
0.75 0.22916666666666666 201
0.7916666666666666 0.22916666666666666 121
0.8333333333333333 0.22916666666666666 131
0.875 0.22916666666666666 145
0.9166666666666666 0.22916666666666666 141
0.9583333333333333 0.22916666666666666 73
1.0 0.22916666666666666 153
0.0 0.25 201
0.041666666666666664 0.25 190
0.08333333333333333 0.25 190
0.125 0.25 188
0.16666666666666666 0.25 204
0.20833333333333331 0.25 157
0.25 0.25 187
0.29166666666666663 0.25 166
0.3333333333333333 0.25 183
0.375 0.25 194
0.41666666666666663 0.25 165
0.4583333333333333 0.25 192
0.5 0.25 165
0.5416666666666666 0.25 151
0.5833333333333333 0.25 191
0.625 0.25 173
0.6666666666666666 0.25 180
0.7083333333333333 0.25 149
0.75 0.25 121
0.7916666666666666 0.25 118
0.8333333333333333 0.25 105
0.875 0.25 106
0.9166666666666666 0.25 140
0.9583333333333333 0.25 133
1.0 0.25 200
0.0 0.2708333333333333 201
0.041666666666666664 0.2708333333333333 200
0.08333333333333333 0.2708333333333333 191
0.125 0.2708333333333333 219
0.16666666666666666 0.2708333333333333 192
0.20833333333333331 0.2708333333333333 166
0.25 0.2708333333333333 170
0.29166666666666663 0.2708333333333333 196
0.3333333333333333 0.2708333333333333 187
0.375 0.2708333333333333 149
0.41666666666666663 0.2708333333333333 178
0.4583333333333333 0.2708333333333333 170
0.5 0.2708333333333333 159
0.5416666666666666 0.2708333333333333 183
0.5833333333333333 0.2708333333333333 159
0.625 0.2708333333333333 196
0.6666666666666666 0.2708333333333333 172
0.7083333333333333 0.2708333333333333 154
0.75 0.2708333333333333 131
0.7916666666666666 0.2708333333333333 195
0.8333333333333333 0.2708333333333333 145
0.875 0.2708333333333333 145
0.9166666666666666 0.2708333333333333 176
0.9583333333333333 0.2708333333333333 183
1.0 0.2708333333333333 139
0.0 0.29166666666666663 206
0.041666666666666664 0.29166666666666663 184
0.08333333333333333 0.29166666666666663 188
0.125 0.29166666666666663 201
0.16666666666666666 0.29166666666666663 204
0.20833333333333331 0.29166666666666663 189
0.25 0.29166666666666663 194
0.29166666666666663 0.29166666666666663 202
0.3333333333333333 0.29166666666666663 189
0.375 0.29166666666666663 205
0.41666666666666663 0.29166666666666663 200
0.4583333333333333 0.29166666666666663 172
0.5 0.29166666666666663 204
0.5416666666666666 0.29166666666666663 200
0.5833333333333333 0.29166666666666663 199
0.625 0.29166666666666663 193
0.6666666666666666 0.29166666666666663 167
0.7083333333333333 0.29166666666666663 160
0.75 0.29166666666666663 139
0.7916666666666666 0.29166666666666663 190
0.8333333333333333 0.29166666666666663 123
0.875 0.29166666666666663 201
0.9166666666666666 0.29166666666666663 185
0.9583333333333333 0.29166666666666663 135
1.0 0.29166666666666663 79
0.0 0.3125 0
0.041666666666666664 0.3125 203
0.08333333333333333 0.3125 184
0.125 0.3125 190
0.16666666666666666 0.3125 217
0.20833333333333331 0.3125 184
0.25 0.3125 199
0.29166666666666663 0.3125 197
0.3333333333333333 0.3125 175
0.375 0.3125 169
0.41666666666666663 0.3125 181
0.4583333333333333 0.3125 197
0.5 0.3125 187
0.5416666666666666 0.3125 159
0.5833333333333333 0.3125 156
0.625 0.3125 150
0.6666666666666666 0.3125 170
0.7083333333333333 0.3125 198
0.75 0.3125 148
0.7916666666666666 0.3125 154
0.8333333333333333 0.3125 110
0.875 0.3125 199
0.9166666666666666 0.3125 182
0.9583333333333333 0.3125 138
1.0 0.3125 188
0.0 0.3333333333333333 182
0.041666666666666664 0.3333333333333333 195
0.08333333333333333 0.3333333333333333 201
0.125 0.3333333333333333 198
0.16666666666666666 0.3333333333333333 191
0.20833333333333331 0.3333333333333333 213
0.25 0.3333333333333333 183
0.29166666666666663 0.3333333333333333 187
0.3333333333333333 0.3333333333333333 164
0.375 0.3333333333333333 182
0.41666666666666663 0.3333333333333333 187
0.4583333333333333 0.3333333333333333 156
0.5 0.3333333333333333 199
0.5416666666666666 0.3333333333333333 169
0.5833333333333333 0.3333333333333333 175
0.625 0.3333333333333333 159
0.6666666666666666 0.3333333333333333 173
0.7083333333333333 0.3333333333333333 161
0.75 0.3333333333333333 168
0.7916666666666666 0.3333333333333333 208
0.8333333333333333 0.3333333333333333 168
0.875 0.3333333333333333 124
0.9166666666666666 0.3333333333333333 205
0.9583333333333333 0.3333333333333333 197
1.0 0.3333333333333333 149
0.0 0.35416666666666663 182
0.041666666666666664 0.35416666666666663 195
0.08333333333333333 0.35416666666666663 213
0.125 0.35416666666666663 185
0.16666666666666666 0.35416666666666663 206
0.20833333333333331 0.35416666666666663 187
0.25 0.35416666666666663 198
0.29166666666666663 0.35416666666666663 199
0.3333333333333333 0.35416666666666663 183
0.375 0.35416666666666663 207
0.41666666666666663 0.35416666666666663 194
0.4583333333333333 0.35416666666666663 170
0.5 0.35416666666666663 189
0.5416666666666666 0.35416666666666663 195
0.5833333333333333 0.35416666666666663 150
0.625 0.35416666666666663 146
0.6666666666666666 0.35416666666666663 157
0.7083333333333333 0.35416666666666663 170
0.75 0.35416666666666663 171
0.7916666666666666 0.35416666666666663 144
0.8333333333333333 0.35416666666666663 173
0.875 0.35416666666666663 206
0.9166666666666666 0.35416666666666663 147
0.9583333333333333 0.35416666666666663 159
1.0 0.35416666666666663 218
0.0 0.375 172
0.041666666666666664 0.375 178
0.08333333333333333 0.375 193
0.125 0.375 220
0.16666666666666666 0.375 187
0.20833333333333331 0.375 184
0.25 0.375 166
0.29166666666666663 0.375 188
0.3333333333333333 0.375 171
0.375 0.375 171
0.41666666666666663 0.375 174
0.4583333333333333 0.375 175
0.5 0.375 155
0.5416666666666666 0.375 182
0.5833333333333333 0.375 191
0.625 0.375 204
0.6666666666666666 0.375 199
0.7083333333333333 0.375 142
0.75 0.375 177
0.7916666666666666 0.375 135
0.8333333333333333 0.375 141
0.875 0.375 109
0.9166666666666666 0.375 149
0.9583333333333333 0.375 193
1.0 0.375 159
0.0 0.3958333333333333 177
0.041666666666666664 0.3958333333333333 204
0.08333333333333333 0.3958333333333333 198
0.125 0.3958333333333333 181
0.16666666666666666 0.3958333333333333 204
0.20833333333333331 0.3958333333333333 185
0.25 0.3958333333333333 193
0.29166666666666663 0.3958333333333333 173
0.3333333333333333 0.3958333333333333 203
0.375 0.3958333333333333 183
0.41666666666666663 0.3958333333333333 155
0.4583333333333333 0.3958333333333333 156
0.5 0.3958333333333333 173
0.5416666666666666 0.3958333333333333 181
0.5833333333333333 0.3958333333333333 225
0.625 0.3958333333333333 210
0.6666666666666666 0.3958333333333333 172
0.7083333333333333 0.3958333333333333 202
0.75 0.3958333333333333 168
0.7916666666666666 0.3958333333333333 132
0.8333333333333333 0.3958333333333333 197
0.875 0.3958333333333333 205
0.9166666666666666 0.3958333333333333 184
0.9583333333333333 0.3958333333333333 190
1.0 0.3958333333333333 159
0.0 0.41666666666666663 186
0.041666666666666664 0.41666666666666663 204
0.08333333333333333 0.41666666666666663 172
0.125 0.41666666666666663 154
0.16666666666666666 0.41666666666666663 163
0.20833333333333331 0.41666666666666663 194
0.25 0.41666666666666663 197
0.29166666666666663 0.41666666666666663 182
0.3333333333333333 0.41666666666666663 199
0.375 0.41666666666666663 190
0.41666666666666663 0.41666666666666663 173
0.4583333333333333 0.41666666666666663 176
0.5 0.41666666666666663 202
0.5416666666666666 0.41666666666666663 146
0.5833333333333333 0.41666666666666663 201
0.625 0.41666666666666663 199
0.6666666666666666 0.41666666666666663 160
0.7083333333333333 0.41666666666666663 163
0.75 0.41666666666666663 213
0.7916666666666666 0.41666666666666663 210
0.8333333333333333 0.41666666666666663 212
0.875 0.41666666666666663 167
0.9166666666666666 0.41666666666666663 192
0.9583333333333333 0.41666666666666663 194
1.0 0.41666666666666663 123
0.0 0.4375 166
0.041666666666666664 0.4375 189
0.08333333333333333 0.4375 205
0.125 0.4375 192
0.16666666666666666 0.4375 187
0.20833333333333331 0.4375 183
0.25 0.4375 215
0.29166666666666663 0.4375 187
0.3333333333333333 0.4375 179
0.375 0.4375 201
0.41666666666666663 0.4375 193
0.4583333333333333 0.4375 182
0.5 0.4375 203
0.5416666666666666 0.4375 199
0.5833333333333333 0.4375 197
0.625 0.4375 153
0.6666666666666666 0.4375 171
0.7083333333333333 0.4375 171
0.75 0.4375 202
0.7916666666666666 0.4375 153
0.8333333333333333 0.4375 115
0.875 0.4375 182
0.9166666666666666 0.4375 202
0.9583333333333333 0.4375 200
1.0 0.4375 193
0.0 0.4583333333333333 207
0.041666666666666664 0.4583333333333333 197
0.08333333333333333 0.4583333333333333 171
0.125 0.4583333333333333 197
0.16666666666666666 0.4583333333333333 175
0.20833333333333331 0.4583333333333333 187
0.25 0.4583333333333333 180
0.29166666666666663 0.4583333333333333 196
0.3333333333333333 0.4583333333333333 190
0.375 0.4583333333333333 171
0.41666666666666663 0.4583333333333333 176
0.4583333333333333 0.4583333333333333 149
0.5 0.4583333333333333 219
0.5416666666666666 0.4583333333333333 168
0.5833333333333333 0.4583333333333333 204
0.625 0.4583333333333333 165
0.6666666666666666 0.4583333333333333 205
0.7083333333333333 0.4583333333333333 171
0.75 0.4583333333333333 183
0.7916666666666666 0.4583333333333333 175
0.8333333333333333 0.4583333333333333 135
0.875 0.4583333333333333 214
0.9166666666666666 0.4583333333333333 113
0.9583333333333333 0.4583333333333333 169
1.0 0.4583333333333333 122
0.0 0.47916666666666663 214
0.041666666666666664 0.47916666666666663 183
0.08333333333333333 0.47916666666666663 209
0.125 0.47916666666666663 179
0.16666666666666666 0.47916666666666663 196
0.20833333333333331 0.47916666666666663 200
0.25 0.47916666666666663 168
0.29166666666666663 0.47916666666666663 211
0.3333333333333333 0.47916666666666663 191
0.375 0.47916666666666663 229
0.41666666666666663 0.47916666666666663 232
0.4583333333333333 0.47916666666666663 215
0.5 0.47916666666666663 191
0.5416666666666666 0.47916666666666663 169
0.5833333333333333 0.47916666666666663 172
0.625 0.47916666666666663 196
0.6666666666666666 0.47916666666666663 162
0.7083333333333333 0.47916666666666663 176
0.75 0.47916666666666663 172
0.7916666666666666 0.47916666666666663 180
0.8333333333333333 0.47916666666666663 160
0.875 0.47916666666666663 219
0.9166666666666666 0.47916666666666663 153
0.9583333333333333 0.47916666666666663 1
1.0 0.47916666666666663 165
0.0 0.5 217
0.041666666666666664 0.5 167
0.08333333333333333 0.5 177
0.125 0.5 176
0.16666666666666666 0.5 194
0.20833333333333331 0.5 183
0.25 0.5 226
0.29166666666666663 0.5 209
0.3333333333333333 0.5 230
0.375 0.5 179
0.41666666666666663 0.5 214
0.4583333333333333 0.5 176
0.5 0.5 203
0.5416666666666666 0.5 180
0.5833333333333333 0.5 199
0.625 0.5 157
0.6666666666666666 0.5 181
0.7083333333333333 0.5 192
0.75 0.5 186
0.7916666666666666 0.5 150
0.8333333333333333 0.5 193
0.875 0.5 199
0.9166666666666666 0.5 165
0.9583333333333333 0.5 154
1.0 0.5 142
