0.0 0.0 182
0.041666666666666664 0.0 175
0.08333333333333333 0.0 197
0.125 0.0 190
0.16666666666666666 0.0 202
0.20833333333333331 0.0 184
0.25 0.0 171
0.29166666666666663 0.0 173
0.3333333333333333 0.0 166
0.375 0.0 184
0.41666666666666663 0.0 185
0.4583333333333333 0.0 177
0.5 0.0 176
0.5416666666666666 0.0 162
0.5833333333333333 0.0 160
0.625 0.0 136
0.6666666666666666 0.0 148
0.7083333333333333 0.0 124
0.75 0.0 141
0.7916666666666666 0.0 127
0.8333333333333333 0.0 98
0.875 0.0 82
0.9166666666666666 0.0 82
0.9583333333333333 0.0 0
1.0 0.0 1
0.0 0.020833333333333332 189
0.041666666666666664 0.020833333333333332 189
0.08333333333333333 0.020833333333333332 166
0.125 0.020833333333333332 191
0.16666666666666666 0.020833333333333332 185
0.20833333333333331 0.020833333333333332 176
0.25 0.020833333333333332 186
0.29166666666666663 0.020833333333333332 179
0.3333333333333333 0.020833333333333332 172
0.375 0.020833333333333332 170
0.41666666666666663 0.020833333333333332 184
0.4583333333333333 0.020833333333333332 161
0.5 0.020833333333333332 157
0.5416666666666666 0.020833333333333332 153
0.5833333333333333 0.020833333333333332 172
0.625 0.020833333333333332 168
0.6666666666666666 0.020833333333333332 148
0.7083333333333333 0.020833333333333332 129
0.75 0.020833333333333332 139
0.7916666666666666 0.020833333333333332 135
0.8333333333333333 0.020833333333333332 127
0.875 0.020833333333333332 98
0.9166666666666666 0.020833333333333332 74
0.9583333333333333 0.020833333333333332 26
1.0 0.020833333333333332 22
0.0 0.041666666666666664 189
0.041666666666666664 0.041666666666666664 185
0.08333333333333333 0.041666666666666664 192
0.125 0.041666666666666664 216
0.16666666666666666 0.041666666666666664 234
0.20833333333333331 0.041666666666666664 169
0.25 0.041666666666666664 192
0.29166666666666663 0.041666666666666664 171
0.3333333333333333 0.041666666666666664 169
0.375 0.041666666666666664 190
0.41666666666666663 0.041666666666666664 150
0.4583333333333333 0.041666666666666664 169
0.5 0.041666666666666664 160
0.5416666666666666 0.041666666666666664 156
0.5833333333333333 0.041666666666666664 167
0.625 0.041666666666666664 169
0.6666666666666666 0.041666666666666664 150
0.7083333333333333 0.041666666666666664 149
0.75 0.041666666666666664 120
0.7916666666666666 0.041666666666666664 130
0.8333333333333333 0.041666666666666664 91
0.875 0.041666666666666664 106
0.9166666666666666 0.041666666666666664 90
0.9583333333333333 0.041666666666666664 41
1.0 0.041666666666666664 16
0.0 0.0625 162
0.041666666666666664 0.0625 163
0.08333333333333333 0.0625 183
0.125 0.0625 177
0.16666666666666666 0.0625 182
0.20833333333333331 0.0625 190
0.25 0.0625 180
0.29166666666666663 0.0625 192
0.3333333333333333 0.0625 183
0.375 0.0625 167
0.41666666666666663 0.0625 174
0.4583333333333333 0.0625 162
0.5 0.0625 147
0.5416666666666666 0.0625 160
0.5833333333333333 0.0625 163
0.625 0.0625 162
0.6666666666666666 0.0625 142
0.7083333333333333 0.0625 147
0.75 0.0625 140
0.7916666666666666 0.0625 137
0.8333333333333333 0.0625 136
0.875 0.0625 99
0.9166666666666666 0.0625 108
0.9583333333333333 0.0625 48
1.0 0.0625 71
0.0 0.08333333333333333 194
0.041666666666666664 0.08333333333333333 171
0.08333333333333333 0.08333333333333333 180
0.125 0.08333333333333333 170
0.16666666666666666 0.08333333333333333 178
0.20833333333333331 0.08333333333333333 173
0.25 0.08333333333333333 169
0.29166666666666663 0.08333333333333333 190
0.3333333333333333 0.08333333333333333 200
0.375 0.08333333333333333 172
0.41666666666666663 0.08333333333333333 187
0.4583333333333333 0.08333333333333333 156
0.5 0.08333333333333333 170
0.5416666666666666 0.08333333333333333 164
0.5833333333333333 0.08333333333333333 152
0.625 0.08333333333333333 157
0.6666666666666666 0.08333333333333333 142
0.7083333333333333 0.08333333333333333 148
0.75 0.08333333333333333 153
0.7916666666666666 0.08333333333333333 145
0.8333333333333333 0.08333333333333333 135
0.875 0.08333333333333333 88
0.9166666666666666 0.08333333333333333 68
0.9583333333333333 0.08333333333333333 66
1.0 0.08333333333333333 45
0.0 0.10416666666666666 190
0.041666666666666664 0.10416666666666666 196
0.08333333333333333 0.10416666666666666 163
0.125 0.10416666666666666 204
0.16666666666666666 0.10416666666666666 181
0.20833333333333331 0.10416666666666666 161
0.25 0.10416666666666666 182
0.29166666666666663 0.10416666666666666 165
0.3333333333333333 0.10416666666666666 187
0.375 0.10416666666666666 174
0.41666666666666663 0.10416666666666666 193
0.4583333333333333 0.10416666666666666 163
0.5 0.10416666666666666 170
0.5416666666666666 0.10416666666666666 171
0.5833333333333333 0.10416666666666666 151
0.625 0.10416666666666666 135
0.6666666666666666 0.10416666666666666 160
0.7083333333333333 0.10416666666666666 147
0.75 0.10416666666666666 148
0.7916666666666666 0.10416666666666666 128
0.8333333333333333 0.10416666666666666 99
0.875 0.10416666666666666 99
0.9166666666666666 0.10416666666666666 96
0.9583333333333333 0.10416666666666666 58
1.0 0.10416666666666666 110
0.0 0.125 190
0.041666666666666664 0.125 189
0.08333333333333333 0.125 192
0.125 0.125 185
0.16666666666666666 0.125 187
0.20833333333333331 0.125 177
0.25 0.125 183
0.29166666666666663 0.125 143
0.3333333333333333 0.125 183
0.375 0.125 183
0.41666666666666663 0.125 181
0.4583333333333333 0.125 155
0.5 0.125 183
0.5416666666666666 0.125 166
0.5833333333333333 0.125 165
0.625 0.125 136
0.6666666666666666 0.125 126
0.7083333333333333 0.125 142
0.75 0.125 138
0.7916666666666666 0.125 119
0.8333333333333333 0.125 124
0.875 0.125 94
0.9166666666666666 0.125 78
0.9583333333333333 0.125 122
1.0 0.125 105
0.0 0.14583333333333331 210
0.041666666666666664 0.14583333333333331 195
0.08333333333333333 0.14583333333333331 166
0.125 0.14583333333333331 165
0.16666666666666666 0.14583333333333331 202
0.20833333333333331 0.14583333333333331 182
0.25 0.14583333333333331 173
0.29166666666666663 0.14583333333333331 176
0.3333333333333333 0.14583333333333331 175
0.375 0.14583333333333331 163
0.41666666666666663 0.14583333333333331 156
0.4583333333333333 0.14583333333333331 154
0.5 0.14583333333333331 165
0.5416666666666666 0.14583333333333331 146
0.5833333333333333 0.14583333333333331 185
0.625 0.14583333333333331 188
0.6666666666666666 0.14583333333333331 136
0.7083333333333333 0.14583333333333331 143
0.75 0.14583333333333331 140
0.7916666666666666 0.14583333333333331 117
0.8333333333333333 0.14583333333333331 145
0.875 0.14583333333333331 107
0.9166666666666666 0.14583333333333331 111
0.9583333333333333 0.14583333333333331 80
1.0 0.14583333333333331 90
0.0 0.16666666666666666 168
0.041666666666666664 0.16666666666666666 215
0.08333333333333333 0.16666666666666666 171
0.125 0.16666666666666666 176
0.16666666666666666 0.16666666666666666 158
0.20833333333333331 0.16666666666666666 171
0.25 0.16666666666666666 175
0.29166666666666663 0.16666666666666666 158
0.3333333333333333 0.16666666666666666 194
0.375 0.16666666666666666 181
0.41666666666666663 0.16666666666666666 169
0.4583333333333333 0.16666666666666666 159
0.5 0.16666666666666666 157
0.5416666666666666 0.16666666666666666 167
0.5833333333333333 0.16666666666666666 182
0.625 0.16666666666666666 155
0.6666666666666666 0.16666666666666666 160
0.7083333333333333 0.16666666666666666 126
0.75 0.16666666666666666 144
0.7916666666666666 0.16666666666666666 119
0.8333333333333333 0.16666666666666666 104
0.875 0.16666666666666666 140
0.9166666666666666 0.16666666666666666 181
0.9583333333333333 0.16666666666666666 172
1.0 0.16666666666666666 61
0.0 0.1875 194
0.041666666666666664 0.1875 181
0.08333333333333333 0.1875 205
0.125 0.1875 189
0.16666666666666666 0.1875 183
0.20833333333333331 0.1875 168
0.25 0.1875 153
0.29166666666666663 0.1875 172
0.3333333333333333 0.1875 198
0.375 0.1875 190
0.41666666666666663 0.1875 180
0.4583333333333333 0.1875 148
0.5 0.1875 204
0.5416666666666666 0.1875 137
0.5833333333333333 0.1875 149
0.625 0.1875 189
0.6666666666666666 0.1875 159
0.7083333333333333 0.1875 142
0.75 0.1875 179
0.7916666666666666 0.1875 104
0.8333333333333333 0.1875 188
0.875 0.1875 164
0.9166666666666666 0.1875 140
0.9583333333333333 0.1875 122
1.0 0.1875 118
0.0 0.20833333333333331 192
0.041666666666666664 0.20833333333333331 170
0.08333333333333333 0.20833333333333331 186
0.125 0.20833333333333331 158
0.16666666666666666 0.20833333333333331 206
0.20833333333333331 0.20833333333333331 168
0.25 0.20833333333333331 203
0.29166666666666663 0.20833333333333331 184
0.3333333333333333 0.20833333333333331 175
0.375 0.20833333333333331 177
0.41666666666666663 0.20833333333333331 169
0.4583333333333333 0.20833333333333331 182
0.5 0.20833333333333331 172
0.5416666666666666 0.20833333333333331 195
0.5833333333333333 0.20833333333333331 172
0.625 0.20833333333333331 189
0.6666666666666666 0.20833333333333331 165
0.7083333333333333 0.20833333333333331 163
0.75 0.20833333333333331 155
0.7916666666666666 0.20833333333333331 125
0.8333333333333333 0.20833333333333331 165
0.875 0.20833333333333331 182
0.9166666666666666 0.20833333333333331 104
0.9583333333333333 0.20833333333333331 132
1.0 0.20833333333333331 54
0.0 0.22916666666666666 184
0.041666666666666664 0.22916666666666666 169
0.08333333333333333 0.22916666666666666 161
0.125 0.22916666666666666 201
0.16666666666666666 0.22916666666666666 181
0.20833333333333331 0.22916666666666666 208
0.25 0.22916666666666666 185
0.29166666666666663 0.22916666666666666 195
0.3333333333333333 0.22916666666666666 187
0.375 0.22916666666666666 184
0.41666666666666663 0.22916666666666666 178
0.4583333333333333 0.22916666666666666 185
0.5 0.22916666666666666 166
0.5416666666666666 0.22916666666666666 142
0.5833333333333333 0.22916666666666666 178
0.625 0.22916666666666666 170
0.6666666666666666 0.22916666666666666 199
0.7083333333333333 0.22916666666666666 138
0.75 0.22916666666666666 146
0.7916666666666666 0.22916666666666666 126
0.8333333333333333 0.22916666666666666 130
0.875 0.22916666666666666 160
0.9166666666666666 0.22916666666666666 179
0.9583333333333333 0.22916666666666666 176
1.0 0.22916666666666666 53
0.0 0.25 208
0.041666666666666664 0.25 199
0.08333333333333333 0.25 176
0.125 0.25 189
0.16666666666666666 0.25 217
0.20833333333333331 0.25 180
0.25 0.25 1
0.29166666666666663 0.25 184
0.3333333333333333 0.25 205
0.375 0.25 177
0.41666666666666663 0.25 174
0.4583333333333333 0.25 205
0.5 0.25 146
0.5416666666666666 0.25 189
0.5833333333333333 0.25 161
0.625 0.25 134
0.6666666666666666 0.25 143
0.7083333333333333 0.25 127
0.75 0.25 120
0.7916666666666666 0.25 136
0.8333333333333333 0.25 108
0.875 0.25 124
0.9166666666666666 0.25 100
0.9583333333333333 0.25 169
1.0 0.25 89
0.0 0.2708333333333333 188
0.041666666666666664 0.2708333333333333 169
0.08333333333333333 0.2708333333333333 196
0.125 0.2708333333333333 193
0.16666666666666666 0.2708333333333333 176
0.20833333333333331 0.2708333333333333 207
0.25 0.2708333333333333 199
0.29166666666666663 0.2708333333333333 199
0.3333333333333333 0.2708333333333333 207
0.375 0.2708333333333333 166
0.41666666666666663 0.2708333333333333 178
0.4583333333333333 0.2708333333333333 191
0.5 0.2708333333333333 177
0.5416666666666666 0.2708333333333333 165
0.5833333333333333 0.2708333333333333 171
0.625 0.2708333333333333 164
0.6666666666666666 0.2708333333333333 161
0.7083333333333333 0.2708333333333333 182
0.75 0.2708333333333333 121
0.7916666666666666 0.2708333333333333 168
0.8333333333333333 0.2708333333333333 114
0.875 0.2708333333333333 131
0.9166666666666666 0.2708333333333333 202
0.9583333333333333 0.2708333333333333 147
1.0 0.2708333333333333 107
0.0 0.29166666666666663 191
0.041666666666666664 0.29166666666666663 185
0.08333333333333333 0.29166666666666663 202
0.125 0.29166666666666663 190
0.16666666666666666 0.29166666666666663 179
0.20833333333333331 0.29166666666666663 166
0.25 0.29166666666666663 175
0.29166666666666663 0.29166666666666663 190
0.3333333333333333 0.29166666666666663 195
0.375 0.29166666666666663 161
0.41666666666666663 0.29166666666666663 172
0.4583333333333333 0.29166666666666663 200
0.5 0.29166666666666663 177
0.5416666666666666 0.29166666666666663 173
0.5833333333333333 0.29166666666666663 181
0.625 0.29166666666666663 167
0.6666666666666666 0.29166666666666663 204
0.7083333333333333 0.29166666666666663 162
0.75 0.29166666666666663 195
0.7916666666666666 0.29166666666666663 142
0.8333333333333333 0.29166666666666663 125
0.875 0.29166666666666663 195
0.9166666666666666 0.29166666666666663 145
0.9583333333333333 0.29166666666666663 193
1.0 0.29166666666666663 1
0.0 0.3125 163
0.041666666666666664 0.3125 178
0.08333333333333333 0.3125 206
0.125 0.3125 165
0.16666666666666666 0.3125 183
0.20833333333333331 0.3125 171
0.25 0.3125 194
0.29166666666666663 0.3125 167
0.3333333333333333 0.3125 188
0.375 0.3125 182
0.41666666666666663 0.3125 165
0.4583333333333333 0.3125 208
0.5 0.3125 186
0.5416666666666666 0.3125 159
0.5833333333333333 0.3125 179
0.625 0.3125 179
0.6666666666666666 0.3125 207
0.7083333333333333 0.3125 144
0.75 0.3125 204
0.7916666666666666 0.3125 124
0.8333333333333333 0.3125 189
0.875 0.3125 120
0.9166666666666666 0.3125 97
0.9583333333333333 0.3125 156
1.0 0.3125 112
0.0 0.3333333333333333 190
0.041666666666666664 0.3333333333333333 209
0.08333333333333333 0.3333333333333333 197
0.125 0.3333333333333333 192
0.16666666666666666 0.3333333333333333 174
0.20833333333333331 0.3333333333333333 208
0.25 0.3333333333333333 183
0.29166666666666663 0.3333333333333333 199
0.3333333333333333 0.3333333333333333 178
0.375 0.3333333333333333 198
0.41666666666666663 0.3333333333333333 197
0.4583333333333333 0.3333333333333333 184
0.5 0.3333333333333333 196
0.5416666666666666 0.3333333333333333 171
0.5833333333333333 0.3333333333333333 223
0.625 0.3333333333333333 153
0.6666666666666666 0.3333333333333333 206
0.7083333333333333 0.3333333333333333 183
0.75 0.3333333333333333 175
0.7916666666666666 0.3333333333333333 179
0.8333333333333333 0.3333333333333333 115
0.875 0.3333333333333333 106
0.9166666666666666 0.3333333333333333 168
0.9583333333333333 0.3333333333333333 0
1.0 0.3333333333333333 203
0.0 0.35416666666666663 189
0.041666666666666664 0.35416666666666663 162
0.08333333333333333 0.35416666666666663 186
0.125 0.35416666666666663 190
0.16666666666666666 0.35416666666666663 181
0.20833333333333331 0.35416666666666663 199
0.25 0.35416666666666663 171
0.29166666666666663 0.35416666666666663 188
0.3333333333333333 0.35416666666666663 204
0.375 0.35416666666666663 162
0.41666666666666663 0.35416666666666663 193
0.4583333333333333 0.35416666666666663 197
0.5 0.35416666666666663 179
0.5416666666666666 0.35416666666666663 163
0.5833333333333333 0.35416666666666663 141
0.625 0.35416666666666663 163
0.6666666666666666 0.35416666666666663 163
0.7083333333333333 0.35416666666666663 150
0.75 0.35416666666666663 210
0.7916666666666666 0.35416666666666663 119
0.8333333333333333 0.35416666666666663 178
0.875 0.35416666666666663 187
0.9166666666666666 0.35416666666666663 189
0.9583333333333333 0.35416666666666663 188
1.0 0.35416666666666663 96
0.0 0.375 166
0.041666666666666664 0.375 185
0.08333333333333333 0.375 192
0.125 0.375 206
0.16666666666666666 0.375 193
0.20833333333333331 0.375 187
0.25 0.375 182
0.29166666666666663 0.375 180
0.3333333333333333 0.375 199
0.375 0.375 156
0.41666666666666663 0.375 162
0.4583333333333333 0.375 193
0.5 0.375 175
0.5416666666666666 0.375 222
0.5833333333333333 0.375 179
0.625 0.375 173
0.6666666666666666 0.375 156
0.7083333333333333 0.375 205
0.75 0.375 176
0.7916666666666666 0.375 188
0.8333333333333333 0.375 190
0.875 0.375 199
0.9166666666666666 0.375 95
0.9583333333333333 0.375 168
1.0 0.375 123
0.0 0.3958333333333333 216
0.041666666666666664 0.3958333333333333 182
0.08333333333333333 0.3958333333333333 189
0.125 0.3958333333333333 217
0.16666666666666666 0.3958333333333333 181
0.20833333333333331 0.3958333333333333 163
0.25 0.3958333333333333 193
0.29166666666666663 0.3958333333333333 194
0.3333333333333333 0.3958333333333333 173
0.375 0.3958333333333333 169
0.41666666666666663 0.3958333333333333 173
0.4583333333333333 0.3958333333333333 218
0.5 0.3958333333333333 196
0.5416666666666666 0.3958333333333333 156
0.5833333333333333 0.3958333333333333 167
0.625 0.3958333333333333 155
0.6666666666666666 0.3958333333333333 183
0.7083333333333333 0.3958333333333333 192
0.75 0.3958333333333333 165
0.7916666666666666 0.3958333333333333 0
0.8333333333333333 0.3958333333333333 187
0.875 0.3958333333333333 134
0.9166666666666666 0.3958333333333333 178
0.9583333333333333 0.3958333333333333 167
1.0 0.3958333333333333 204
0.0 0.41666666666666663 162
0.041666666666666664 0.41666666666666663 207
0.08333333333333333 0.41666666666666663 208
0.125 0.41666666666666663 192
0.16666666666666666 0.41666666666666663 189
0.20833333333333331 0.41666666666666663 172
0.25 0.41666666666666663 209
0.29166666666666663 0.41666666666666663 187
0.3333333333333333 0.41666666666666663 208
0.375 0.41666666666666663 157
0.41666666666666663 0.41666666666666663 205
0.4583333333333333 0.41666666666666663 161
0.5 0.41666666666666663 201
0.5416666666666666 0.41666666666666663 186
0.5833333333333333 0.41666666666666663 181
0.625 0.41666666666666663 160
0.6666666666666666 0.41666666666666663 160
0.7083333333333333 0.41666666666666663 177
0.75 0.41666666666666663 194
0.7916666666666666 0.41666666666666663 184
0.8333333333333333 0.41666666666666663 197
0.875 0.41666666666666663 156
0.9166666666666666 0.41666666666666663 204
0.9583333333333333 0.41666666666666663 150
1.0 0.41666666666666663 110
0.0 0.4375 177
0.041666666666666664 0.4375 190
0.08333333333333333 0.4375 159
0.125 0.4375 180
0.16666666666666666 0.4375 157
0.20833333333333331 0.4375 204
0.25 0.4375 161
0.29166666666666663 0.4375 174
0.3333333333333333 0.4375 179
0.375 0.4375 197
0.41666666666666663 0.4375 158
0.4583333333333333 0.4375 172
0.5 0.4375 168
0.5416666666666666 0.4375 220
0.5833333333333333 0.4375 217
0.625 0.4375 193
0.6666666666666666 0.4375 184
0.7083333333333333 0.4375 191
0.75 0.4375 182
0.7916666666666666 0.4375 184
0.8333333333333333 0.4375 146
0.875 0.4375 143
0.9166666666666666 0.4375 209
0.9583333333333333 0.4375 165
1.0 0.4375 205
0.0 0.4583333333333333 197
0.041666666666666664 0.4583333333333333 175
0.08333333333333333 0.4583333333333333 196
0.125 0.4583333333333333 174
0.16666666666666666 0.4583333333333333 192
0.20833333333333331 0.4583333333333333 182
0.25 0.4583333333333333 196
0.29166666666666663 0.4583333333333333 194
0.3333333333333333 0.4583333333333333 179
0.375 0.4583333333333333 163
0.41666666666666663 0.4583333333333333 170
0.4583333333333333 0.4583333333333333 210
0.5 0.4583333333333333 162
0.5416666666666666 0.4583333333333333 188
0.5833333333333333 0.4583333333333333 182
0.625 0.4583333333333333 202
0.6666666666666666 0.4583333333333333 172
0.7083333333333333 0.4583333333333333 201
0.75 0.4583333333333333 193
0.7916666666666666 0.4583333333333333 192
0.8333333333333333 0.4583333333333333 160
0.875 0.4583333333333333 183
0.9166666666666666 0.4583333333333333 187
0.9583333333333333 0.4583333333333333 155
1.0 0.4583333333333333 174
0.0 0.47916666666666663 182
0.041666666666666664 0.47916666666666663 204
0.08333333333333333 0.47916666666666663 187
0.125 0.47916666666666663 198
0.16666666666666666 0.47916666666666663 201
0.20833333333333331 0.47916666666666663 209
0.25 0.47916666666666663 192
0.29166666666666663 0.47916666666666663 223
0.3333333333333333 0.47916666666666663 181
0.375 0.47916666666666663 198
0.41666666666666663 0.47916666666666663 206
0.4583333333333333 0.47916666666666663 193
0.5 0.47916666666666663 195
0.5416666666666666 0.47916666666666663 178
0.5833333333333333 0.47916666666666663 200
0.625 0.47916666666666663 177
0.6666666666666666 0.47916666666666663 193
0.7083333333333333 0.47916666666666663 185
0.75 0.47916666666666663 225
0.7916666666666666 0.47916666666666663 185
0.8333333333333333 0.47916666666666663 217
0.875 0.47916666666666663 165
0.9166666666666666 0.47916666666666663 141
0.9583333333333333 0.47916666666666663 135
1.0 0.47916666666666663 161
0.0 0.5 191
0.041666666666666664 0.5 196
0.08333333333333333 0.5 208
0.125 0.5 184
0.16666666666666666 0.5 197
0.20833333333333331 0.5 172
0.25 0.5 205
0.29166666666666663 0.5 156
0.3333333333333333 0.5 187
0.375 0.5 178
0.41666666666666663 0.5 186
0.4583333333333333 0.5 170
0.5 0.5 182
0.5416666666666666 0.5 183
0.5833333333333333 0.5 198
0.625 0.5 166
0.6666666666666666 0.5 206
0.7083333333333333 0.5 191
0.75 0.5 162
0.7916666666666666 0.5 180
0.8333333333333333 0.5 158
0.875 0.5 183
0.9166666666666666 0.5 192
0.9583333333333333 0.5 212
1.0 0.5 196
