0.0 0.0 196
0.041666666666666664 0.0 203
0.08333333333333333 0.0 173
0.125 0.0 187
0.16666666666666666 0.0 185
0.20833333333333331 0.0 176
0.25 0.0 200
0.29166666666666663 0.0 183
0.3333333333333333 0.0 166
0.375 0.0 174
0.41666666666666663 0.0 143
0.4583333333333333 0.0 158
0.5 0.0 172
0.5416666666666666 0.0 146
0.5833333333333333 0.0 174
0.625 0.0 154
0.6666666666666666 0.0 131
0.7083333333333333 0.0 149
0.75 0.0 119
0.7916666666666666 0.0 1
0.8333333333333333 0.0 111
0.875 0.0 106
0.9166666666666666 0.0 61
0.9583333333333333 0.0 0
1.0 0.0 0
0.0 0.020833333333333332 208
0.041666666666666664 0.020833333333333332 162
0.08333333333333333 0.020833333333333332 170
0.125 0.020833333333333332 195
0.16666666666666666 0.020833333333333332 195
0.20833333333333331 0.020833333333333332 168
0.25 0.020833333333333332 181
0.29166666666666663 0.020833333333333332 184
0.3333333333333333 0.020833333333333332 168
0.375 0.020833333333333332 193
0.41666666666666663 0.020833333333333332 150
0.4583333333333333 0.020833333333333332 158
0.5 0.020833333333333332 156
0.5416666666666666 0.020833333333333332 172
0.5833333333333333 0.020833333333333332 160
0.625 0.020833333333333332 146
0.6666666666666666 0.020833333333333332 132
0.7083333333333333 0.020833333333333332 138
0.75 0.020833333333333332 127
0.7916666666666666 0.020833333333333332 138
0.8333333333333333 0.020833333333333332 125
0.875 0.020833333333333332 96
0.9166666666666666 0.020833333333333332 82
0.9583333333333333 0.020833333333333332 71
1.0 0.020833333333333332 30
0.0 0.041666666666666664 226
0.041666666666666664 0.041666666666666664 199
0.08333333333333333 0.041666666666666664 214
0.125 0.041666666666666664 183
0.16666666666666666 0.041666666666666664 191
0.20833333333333331 0.041666666666666664 174
0.25 0.041666666666666664 182
0.29166666666666663 0.041666666666666664 159
0.3333333333333333 0.041666666666666664 189
0.375 0.041666666666666664 179
0.41666666666666663 0.041666666666666664 174
0.4583333333333333 0.041666666666666664 157
0.5 0.041666666666666664 160
0.5416666666666666 0.041666666666666664 141
0.5833333333333333 0.041666666666666664 164
0.625 0.041666666666666664 157
0.6666666666666666 0.041666666666666664 148
0.7083333333333333 0.041666666666666664 155
0.75 0.041666666666666664 133
0.7916666666666666 0.041666666666666664 129
0.8333333333333333 0.041666666666666664 120
0.875 0.041666666666666664 92
0.9166666666666666 0.041666666666666664 99
0.9583333333333333 0.041666666666666664 42
1.0 0.041666666666666664 16
0.0 0.0625 181
0.041666666666666664 0.0625 191
0.08333333333333333 0.0625 159
0.125 0.0625 198
0.16666666666666666 0.0625 183
0.20833333333333331 0.0625 166
0.25 0.0625 171
0.29166666666666663 0.0625 198
0.3333333333333333 0.0625 173
0.375 0.0625 180
0.41666666666666663 0.0625 175
0.4583333333333333 0.0625 144
0.5 0.0625 171
0.5416666666666666 0.0625 176
0.5833333333333333 0.0625 159
0.625 0.0625 150
0.6666666666666666 0.0625 122
0.7083333333333333 0.0625 122
0.75 0.0625 141
0.7916666666666666 0.0625 126
0.8333333333333333 0.0625 120
0.875 0.0625 108
0.9166666666666666 0.0625 92
0.9583333333333333 0.0625 76
1.0 0.0625 64
0.0 0.08333333333333333 171
0.041666666666666664 0.08333333333333333 178
0.08333333333333333 0.08333333333333333 177
0.125 0.08333333333333333 188
0.16666666666666666 0.08333333333333333 219
0.20833333333333331 0.08333333333333333 179
0.25 0.08333333333333333 180
0.29166666666666663 0.08333333333333333 196
0.3333333333333333 0.08333333333333333 156
0.375 0.08333333333333333 173
0.41666666666666663 0.08333333333333333 159
0.4583333333333333 0.08333333333333333 182
0.5 0.08333333333333333 184
0.5416666666666666 0.08333333333333333 167
0.5833333333333333 0.08333333333333333 161
0.625 0.08333333333333333 144
0.6666666666666666 0.08333333333333333 138
0.7083333333333333 0.08333333333333333 131
0.75 0.08333333333333333 130
0.7916666666666666 0.08333333333333333 117
0.8333333333333333 0.08333333333333333 107
0.875 0.08333333333333333 112
0.9166666666666666 0.08333333333333333 78
0.9583333333333333 0.08333333333333333 47
1.0 0.08333333333333333 84
0.0 0.10416666666666666 200
0.041666666666666664 0.10416666666666666 166
0.08333333333333333 0.10416666666666666 177
0.125 0.10416666666666666 173
0.16666666666666666 0.10416666666666666 192
0.20833333333333331 0.10416666666666666 173
0.25 0.10416666666666666 169
0.29166666666666663 0.10416666666666666 177
0.3333333333333333 0.10416666666666666 197
0.375 0.10416666666666666 177
0.41666666666666663 0.10416666666666666 178
0.4583333333333333 0.10416666666666666 151
0.5 0.10416666666666666 167
0.5416666666666666 0.10416666666666666 157
0.5833333333333333 0.10416666666666666 154
0.625 0.10416666666666666 183
0.6666666666666666 0.10416666666666666 140
0.7083333333333333 0.10416666666666666 131
0.75 0.10416666666666666 130
0.7916666666666666 0.10416666666666666 125
0.8333333333333333 0.10416666666666666 110
0.875 0.10416666666666666 107
0.9166666666666666 0.10416666666666666 85
0.9583333333333333 0.10416666666666666 79
1.0 0.10416666666666666 137
0.0 0.125 204
0.041666666666666664 0.125 191
0.08333333333333333 0.125 199
0.125 0.125 183
0.16666666666666666 0.125 168
0.20833333333333331 0.125 189
0.25 0.125 167
0.29166666666666663 0.125 182
0.3333333333333333 0.125 176
0.375 0.125 168
0.41666666666666663 0.125 183
0.4583333333333333 0.125 174
0.5 0.125 175
0.5416666666666666 0.125 130
0.5833333333333333 0.125 150
0.625 0.125 158
0.6666666666666666 0.125 139
0.7083333333333333 0.125 141
0.75 0.125 142
0.7916666666666666 0.125 116
0.8333333333333333 0.125 107
0.875 0.125 162
0.9166666666666666 0.125 143
0.9583333333333333 0.125 133
1.0 0.125 0
0.0 0.14583333333333331 166
0.041666666666666664 0.14583333333333331 207
0.08333333333333333 0.14583333333333331 198
0.125 0.14583333333333331 183
0.16666666666666666 0.14583333333333331 165
0.20833333333333331 0.14583333333333331 186
0.25 0.14583333333333331 230
0.29166666666666663 0.14583333333333331 184
0.3333333333333333 0.14583333333333331 173
0.375 0.14583333333333331 190
0.41666666666666663 0.14583333333333331 167
0.4583333333333333 0.14583333333333331 151
0.5 0.14583333333333331 170
0.5416666666666666 0.14583333333333331 152
0.5833333333333333 0.14583333333333331 146
0.625 0.14583333333333331 174
0.6666666666666666 0.14583333333333331 159
0.7083333333333333 0.14583333333333331 138
0.75 0.14583333333333331 133
0.7916666666666666 0.14583333333333331 1
0.8333333333333333 0.14583333333333331 108
0.875 0.14583333333333331 109
0.9166666666666666 0.14583333333333331 76
0.9583333333333333 0.14583333333333331 74
1.0 0.14583333333333331 99
0.0 0.16666666666666666 199
0.041666666666666664 0.16666666666666666 208
0.08333333333333333 0.16666666666666666 189
0.125 0.16666666666666666 181
0.16666666666666666 0.16666666666666666 192
0.20833333333333331 0.16666666666666666 159
0.25 0.16666666666666666 177
0.29166666666666663 0.16666666666666666 184
0.3333333333333333 0.16666666666666666 172
0.375 0.16666666666666666 175
0.41666666666666663 0.16666666666666666 180
0.4583333333333333 0.16666666666666666 182
0.5 0.16666666666666666 164
0.5416666666666666 0.16666666666666666 172
0.5833333333333333 0.16666666666666666 169
0.625 0.16666666666666666 158
0.6666666666666666 0.16666666666666666 162
0.7083333333333333 0.16666666666666666 132
0.75 0.16666666666666666 140
0.7916666666666666 0.16666666666666666 121
0.8333333333333333 0.16666666666666666 147
0.875 0.16666666666666666 168
0.9166666666666666 0.16666666666666666 85
0.9583333333333333 0.16666666666666666 69
1.0 0.16666666666666666 48
0.0 0.1875 173
0.041666666666666664 0.1875 184
0.08333333333333333 0.1875 176
0.125 0.1875 169
0.16666666666666666 0.1875 211
0.20833333333333331 0.1875 175
0.25 0.1875 0
0.29166666666666663 0.1875 190
0.3333333333333333 0.1875 186
0.375 0.1875 148
0.41666666666666663 0.1875 170
0.4583333333333333 0.1875 191
0.5 0.1875 178
0.5416666666666666 0.1875 169
0.5833333333333333 0.1875 172
0.625 0.1875 144
0.6666666666666666 0.1875 156
0.7083333333333333 0.1875 158
0.75 0.1875 136
0.7916666666666666 0.1875 163
0.8333333333333333 0.1875 126
0.875 0.1875 163
0.9166666666666666 0.1875 77
0.9583333333333333 0.1875 109
1.0 0.1875 50
0.0 0.20833333333333331 195
0.041666666666666664 0.20833333333333331 167
0.08333333333333333 0.20833333333333331 170
0.125 0.20833333333333331 180
0.16666666666666666 0.20833333333333331 202
0.20833333333333331 0.20833333333333331 179
0.25 0.20833333333333331 180
0.29166666666666663 0.20833333333333331 173
0.3333333333333333 0.20833333333333331 184
0.375 0.20833333333333331 188
0.41666666666666663 0.20833333333333331 148
0.4583333333333333 0.20833333333333331 176
0.5 0.20833333333333331 175
0.5416666666666666 0.20833333333333331 179
0.5833333333333333 0.20833333333333331 159
0.625 0.20833333333333331 146
0.6666666666666666 0.20833333333333331 185
0.7083333333333333 0.20833333333333331 140
0.75 0.20833333333333331 200
0.7916666666666666 0.20833333333333331 152
0.8333333333333333 0.20833333333333331 153
0.875 0.20833333333333331 171
0.9166666666666666 0.20833333333333331 128
0.9583333333333333 0.20833333333333331 152
1.0 0.20833333333333331 167
0.0 0.22916666666666666 187
0.041666666666666664 0.22916666666666666 188
0.08333333333333333 0.22916666666666666 184
0.125 0.22916666666666666 184
0.16666666666666666 0.22916666666666666 189
0.20833333333333331 0.22916666666666666 200
0.25 0.22916666666666666 215
0.29166666666666663 0.22916666666666666 182
0.3333333333333333 0.22916666666666666 181
0.375 0.22916666666666666 193
0.41666666666666663 0.22916666666666666 167
0.4583333333333333 0.22916666666666666 174
0.5 0.22916666666666666 182
0.5416666666666666 0.22916666666666666 160
0.5833333333333333 0.22916666666666666 174
0.625 0.22916666666666666 149
0.6666666666666666 0.22916666666666666 151
0.7083333333333333 0.22916666666666666 189
0.75 0.22916666666666666 145
0.7916666666666666 0.22916666666666666 183
0.8333333333333333 0.22916666666666666 192
0.875 0.22916666666666666 139
0.9166666666666666 0.22916666666666666 120
0.9583333333333333 0.22916666666666666 168
1.0 0.22916666666666666 175
0.0 0.25 206
0.041666666666666664 0.25 187
0.08333333333333333 0.25 200
0.125 0.25 196
0.16666666666666666 0.25 164
0.20833333333333331 0.25 181
0.25 0.25 164
0.29166666666666663 0.25 189
0.3333333333333333 0.25 204
0.375 0.25 182
0.41666666666666663 0.25 183
0.4583333333333333 0.25 182
0.5 0.25 212
0.5416666666666666 0.25 190
0.5833333333333333 0.25 159
0.625 0.25 199
0.6666666666666666 0.25 142
0.7083333333333333 0.25 181
0.75 0.25 165
0.7916666666666666 0.25 198
0.8333333333333333 0.25 0
0.875 0.25 111
0.9166666666666666 0.25 95
0.9583333333333333 0.25 149
1.0 0.25 176
0.0 0.2708333333333333 196
0.041666666666666664 0.2708333333333333 199
0.08333333333333333 0.2708333333333333 200
0.125 0.2708333333333333 195
0.16666666666666666 0.2708333333333333 193
0.20833333333333331 0.2708333333333333 168
0.25 0.2708333333333333 183
0.29166666666666663 0.2708333333333333 195
0.3333333333333333 0.2708333333333333 186
0.375 0.2708333333333333 148
0.41666666666666663 0.2708333333333333 176
0.4583333333333333 0.2708333333333333 186
0.5 0.2708333333333333 158
0.5416666666666666 0.2708333333333333 192
0.5833333333333333 0.2708333333333333 144
0.625 0.2708333333333333 176
0.6666666666666666 0.2708333333333333 157
0.7083333333333333 0.2708333333333333 143
0.75 0.2708333333333333 156
0.7916666666666666 0.2708333333333333 172
0.8333333333333333 0.2708333333333333 174
0.875 0.2708333333333333 87
0.9166666666666666 0.2708333333333333 197
0.9583333333333333 0.2708333333333333 115
1.0 0.2708333333333333 121
0.0 0.29166666666666663 191
0.041666666666666664 0.29166666666666663 160
0.08333333333333333 0.29166666666666663 182
0.125 0.29166666666666663 172
0.16666666666666666 0.29166666666666663 169
0.20833333333333331 0.29166666666666663 146
0.25 0.29166666666666663 205
0.29166666666666663 0.29166666666666663 185
0.3333333333333333 0.29166666666666663 203
0.375 0.29166666666666663 192
0.41666666666666663 0.29166666666666663 197
0.4583333333333333 0.29166666666666663 198
0.5 0.29166666666666663 175
0.5416666666666666 0.29166666666666663 167
0.5833333333333333 0.29166666666666663 216
0.625 0.29166666666666663 159
0.6666666666666666 0.29166666666666663 167
0.7083333333333333 0.29166666666666663 175
0.75 0.29166666666666663 143
0.7916666666666666 0.29166666666666663 127
0.8333333333333333 0.29166666666666663 141
0.875 0.29166666666666663 127
0.9166666666666666 0.29166666666666663 180
0.9583333333333333 0.29166666666666663 137
1.0 0.29166666666666663 197
0.0 0.3125 173
0.041666666666666664 0.3125 173
0.08333333333333333 0.3125 173
0.125 0.3125 158
0.16666666666666666 0.3125 180
0.20833333333333331 0.3125 197
0.25 0.3125 234
0.29166666666666663 0.3125 195
0.3333333333333333 0.3125 203
0.375 0.3125 163
0.41666666666666663 0.3125 159
0.4583333333333333 0.3125 196
0.5 0.3125 175
0.5416666666666666 0.3125 188
0.5833333333333333 0.3125 159
0.625 0.3125 171
0.6666666666666666 0.3125 186
0.7083333333333333 0.3125 187
0.75 0.3125 149
0.7916666666666666 0.3125 177
0.8333333333333333 0.3125 168
0.875 0.3125 174
0.9166666666666666 0.3125 209
0.9583333333333333 0.3125 220
1.0 0.3125 161
0.0 0.3333333333333333 208
0.041666666666666664 0.3333333333333333 169
0.08333333333333333 0.3333333333333333 229
0.125 0.3333333333333333 200
0.16666666666666666 0.3333333333333333 1
0.20833333333333331 0.3333333333333333 175
0.25 0.3333333333333333 184
0.29166666666666663 0.3333333333333333 179
0.3333333333333333 0.3333333333333333 184
0.375 0.3333333333333333 169
0.41666666666666663 0.3333333333333333 182
0.4583333333333333 0.3333333333333333 167
0.5 0.3333333333333333 162
0.5416666666666666 0.3333333333333333 159
0.5833333333333333 0.3333333333333333 219
0.625 0.3333333333333333 182
0.6666666666666666 0.3333333333333333 144
0.7083333333333333 0.3333333333333333 211
0.75 0.3333333333333333 160
0.7916666666666666 0.3333333333333333 190
0.8333333333333333 0.3333333333333333 220
0.875 0.3333333333333333 139
0.9166666666666666 0.3333333333333333 100
0.9583333333333333 0.3333333333333333 154
1.0 0.3333333333333333 156
0.0 0.35416666666666663 184
0.041666666666666664 0.35416666666666663 207
0.08333333333333333 0.35416666666666663 198
0.125 0.35416666666666663 201
0.16666666666666666 0.35416666666666663 193
0.20833333333333331 0.35416666666666663 194
0.25 0.35416666666666663 183
0.29166666666666663 0.35416666666666663 173
0.3333333333333333 0.35416666666666663 199
0.375 0.35416666666666663 181
0.41666666666666663 0.35416666666666663 187
0.4583333333333333 0.35416666666666663 167
0.5 0.35416666666666663 188
0.5416666666666666 0.35416666666666663 155
0.5833333333333333 0.35416666666666663 209
0.625 0.35416666666666663 143
0.6666666666666666 0.35416666666666663 200
0.7083333333333333 0.35416666666666663 154
0.75 0.35416666666666663 173
0.7916666666666666 0.35416666666666663 134
0.8333333333333333 0.35416666666666663 193
0.875 0.35416666666666663 167
0.9166666666666666 0.35416666666666663 202
0.9583333333333333 0.35416666666666663 192
1.0 0.35416666666666663 194
0.0 0.375 204
0.041666666666666664 0.375 187
0.08333333333333333 0.375 184
0.125 0.375 193
0.16666666666666666 0.375 189
0.20833333333333331 0.375 174
0.25 0.375 177
0.29166666666666663 0.375 185
0.3333333333333333 0.375 165
0.375 0.375 156
0.41666666666666663 0.375 179
0.4583333333333333 0.375 181
0.5 0.375 219
0.5416666666666666 0.375 188
0.5833333333333333 0.375 197
0.625 0.375 159
0.6666666666666666 0.375 197
0.7083333333333333 0.375 192
0.75 0.375 130
0.7916666666666666 0.375 213
0.8333333333333333 0.375 112
0.875 0.375 117
0.9166666666666666 0.375 186
0.9583333333333333 0.375 206
1.0 0.375 167
0.0 0.3958333333333333 200
0.041666666666666664 0.3958333333333333 210
0.08333333333333333 0.3958333333333333 182
0.125 0.3958333333333333 208
0.16666666666666666 0.3958333333333333 201
0.20833333333333331 0.3958333333333333 188
0.25 0.3958333333333333 163
0.29166666666666663 0.3958333333333333 177
0.3333333333333333 0.3958333333333333 173
0.375 0.3958333333333333 146
0.41666666666666663 0.3958333333333333 161
0.4583333333333333 0.3958333333333333 171
0.5 0.3958333333333333 170
0.5416666666666666 0.3958333333333333 205
0.5833333333333333 0.3958333333333333 193
0.625 0.3958333333333333 157
0.6666666666666666 0.3958333333333333 190
0.7083333333333333 0.3958333333333333 193
0.75 0.3958333333333333 173
0.7916666666666666 0.3958333333333333 189
0.8333333333333333 0.3958333333333333 166
0.875 0.3958333333333333 217
0.9166666666666666 0.3958333333333333 148
0.9583333333333333 0.3958333333333333 222
1.0 0.3958333333333333 194
0.0 0.41666666666666663 189
0.041666666666666664 0.41666666666666663 187
0.08333333333333333 0.41666666666666663 193
0.125 0.41666666666666663 191
0.16666666666666666 0.41666666666666663 189
0.20833333333333331 0.41666666666666663 186
0.25 0.41666666666666663 200
0.29166666666666663 0.41666666666666663 183
0.3333333333333333 0.41666666666666663 189
0.375 0.41666666666666663 184
0.41666666666666663 0.41666666666666663 178
0.4583333333333333 0.41666666666666663 191
0.5 0.41666666666666663 207
0.5416666666666666 0.41666666666666663 198
0.5833333333333333 0.41666666666666663 184
0.625 0.41666666666666663 214
0.6666666666666666 0.41666666666666663 145
0.7083333333333333 0.41666666666666663 194
0.75 0.41666666666666663 200
0.7916666666666666 0.41666666666666663 204
0.8333333333333333 0.41666666666666663 125
0.875 0.41666666666666663 190
0.9166666666666666 0.41666666666666663 150
0.9583333333333333 0.41666666666666663 96
1.0 0.41666666666666663 154
0.0 0.4375 187
0.041666666666666664 0.4375 168
0.08333333333333333 0.4375 198
0.125 0.4375 181
0.16666666666666666 0.4375 178
0.20833333333333331 0.4375 162
0.25 0.4375 168
0.29166666666666663 0.4375 198
0.3333333333333333 0.4375 176
0.375 0.4375 166
0.41666666666666663 0.4375 203
0.4583333333333333 0.4375 224
0.5 0.4375 158
0.5416666666666666 0.4375 147
0.5833333333333333 0.4375 184
0.625 0.4375 153
0.6666666666666666 0.4375 190
0.7083333333333333 0.4375 171
0.75 0.4375 196
0.7916666666666666 0.4375 136
0.8333333333333333 0.4375 219
0.875 0.4375 173
0.9166666666666666 0.4375 144
0.9583333333333333 0.4375 201
1.0 0.4375 174
0.0 0.4583333333333333 212
0.041666666666666664 0.4583333333333333 200
0.08333333333333333 0.4583333333333333 168
0.125 0.4583333333333333 191
0.16666666666666666 0.4583333333333333 190
0.20833333333333331 0.4583333333333333 185
0.25 0.4583333333333333 161
0.29166666666666663 0.4583333333333333 184
0.3333333333333333 0.4583333333333333 193
0.375 0.4583333333333333 189
0.41666666666666663 0.4583333333333333 205
0.4583333333333333 0.4583333333333333 203
0.5 0.4583333333333333 198
0.5416666666666666 0.4583333333333333 191
0.5833333333333333 0.4583333333333333 146
0.625 0.4583333333333333 161
0.6666666666666666 0.4583333333333333 159
0.7083333333333333 0.4583333333333333 171
0.75 0.4583333333333333 177
0.7916666666666666 0.4583333333333333 147
0.8333333333333333 0.4583333333333333 149
0.875 0.4583333333333333 183
0.9166666666666666 0.4583333333333333 125
0.9583333333333333 0.4583333333333333 205
1.0 0.4583333333333333 120
0.0 0.47916666666666663 190
0.041666666666666664 0.47916666666666663 207
0.08333333333333333 0.47916666666666663 192
0.125 0.47916666666666663 208
0.16666666666666666 0.47916666666666663 180
0.20833333333333331 0.47916666666666663 168
0.25 0.47916666666666663 183
0.29166666666666663 0.47916666666666663 201
0.3333333333333333 0.47916666666666663 185
0.375 0.47916666666666663 174
0.41666666666666663 0.47916666666666663 190
0.4583333333333333 0.47916666666666663 191
0.5 0.47916666666666663 168
0.5416666666666666 0.47916666666666663 187
0.5833333333333333 0.47916666666666663 171
0.625 0.47916666666666663 171
0.6666666666666666 0.47916666666666663 183
0.7083333333333333 0.47916666666666663 188
0.75 0.47916666666666663 195
0.7916666666666666 0.47916666666666663 153
0.8333333333333333 0.47916666666666663 207
0.875 0.47916666666666663 121
0.9166666666666666 0.47916666666666663 186
0.9583333333333333 0.47916666666666663 188
1.0 0.47916666666666663 217
0.0 0.5 195
0.041666666666666664 0.5 212
0.08333333333333333 0.5 202
0.125 0.5 205
0.16666666666666666 0.5 189
0.20833333333333331 0.5 204
0.25 0.5 206
0.29166666666666663 0.5 186
0.3333333333333333 0.5 187
0.375 0.5 188
0.41666666666666663 0.5 199
0.4583333333333333 0.5 190
0.5 0.5 198
0.5416666666666666 0.5 194
0.5833333333333333 0.5 162
0.625 0.5 157
0.6666666666666666 0.5 185
0.7083333333333333 0.5 179
0.75 0.5 173
0.7916666666666666 0.5 188
0.8333333333333333 0.5 151
0.875 0.5 155
0.9166666666666666 0.5 203
0.9583333333333333 0.5 192
1.0 0.5 180
