0.0 0.0 198
0.041666666666666664 0.0 173
0.08333333333333333 0.0 192
0.125 0.0 169
0.16666666666666666 0.0 193
0.20833333333333331 0.0 188
0.25 0.0 191
0.29166666666666663 0.0 157
0.3333333333333333 0.0 189
0.375 0.0 150
0.41666666666666663 0.0 167
0.4583333333333333 0.0 171
0.5 0.0 167
0.5416666666666666 0.0 157
0.5833333333333333 0.0 148
0.625 0.0 150
0.6666666666666666 0.0 158
0.7083333333333333 0.0 141
0.75 0.0 139
0.7916666666666666 0.0 130
0.8333333333333333 0.0 0
0.875 0.0 83
0.9166666666666666 0.0 54
0.9583333333333333 0.0 0
1.0 0.0 1
0.0 0.020833333333333332 190
0.041666666666666664 0.020833333333333332 185
0.08333333333333333 0.020833333333333332 201
0.125 0.020833333333333332 194
0.16666666666666666 0.020833333333333332 173
0.20833333333333331 0.020833333333333332 183
0.25 0.020833333333333332 176
0.29166666666666663 0.020833333333333332 189
0.3333333333333333 0.020833333333333332 189
0.375 0.020833333333333332 189
0.41666666666666663 0.020833333333333332 179
0.4583333333333333 0.020833333333333332 189
0.5 0.020833333333333332 169
0.5416666666666666 0.020833333333333332 158
0.5833333333333333 0.020833333333333332 155
0.625 0.020833333333333332 166
0.6666666666666666 0.020833333333333332 140
0.7083333333333333 0.020833333333333332 135
0.75 0.020833333333333332 153
0.7916666666666666 0.020833333333333332 125
0.8333333333333333 0.020833333333333332 120
0.875 0.020833333333333332 113
0.9166666666666666 0.020833333333333332 70
0.9583333333333333 0.020833333333333332 61
1.0 0.020833333333333332 7
0.0 0.041666666666666664 200
0.041666666666666664 0.041666666666666664 175
0.08333333333333333 0.041666666666666664 192
0.125 0.041666666666666664 203
0.16666666666666666 0.041666666666666664 163
0.20833333333333331 0.041666666666666664 173
0.25 0.041666666666666664 178
0.29166666666666663 0.041666666666666664 163
0.3333333333333333 0.041666666666666664 184
0.375 0.041666666666666664 170
0.41666666666666663 0.041666666666666664 154
0.4583333333333333 0.041666666666666664 163
0.5 0.041666666666666664 168
0.5416666666666666 0.041666666666666664 168
0.5833333333333333 0.041666666666666664 185
0.625 0.041666666666666664 170
0.6666666666666666 0.041666666666666664 148
0.7083333333333333 0.041666666666666664 149
0.75 0.041666666666666664 120
0.7916666666666666 0.041666666666666664 115
0.8333333333333333 0.041666666666666664 119
0.875 0.041666666666666664 88
0.9166666666666666 0.041666666666666664 75
0.9583333333333333 0.041666666666666664 58
1.0 0.041666666666666664 83
0.0 0.0625 199
0.041666666666666664 0.0625 173
0.08333333333333333 0.0625 198
0.125 0.0625 175
0.16666666666666666 0.0625 219
0.20833333333333331 0.0625 170
0.25 0.0625 190
0.29166666666666663 0.0625 157
0.3333333333333333 0.0625 197
0.375 0.0625 150
0.41666666666666663 0.0625 152
0.4583333333333333 0.0625 156
0.5 0.0625 186
0.5416666666666666 0.0625 171
0.5833333333333333 0.0625 146
0.625 0.0625 162
0.6666666666666666 0.0625 128
0.7083333333333333 0.0625 165
0.75 0.0625 127
0.7916666666666666 0.0625 135
0.8333333333333333 0.0625 99
0.875 0.0625 110
0.9166666666666666 0.0625 73
0.9583333333333333 0.0625 93
1.0 0.0625 59
0.0 0.08333333333333333 181
0.041666666666666664 0.08333333333333333 166
0.08333333333333333 0.08333333333333333 183
0.125 0.08333333333333333 179
0.16666666666666666 0.08333333333333333 185
0.20833333333333331 0.08333333333333333 171
0.25 0.08333333333333333 178
0.29166666666666663 0.08333333333333333 213
0.3333333333333333 0.08333333333333333 156
0.375 0.08333333333333333 194
0.41666666666666663 0.08333333333333333 179
0.4583333333333333 0.08333333333333333 164
0.5 0.08333333333333333 164
0.5416666666666666 0.08333333333333333 174
0.5833333333333333 0.08333333333333333 151
0.625 0.08333333333333333 147
0.6666666666666666 0.08333333333333333 157
0.7083333333333333 0.08333333333333333 134
0.75 0.08333333333333333 155
0.7916666666666666 0.08333333333333333 129
0.8333333333333333 0.08333333333333333 114
0.875 0.08333333333333333 104
0.9166666666666666 0.08333333333333333 86
0.9583333333333333 0.08333333333333333 39
1.0 0.08333333333333333 42
0.0 0.10416666666666666 196
0.041666666666666664 0.10416666666666666 182
0.08333333333333333 0.10416666666666666 190
0.125 0.10416666666666666 149
0.16666666666666666 0.10416666666666666 153
0.20833333333333331 0.10416666666666666 190
0.25 0.10416666666666666 155
0.29166666666666663 0.10416666666666666 157
0.3333333333333333 0.10416666666666666 187
0.375 0.10416666666666666 205
0.41666666666666663 0.10416666666666666 168
0.4583333333333333 0.10416666666666666 161
0.5 0.10416666666666666 166
0.5416666666666666 0.10416666666666666 172
0.5833333333333333 0.10416666666666666 170
0.625 0.10416666666666666 148
0.6666666666666666 0.10416666666666666 135
0.7083333333333333 0.10416666666666666 146
0.75 0.10416666666666666 149
0.7916666666666666 0.10416666666666666 132
0.8333333333333333 0.10416666666666666 103
0.875 0.10416666666666666 121
0.9166666666666666 0.10416666666666666 77
0.9583333333333333 0.10416666666666666 130
1.0 0.10416666666666666 89
0.0 0.125 203
0.041666666666666664 0.125 184
0.08333333333333333 0.125 174
0.125 0.125 197
0.16666666666666666 0.125 197
0.20833333333333331 0.125 186
0.25 0.125 163
0.29166666666666663 0.125 160
0.3333333333333333 0.125 186
0.375 0.125 191
0.41666666666666663 0.125 184
0.4583333333333333 0.125 154
0.5 0.125 174
0.5416666666666666 0.125 155
0.5833333333333333 0.125 168
0.625 0.125 168
0.6666666666666666 0.125 157
0.7083333333333333 0.125 151
0.75 0.125 140
0.7916666666666666 0.125 132
0.8333333333333333 0.125 141
0.875 0.125 103
0.9166666666666666 0.125 75
0.9583333333333333 0.125 52
1.0 0.125 127
0.0 0.14583333333333331 182
0.041666666666666664 0.14583333333333331 186
0.08333333333333333 0.14583333333333331 185
0.125 0.14583333333333331 185
0.16666666666666666 0.14583333333333331 187
0.20833333333333331 0.14583333333333331 169
0.25 0.14583333333333331 194
0.29166666666666663 0.14583333333333331 165
0.3333333333333333 0.14583333333333331 181
0.375 0.14583333333333331 168
0.41666666666666663 0.14583333333333331 159
0.4583333333333333 0.14583333333333331 187
0.5 0.14583333333333331 154
0.5416666666666666 0.14583333333333331 194
0.5833333333333333 0.14583333333333331 147
0.625 0.14583333333333331 140
0.6666666666666666 0.14583333333333331 166
0.7083333333333333 0.14583333333333331 148
0.75 0.14583333333333331 137
0.7916666666666666 0.14583333333333331 138
0.8333333333333333 0.14583333333333331 150
0.875 0.14583333333333331 112
0.9166666666666666 0.14583333333333331 75
0.9583333333333333 0.14583333333333331 50
1.0 0.14583333333333331 63
0.0 0.16666666666666666 200
0.041666666666666664 0.16666666666666666 171
0.08333333333333333 0.16666666666666666 161
0.125 0.16666666666666666 221
0.16666666666666666 0.16666666666666666 180
0.20833333333333331 0.16666666666666666 176
0.25 0.16666666666666666 181
0.29166666666666663 0.16666666666666666 177
0.3333333333333333 0.16666666666666666 179
0.375 0.16666666666666666 173
0.41666666666666663 0.16666666666666666 186
0.4583333333333333 0.16666666666666666 162
0.5 0.16666666666666666 159
0.5416666666666666 0.16666666666666666 190
0.5833333333333333 0.16666666666666666 167
0.625 0.16666666666666666 153
0.6666666666666666 0.16666666666666666 155
0.7083333333333333 0.16666666666666666 143
0.75 0.16666666666666666 150
0.7916666666666666 0.16666666666666666 134
0.8333333333333333 0.16666666666666666 156
0.875 0.16666666666666666 99
0.9166666666666666 0.16666666666666666 90
0.9583333333333333 0.16666666666666666 79
1.0 0.16666666666666666 127
0.0 0.1875 179
0.041666666666666664 0.1875 167
0.08333333333333333 0.1875 187
0.125 0.1875 165
0.16666666666666666 0.1875 186
0.20833333333333331 0.1875 197
0.25 0.1875 193
0.29166666666666663 0.1875 161
0.3333333333333333 0.1875 213
0.375 0.1875 178
0.41666666666666663 0.1875 158
0.4583333333333333 0.1875 187
0.5 0.1875 159
0.5416666666666666 0.1875 167
0.5833333333333333 0.1875 150
0.625 0.1875 176
0.6666666666666666 0.1875 137
0.7083333333333333 0.1875 133
0.75 0.1875 163
0.7916666666666666 0.1875 161
0.8333333333333333 0.1875 114
0.875 0.1875 166
0.9166666666666666 0.1875 198
0.9583333333333333 0.1875 60
1.0 0.1875 122
0.0 0.20833333333333331 190
0.041666666666666664 0.20833333333333331 228
0.08333333333333333 0.20833333333333331 188
0.125 0.20833333333333331 177
0.16666666666666666 0.20833333333333331 180
0.20833333333333331 0.20833333333333331 193
0.25 0.20833333333333331 191
0.29166666666666663 0.20833333333333331 191
0.3333333333333333 0.20833333333333331 180
0.375 0.20833333333333331 168
0.41666666666666663 0.20833333333333331 199
0.4583333333333333 0.20833333333333331 163
0.5 0.20833333333333331 176
0.5416666666666666 0.20833333333333331 153
0.5833333333333333 0.20833333333333331 180
0.625 0.20833333333333331 189
0.6666666666666666 0.20833333333333331 127
0.7083333333333333 0.20833333333333331 143
0.75 0.20833333333333331 150
0.7916666666666666 0.20833333333333331 131
0.8333333333333333 0.20833333333333331 119
0.875 0.20833333333333331 163
0.9166666666666666 0.20833333333333331 81
0.9583333333333333 0.20833333333333331 135
1.0 0.20833333333333331 153
0.0 0.22916666666666666 219
0.041666666666666664 0.22916666666666666 177
0.08333333333333333 0.22916666666666666 199
0.125 0.22916666666666666 180
0.16666666666666666 0.22916666666666666 192
0.20833333333333331 0.22916666666666666 199
0.25 0.22916666666666666 180
0.29166666666666663 0.22916666666666666 175
0.3333333333333333 0.22916666666666666 207
0.375 0.22916666666666666 215
0.41666666666666663 0.22916666666666666 173
0.4583333333333333 0.22916666666666666 180
0.5 0.22916666666666666 178
0.5416666666666666 0.22916666666666666 200
0.5833333333333333 0.22916666666666666 147
0.625 0.22916666666666666 158
0.6666666666666666 0.22916666666666666 151
0.7083333333333333 0.22916666666666666 142
0.75 0.22916666666666666 133
0.7916666666666666 0.22916666666666666 183
0.8333333333333333 0.22916666666666666 132
0.875 0.22916666666666666 127
0.9166666666666666 0.22916666666666666 156
0.9583333333333333 0.22916666666666666 183
1.0 0.22916666666666666 93
0.0 0.25 190
0.041666666666666664 0.25 182
0.08333333333333333 0.25 188
0.125 0.25 164
0.16666666666666666 0.25 195
0.20833333333333331 0.25 177
0.25 0.25 189
0.29166666666666663 0.25 169
0.3333333333333333 0.25 194
0.375 0.25 172
0.41666666666666663 0.25 155
0.4583333333333333 0.25 180
0.5 0.25 177
0.5416666666666666 0.25 163
0.5833333333333333 0.25 181
0.625 0.25 169
0.6666666666666666 0.25 161
0.7083333333333333 0.25 138
0.75 0.25 147
0.7916666666666666 0.25 184
0.8333333333333333 0.25 121
0.875 0.25 171
0.9166666666666666 0.25 151
0.9583333333333333 0.25 185
1.0 0.25 109
0.0 0.2708333333333333 210
0.041666666666666664 0.2708333333333333 202
0.08333333333333333 0.2708333333333333 185
0.125 0.2708333333333333 183
0.16666666666666666 0.2708333333333333 206
0.20833333333333331 0.2708333333333333 184
0.25 0.2708333333333333 209
0.29166666666666663 0.2708333333333333 190
0.3333333333333333 0.2708333333333333 175
0.375 0.2708333333333333 180
0.41666666666666663 0.2708333333333333 173
0.4583333333333333 0.2708333333333333 174
0.5 0.2708333333333333 191
0.5416666666666666 0.2708333333333333 173
0.5833333333333333 0.2708333333333333 168
0.625 0.2708333333333333 185
0.6666666666666666 0.2708333333333333 168
0.7083333333333333 0.2708333333333333 167
0.75 0.2708333333333333 175
0.7916666666666666 0.2708333333333333 117
0.8333333333333333 0.2708333333333333 194
0.875 0.2708333333333333 185
0.9166666666666666 0.2708333333333333 128
0.9583333333333333 0.2708333333333333 87
1.0 0.2708333333333333 178
0.0 0.29166666666666663 196
0.041666666666666664 0.29166666666666663 188
0.08333333333333333 0.29166666666666663 208
0.125 0.29166666666666663 199
0.16666666666666666 0.29166666666666663 212
0.20833333333333331 0.29166666666666663 193
0.25 0.29166666666666663 215
0.29166666666666663 0.29166666666666663 193
0.3333333333333333 0.29166666666666663 174
0.375 0.29166666666666663 165
0.41666666666666663 0.29166666666666663 198
0.4583333333333333 0.29166666666666663 175
0.5 0.29166666666666663 164
0.5416666666666666 0.29166666666666663 152
0.5833333333333333 0.29166666666666663 156
0.625 0.29166666666666663 159
0.6666666666666666 0.29166666666666663 165
0.7083333333333333 0.29166666666666663 191
0.75 0.29166666666666663 157
0.7916666666666666 0.29166666666666663 197
0.8333333333333333 0.29166666666666663 117
0.875 0.29166666666666663 187
0.9166666666666666 0.29166666666666663 87
0.9583333333333333 0.29166666666666663 205
1.0 0.29166666666666663 181
0.0 0.3125 210
0.041666666666666664 0.3125 189
0.08333333333333333 0.3125 174
0.125 0.3125 195
0.16666666666666666 0.3125 173
0.20833333333333331 0.3125 212
0.25 0.3125 182
0.29166666666666663 0.3125 201
0.3333333333333333 0.3125 198
0.375 0.3125 182
0.41666666666666663 0.3125 197
0.4583333333333333 0.3125 152
0.5 0.3125 154
0.5416666666666666 0.3125 186
0.5833333333333333 0.3125 201
0.625 0.3125 137
0.6666666666666666 0.3125 154
0.7083333333333333 0.3125 156
0.75 0.3125 211
0.7916666666666666 0.3125 222
0.8333333333333333 0.3125 154
0.875 0.3125 191
0.9166666666666666 0.3125 145
0.9583333333333333 0.3125 119
1.0 0.3125 95
0.0 0.3333333333333333 184
0.041666666666666664 0.3333333333333333 174
0.08333333333333333 0.3333333333333333 193
0.125 0.3333333333333333 216
0.16666666666666666 0.3333333333333333 180
0.20833333333333331 0.3333333333333333 184
0.25 0.3333333333333333 192
0.29166666666666663 0.3333333333333333 192
0.3333333333333333 0.3333333333333333 175
0.375 0.3333333333333333 204
0.41666666666666663 0.3333333333333333 196
0.4583333333333333 0.3333333333333333 176
0.5 0.3333333333333333 186
0.5416666666666666 0.3333333333333333 153
0.5833333333333333 0.3333333333333333 205
0.625 0.3333333333333333 208
0.6666666666666666 0.3333333333333333 185
0.7083333333333333 0.3333333333333333 166
0.75 0.3333333333333333 156
0.7916666666666666 0.3333333333333333 151
0.8333333333333333 0.3333333333333333 201
0.875 0.3333333333333333 114
0.9166666666666666 0.3333333333333333 167
0.9583333333333333 0.3333333333333333 130
1.0 0.3333333333333333 187
0.0 0.35416666666666663 203
0.041666666666666664 0.35416666666666663 183
0.08333333333333333 0.35416666666666663 177
0.125 0.35416666666666663 203
0.16666666666666666 0.35416666666666663 211
0.20833333333333331 0.35416666666666663 185
0.25 0.35416666666666663 208
0.29166666666666663 0.35416666666666663 198
0.3333333333333333 0.35416666666666663 177
0.375 0.35416666666666663 164
0.41666666666666663 0.35416666666666663 189
0.4583333333333333 0.35416666666666663 184
0.5 0.35416666666666663 166
0.5416666666666666 0.35416666666666663 210
0.5833333333333333 0.35416666666666663 179
0.625 0.35416666666666663 159
0.6666666666666666 0.35416666666666663 157
0.7083333333333333 0.35416666666666663 153
0.75 0.35416666666666663 153
0.7916666666666666 0.35416666666666663 148
0.8333333333333333 0.35416666666666663 133
0.875 0.35416666666666663 146
0.9166666666666666 0.35416666666666663 189
0.9583333333333333 0.35416666666666663 156
1.0 0.35416666666666663 162
0.0 0.375 203
0.041666666666666664 0.375 184
0.08333333333333333 0.375 188
0.125 0.375 190
0.16666666666666666 0.375 210
0.20833333333333331 0.375 213
0.25 0.375 194
0.29166666666666663 0.375 205
0.3333333333333333 0.375 175
0.375 0.375 169
0.41666666666666663 0.375 166
0.4583333333333333 0.375 186
0.5 0.375 169
0.5416666666666666 0.375 176
0.5833333333333333 0.375 156
0.625 0.375 145
0.6666666666666666 0.375 178
0.7083333333333333 0.375 192
0.75 0.375 172
0.7916666666666666 0.375 181
0.8333333333333333 0.375 179
0.875 0.375 133
0.9166666666666666 0.375 114
0.9583333333333333 0.375 211
1.0 0.375 183
0.0 0.3958333333333333 203
0.041666666666666664 0.3958333333333333 211
0.08333333333333333 0.3958333333333333 191
0.125 0.3958333333333333 198
0.16666666666666666 0.3958333333333333 161
0.20833333333333331 0.3958333333333333 170
0.25 0.3958333333333333 175
0.29166666666666663 0.3958333333333333 181
0.3333333333333333 0.3958333333333333 179
0.375 0.3958333333333333 183
0.41666666666666663 0.3958333333333333 180
0.4583333333333333 0.3958333333333333 214
0.5 0.3958333333333333 189
0.5416666666666666 0.3958333333333333 189
0.5833333333333333 0.3958333333333333 205
0.625 0.3958333333333333 163
0.6666666666666666 0.3958333333333333 195
0.7083333333333333 0.3958333333333333 145
0.75 0.3958333333333333 156
0.7916666666666666 0.3958333333333333 185
0.8333333333333333 0.3958333333333333 211
0.875 0.3958333333333333 189
0.9166666666666666 0.3958333333333333 189
0.9583333333333333 0.3958333333333333 181
1.0 0.3958333333333333 106
0.0 0.41666666666666663 211
0.041666666666666664 0.41666666666666663 175
0.08333333333333333 0.41666666666666663 192
0.125 0.41666666666666663 190
0.16666666666666666 0.41666666666666663 178
0.20833333333333331 0.41666666666666663 191
0.25 0.41666666666666663 178
0.29166666666666663 0.41666666666666663 155
0.3333333333333333 0.41666666666666663 191
0.375 0.41666666666666663 177
0.41666666666666663 0.41666666666666663 179
0.4583333333333333 0.41666666666666663 184
0.5 0.41666666666666663 178
0.5416666666666666 0.41666666666666663 180
0.5833333333333333 0.41666666666666663 212
0.625 0.41666666666666663 198
0.6666666666666666 0.41666666666666663 172
0.7083333333333333 0.41666666666666663 210
0.75 0.41666666666666663 132
0.7916666666666666 0.41666666666666663 210
0.8333333333333333 0.41666666666666663 187
0.875 0.41666666666666663 138
0.9166666666666666 0.41666666666666663 196
0.9583333333333333 0.41666666666666663 192
1.0 0.41666666666666663 108
0.0 0.4375 191
0.041666666666666664 0.4375 193
0.08333333333333333 0.4375 176
0.125 0.4375 204
0.16666666666666666 0.4375 193
0.20833333333333331 0.4375 182
0.25 0.4375 205
0.29166666666666663 0.4375 170
0.3333333333333333 0.4375 193
0.375 0.4375 195
0.41666666666666663 0.4375 156
0.4583333333333333 0.4375 161
0.5 0.4375 185
0.5416666666666666 0.4375 166
0.5833333333333333 0.4375 207
0.625 0.4375 164
0.6666666666666666 0.4375 203
0.7083333333333333 0.4375 163
0.75 0.4375 200
0.7916666666666666 0.4375 173
0.8333333333333333 0.4375 202
0.875 0.4375 212
0.9166666666666666 0.4375 203
0.9583333333333333 0.4375 209
1.0 0.4375 205
0.0 0.4583333333333333 202
0.041666666666666664 0.4583333333333333 188
0.08333333333333333 0.4583333333333333 186
0.125 0.4583333333333333 162
0.16666666666666666 0.4583333333333333 199
0.20833333333333331 0.4583333333333333 195
0.25 0.4583333333333333 172
0.29166666666666663 0.4583333333333333 173
0.3333333333333333 0.4583333333333333 182
0.375 0.4583333333333333 175
0.41666666666666663 0.4583333333333333 153
0.4583333333333333 0.4583333333333333 170
0.5 0.4583333333333333 176
0.5416666666666666 0.4583333333333333 193
0.5833333333333333 0.4583333333333333 185
0.625 0.4583333333333333 170
0.6666666666666666 0.4583333333333333 157
0.7083333333333333 0.4583333333333333 210
0.75 0.4583333333333333 136
0.7916666666666666 0.4583333333333333 198
0.8333333333333333 0.4583333333333333 172
0.875 0.4583333333333333 175
0.9166666666666666 0.4583333333333333 195
0.9583333333333333 0.4583333333333333 186
1.0 0.4583333333333333 183
0.0 0.47916666666666663 207
0.041666666666666664 0.47916666666666663 202
0.08333333333333333 0.47916666666666663 183
0.125 0.47916666666666663 213
0.16666666666666666 0.47916666666666663 188
0.20833333333333331 0.47916666666666663 186
0.25 0.47916666666666663 190
0.29166666666666663 0.47916666666666663 187
0.3333333333333333 0.47916666666666663 185
0.375 0.47916666666666663 183
0.41666666666666663 0.47916666666666663 177
0.4583333333333333 0.47916666666666663 178
0.5 0.47916666666666663 153
0.5416666666666666 0.47916666666666663 174
0.5833333333333333 0.47916666666666663 186
0.625 0.47916666666666663 206
0.6666666666666666 0.47916666666666663 167
0.7083333333333333 0.47916666666666663 188
0.75 0.47916666666666663 146
0.7916666666666666 0.47916666666666663 156
0.8333333333333333 0.47916666666666663 144
0.875 0.47916666666666663 126
0.9166666666666666 0.47916666666666663 164
0.9583333333333333 0.47916666666666663 189
1.0 0.47916666666666663 139
0.0 0.5 212
0.041666666666666664 0.5 209
0.08333333333333333 0.5 164
0.125 0.5 188
0.16666666666666666 0.5 183
0.20833333333333331 0.5 190
0.25 0.5 193
0.29166666666666663 0.5 181
0.3333333333333333 0.5 204
0.375 0.5 165
0.41666666666666663 0.5 193
0.4583333333333333 0.5 200
0.5 0.5 203
0.5416666666666666 0.5 210
0.5833333333333333 0.5 203
0.625 0.5 211
0.6666666666666666 0.5 198
0.7083333333333333 0.5 162
0.75 0.5 177
0.7916666666666666 0.5 157
0.8333333333333333 0.5 221
0.875 0.5 192
0.9166666666666666 0.5 140
0.9583333333333333 0.5 130
1.0 0.5 201
