0.0 0.0 198
0.041666666666666664 0.0 188
0.08333333333333333 0.0 205
0.125 0.0 187
0.16666666666666666 0.0 211
0.20833333333333331 0.0 200
0.25 0.0 203
0.29166666666666663 0.0 182
0.3333333333333333 0.0 150
0.375 0.0 200
0.41666666666666663 0.0 173
0.4583333333333333 0.0 165
0.5 0.0 182
0.5416666666666666 0.0 151
0.5833333333333333 0.0 148
0.625 0.0 165
0.6666666666666666 0.0 0
0.7083333333333333 0.0 0
0.75 0.0 120
0.7916666666666666 0.0 136
0.8333333333333333 0.0 106
0.875 0.0 75
0.9166666666666666 0.0 0
0.9583333333333333 0.0 27
1.0 0.0 0
0.0 0.020833333333333332 188
0.041666666666666664 0.020833333333333332 200
0.08333333333333333 0.020833333333333332 194
0.125 0.020833333333333332 204
0.16666666666666666 0.020833333333333332 201
0.20833333333333331 0.020833333333333332 170
0.25 0.020833333333333332 196
0.29166666666666663 0.020833333333333332 176
0.3333333333333333 0.020833333333333332 190
0.375 0.020833333333333332 142
0.41666666666666663 0.020833333333333332 170
0.4583333333333333 0.020833333333333332 181
0.5 0.020833333333333332 157
0.5416666666666666 0.020833333333333332 127
0.5833333333333333 0.020833333333333332 141
0.625 0.020833333333333332 152
0.6666666666666666 0.020833333333333332 139
0.7083333333333333 0.020833333333333332 163
0.75 0.020833333333333332 136
0.7916666666666666 0.020833333333333332 107
0.8333333333333333 0.020833333333333332 102
0.875 0.020833333333333332 97
0.9166666666666666 0.020833333333333332 65
0.9583333333333333 0.020833333333333332 42
1.0 0.020833333333333332 58
0.0 0.041666666666666664 165
0.041666666666666664 0.041666666666666664 197
0.08333333333333333 0.041666666666666664 182
0.125 0.041666666666666664 199
0.16666666666666666 0.041666666666666664 180
0.20833333333333331 0.041666666666666664 162
0.25 0.041666666666666664 174
0.29166666666666663 0.041666666666666664 184
0.3333333333333333 0.041666666666666664 177
0.375 0.041666666666666664 167
0.41666666666666663 0.041666666666666664 164
0.4583333333333333 0.041666666666666664 167
0.5 0.041666666666666664 170
0.5416666666666666 0.041666666666666664 156
0.5833333333333333 0.041666666666666664 143
0.625 0.041666666666666664 158
0.6666666666666666 0.041666666666666664 137
0.7083333333333333 0.041666666666666664 137
0.75 0.041666666666666664 121
0.7916666666666666 0.041666666666666664 143
0.8333333333333333 0.041666666666666664 112
0.875 0.041666666666666664 90
0.9166666666666666 0.041666666666666664 77
0.9583333333333333 0.041666666666666664 55
1.0 0.041666666666666664 41
0.0 0.0625 200
0.041666666666666664 0.0625 197
0.08333333333333333 0.0625 204
0.125 0.0625 182
0.16666666666666666 0.0625 179
0.20833333333333331 0.0625 158
0.25 0.0625 188
0.29166666666666663 0.0625 180
0.3333333333333333 0.0625 172
0.375 0.0625 188
0.41666666666666663 0.0625 188
0.4583333333333333 0.0625 174
0.5 0.0625 184
0.5416666666666666 0.0625 160
0.5833333333333333 0.0625 154
0.625 0.0625 155
0.6666666666666666 0.0625 165
0.7083333333333333 0.0625 127
0.75 0.0625 150
0.7916666666666666 0.0625 141
0.8333333333333333 0.0625 112
0.875 0.0625 103
0.9166666666666666 0.0625 104
0.9583333333333333 0.0625 40
1.0 0.0625 108
0.0 0.08333333333333333 181
0.041666666666666664 0.08333333333333333 180
0.08333333333333333 0.08333333333333333 206
0.125 0.08333333333333333 172
0.16666666666666666 0.08333333333333333 163
0.20833333333333331 0.08333333333333333 179
0.25 0.08333333333333333 200
0.29166666666666663 0.08333333333333333 206
0.3333333333333333 0.08333333333333333 167
0.375 0.08333333333333333 175
0.41666666666666663 0.08333333333333333 188
0.4583333333333333 0.08333333333333333 167
0.5 0.08333333333333333 161
0.5416666666666666 0.08333333333333333 163
0.5833333333333333 0.08333333333333333 142
0.625 0.08333333333333333 151
0.6666666666666666 0.08333333333333333 152
0.7083333333333333 0.08333333333333333 122
0.75 0.08333333333333333 151
0.7916666666666666 0.08333333333333333 126
0.8333333333333333 0.08333333333333333 120
0.875 0.08333333333333333 109
0.9166666666666666 0.08333333333333333 77
0.9583333333333333 0.08333333333333333 68
1.0 0.08333333333333333 54
0.0 0.10416666666666666 194
0.041666666666666664 0.10416666666666666 188
0.08333333333333333 0.10416666666666666 212
0.125 0.10416666666666666 189
0.16666666666666666 0.10416666666666666 191
0.20833333333333331 0.10416666666666666 196
0.25 0.10416666666666666 172
0.29166666666666663 0.10416666666666666 179
0.3333333333333333 0.10416666666666666 161
0.375 0.10416666666666666 200
0.41666666666666663 0.10416666666666666 200
0.4583333333333333 0.10416666666666666 189
0.5 0.10416666666666666 177
0.5416666666666666 0.10416666666666666 165
0.5833333333333333 0.10416666666666666 159
0.625 0.10416666666666666 172
0.6666666666666666 0.10416666666666666 134
0.7083333333333333 0.10416666666666666 158
0.75 0.10416666666666666 134
0.7916666666666666 0.10416666666666666 121
0.8333333333333333 0.10416666666666666 144
0.875 0.10416666666666666 122
0.9166666666666666 0.10416666666666666 96
0.9583333333333333 0.10416666666666666 107
1.0 0.10416666666666666 47
0.0 0.125 168
0.041666666666666664 0.125 169
0.08333333333333333 0.125 207
0.125 0.125 203
0.16666666666666666 0.125 182
0.20833333333333331 0.125 172
0.25 0.125 195
0.29166666666666663 0.125 171
0.3333333333333333 0.125 178
0.375 0.125 161
0.41666666666666663 0.125 169
0.4583333333333333 0.125 175
0.5 0.125 170
0.5416666666666666 0.125 164
0.5833333333333333 0.125 172
0.625 0.125 166
0.6666666666666666 0.125 157
0.7083333333333333 0.125 164
0.75 0.125 160
0.7916666666666666 0.125 122
0.8333333333333333 0.125 139
0.875 0.125 84
0.9166666666666666 0.125 80
0.9583333333333333 0.125 140
1.0 0.125 73
0.0 0.14583333333333331 189
0.041666666666666664 0.14583333333333331 173
0.08333333333333333 0.14583333333333331 179
0.125 0.14583333333333331 202
0.16666666666666666 0.14583333333333331 180
0.20833333333333331 0.14583333333333331 196
0.25 0.14583333333333331 202
0.29166666666666663 0.14583333333333331 183
0.3333333333333333 0.14583333333333331 190
0.375 0.14583333333333331 176
0.41666666666666663 0.14583333333333331 158
0.4583333333333333 0.14583333333333331 174
0.5 0.14583333333333331 182
0.5416666666666666 0.14583333333333331 188
0.5833333333333333 0.14583333333333331 148
0.625 0.14583333333333331 155
0.6666666666666666 0.14583333333333331 140
0.7083333333333333 0.14583333333333331 147
0.75 0.14583333333333331 161
0.7916666666666666 0.14583333333333331 141
0.8333333333333333 0.14583333333333331 140
0.875 0.14583333333333331 132
0.9166666666666666 0.14583333333333331 78
0.9583333333333333 0.14583333333333331 47
1.0 0.14583333333333331 115
0.0 0.16666666666666666 214
0.041666666666666664 0.16666666666666666 210
0.08333333333333333 0.16666666666666666 195
0.125 0.16666666666666666 191
0.16666666666666666 0.16666666666666666 162
0.20833333333333331 0.16666666666666666 182
0.25 0.16666666666666666 180
0.29166666666666663 0.16666666666666666 177
0.3333333333333333 0.16666666666666666 164
0.375 0.16666666666666666 180
0.41666666666666663 0.16666666666666666 184
0.4583333333333333 0.16666666666666666 172
0.5 0.16666666666666666 152
0.5416666666666666 0.16666666666666666 131
0.5833333333333333 0.16666666666666666 179
0.625 0.16666666666666666 147
0.6666666666666666 0.16666666666666666 146
0.7083333333333333 0.16666666666666666 178
0.75 0.16666666666666666 178
0.7916666666666666 0.16666666666666666 141
0.8333333333333333 0.16666666666666666 117
0.875 0.16666666666666666 106
0.9166666666666666 0.16666666666666666 174
0.9583333333333333 0.16666666666666666 149
1.0 0.16666666666666666 91
0.0 0.1875 213
0.041666666666666664 0.1875 212
0.08333333333333333 0.1875 197
0.125 0.1875 193
0.16666666666666666 0.1875 186
0.20833333333333331 0.1875 210
0.25 0.1875 178
0.29166666666666663 0.1875 226
0.3333333333333333 0.1875 170
0.375 0.1875 192
0.41666666666666663 0.1875 186
0.4583333333333333 0.1875 189
0.5 0.1875 177
0.5416666666666666 0.1875 160
0.5833333333333333 0.1875 196
0.625 0.1875 195
0.6666666666666666 0.1875 151
0.7083333333333333 0.1875 143
0.75 0.1875 156
0.7916666666666666 0.1875 159
0.8333333333333333 0.1875 116
0.875 0.1875 163
0.9166666666666666 0.1875 97
0.9583333333333333 0.1875 86
1.0 0.1875 52
0.0 0.20833333333333331 185
0.041666666666666664 0.20833333333333331 206
0.08333333333333333 0.20833333333333331 195
0.125 0.20833333333333331 182
0.16666666666666666 0.20833333333333331 174
0.20833333333333331 0.20833333333333331 163
0.25 0.20833333333333331 179
0.29166666666666663 0.20833333333333331 192
0.3333333333333333 0.20833333333333331 189
0.375 0.20833333333333331 169
0.41666666666666663 0.20833333333333331 178
0.4583333333333333 0.20833333333333331 192
0.5 0.20833333333333331 156
0.5416666666666666 0.20833333333333331 190
0.5833333333333333 0.20833333333333331 175
0.625 0.20833333333333331 164
0.6666666666666666 0.20833333333333331 145
0.7083333333333333 0.20833333333333331 161
0.75 0.20833333333333331 162
0.7916666666666666 0.20833333333333331 190
0.8333333333333333 0.20833333333333331 107
0.875 0.20833333333333331 104
0.9166666666666666 0.20833333333333331 78
0.9583333333333333 0.20833333333333331 64
1.0 0.20833333333333331 74
0.0 0.22916666666666666 214
0.041666666666666664 0.22916666666666666 184
0.08333333333333333 0.22916666666666666 198
0.125 0.22916666666666666 194
0.16666666666666666 0.22916666666666666 190
0.20833333333333331 0.22916666666666666 185
0.25 0.22916666666666666 201
0.29166666666666663 0.22916666666666666 184
0.3333333333333333 0.22916666666666666 191
0.375 0.22916666666666666 160
0.41666666666666663 0.22916666666666666 155
0.4583333333333333 0.22916666666666666 188
0.5 0.22916666666666666 168
0.5416666666666666 0.22916666666666666 161
0.5833333333333333 0.22916666666666666 196
0.625 0.22916666666666666 143
0.6666666666666666 0.22916666666666666 142
0.7083333333333333 0.22916666666666666 149
0.75 0.22916666666666666 138
0.7916666666666666 0.22916666666666666 153
0.8333333333333333 0.22916666666666666 132
0.875 0.22916666666666666 99
0.9166666666666666 0.22916666666666666 93
0.9583333333333333 0.22916666666666666 82
1.0 0.22916666666666666 167
0.0 0.25 167
0.041666666666666664 0.25 182
0.08333333333333333 0.25 190
0.125 0.25 186
0.16666666666666666 0.25 216
0.20833333333333331 0.25 198
0.25 0.25 204
0.29166666666666663 0.25 187
0.3333333333333333 0.25 175
0.375 0.25 184
0.41666666666666663 0.25 168
0.4583333333333333 0.25 163
0.5 0.25 157
0.5416666666666666 0.25 159
0.5833333333333333 0.25 172
0.625 0.25 171
0.6666666666666666 0.25 167
0.7083333333333333 0.25 144
0.75 0.25 135
0.7916666666666666 0.25 121
0.8333333333333333 0.25 158
0.875 0.25 98
0.9166666666666666 0.25 94
0.9583333333333333 0.25 165
1.0 0.25 152
0.0 0.2708333333333333 201
0.041666666666666664 0.2708333333333333 215
0.08333333333333333 0.2708333333333333 161
0.125 0.2708333333333333 199
0.16666666666666666 0.2708333333333333 204
0.20833333333333331 0.2708333333333333 191
0.25 0.2708333333333333 210
0.29166666666666663 0.2708333333333333 179
0.3333333333333333 0.2708333333333333 158
0.375 0.2708333333333333 163
0.41666666666666663 0.2708333333333333 177
0.4583333333333333 0.2708333333333333 178
0.5 0.2708333333333333 164
0.5416666666666666 0.2708333333333333 195
0.5833333333333333 0.2708333333333333 171
0.625 0.2708333333333333 164
0.6666666666666666 0.2708333333333333 170
0.7083333333333333 0.2708333333333333 197
0.75 0.2708333333333333 113
0.7916666666666666 0.2708333333333333 141
0.8333333333333333 0.2708333333333333 103
0.875 0.2708333333333333 98
0.9166666666666666 0.2708333333333333 189
0.9583333333333333 0.2708333333333333 85
1.0 0.2708333333333333 190
0.0 0.29166666666666663 196
0.041666666666666664 0.29166666666666663 1
0.08333333333333333 0.29166666666666663 199
0.125 0.29166666666666663 182
0.16666666666666666 0.29166666666666663 189
0.20833333333333331 0.29166666666666663 198
0.25 0.29166666666666663 209
0.29166666666666663 0.29166666666666663 164
0.3333333333333333 0.29166666666666663 203
0.375 0.29166666666666663 187
0.41666666666666663 0.29166666666666663 185
0.4583333333333333 0.29166666666666663 173
0.5 0.29166666666666663 179
0.5416666666666666 0.29166666666666663 176
0.5833333333333333 0.29166666666666663 179
0.625 0.29166666666666663 169
0.6666666666666666 0.29166666666666663 194
0.7083333333333333 0.29166666666666663 161
0.75 0.29166666666666663 150
0.7916666666666666 0.29166666666666663 172
0.8333333333333333 0.29166666666666663 131
0.875 0.29166666666666663 150
0.9166666666666666 0.29166666666666663 103
0.9583333333333333 0.29166666666666663 176
1.0 0.29166666666666663 183
0.0 0.3125 167
0.041666666666666664 0.3125 201
0.08333333333333333 0.3125 199
0.125 0.3125 146
0.16666666666666666 0.3125 209
0.20833333333333331 0.3125 182
0.25 0.3125 171
0.29166666666666663 0.3125 222
0.3333333333333333 0.3125 168
0.375 0.3125 190
0.41666666666666663 0.3125 195
0.4583333333333333 0.3125 178
0.5 0.3125 201
0.5416666666666666 0.3125 183
0.5833333333333333 0.3125 182
0.625 0.3125 168
0.6666666666666666 0.3125 138
0.7083333333333333 0.3125 148
0.75 0.3125 139
0.7916666666666666 0.3125 202
0.8333333333333333 0.3125 143
0.875 0.3125 181
0.9166666666666666 0.3125 109
0.9583333333333333 0.3125 203
1.0 0.3125 108
0.0 0.3333333333333333 1
0.041666666666666664 0.3333333333333333 166
0.08333333333333333 0.3333333333333333 197
0.125 0.3333333333333333 186
0.16666666666666666 0.3333333333333333 160
0.20833333333333331 0.3333333333333333 207
0.25 0.3333333333333333 200
0.29166666666666663 0.3333333333333333 198
0.3333333333333333 0.3333333333333333 216
0.375 0.3333333333333333 178
0.41666666666666663 0.3333333333333333 192
0.4583333333333333 0.3333333333333333 161
0.5 0.3333333333333333 196
0.5416666666666666 0.3333333333333333 193
0.5833333333333333 0.3333333333333333 192
0.625 0.3333333333333333 152
0.6666666666666666 0.3333333333333333 159
0.7083333333333333 0.3333333333333333 156
0.75 0.3333333333333333 181
0.7916666666666666 0.3333333333333333 168
0.8333333333333333 0.3333333333333333 216
0.875 0.3333333333333333 220
0.9166666666666666 0.3333333333333333 183
0.9583333333333333 0.3333333333333333 184
1.0 0.3333333333333333 180
0.0 0.35416666666666663 190
0.041666666666666664 0.35416666666666663 172
0.08333333333333333 0.35416666666666663 190
0.125 0.35416666666666663 185
0.16666666666666666 0.35416666666666663 215
0.20833333333333331 0.35416666666666663 189
0.25 0.35416666666666663 199
0.29166666666666663 0.35416666666666663 189
0.3333333333333333 0.35416666666666663 183
0.375 0.35416666666666663 174
0.41666666666666663 0.35416666666666663 198
0.4583333333333333 0.35416666666666663 194
0.5 0.35416666666666663 214
0.5416666666666666 0.35416666666666663 171
0.5833333333333333 0.35416666666666663 170
0.625 0.35416666666666663 163
0.6666666666666666 0.35416666666666663 166
0.7083333333333333 0.35416666666666663 170
0.75 0.35416666666666663 149
0.7916666666666666 0.35416666666666663 183
0.8333333333333333 0.35416666666666663 203
0.875 0.35416666666666663 171
0.9166666666666666 0.35416666666666663 202
0.9583333333333333 0.35416666666666663 200
1.0 0.35416666666666663 119
0.0 0.375 164
0.041666666666666664 0.375 153
0.08333333333333333 0.375 169
0.125 0.375 198
0.16666666666666666 0.375 176
0.20833333333333331 0.375 163
0.25 0.375 213
0.29166666666666663 0.375 190
0.3333333333333333 0.375 212
0.375 0.375 181
0.41666666666666663 0.375 191
0.4583333333333333 0.375 180
0.5 0.375 203
0.5416666666666666 0.375 194
0.5833333333333333 0.375 179
0.625 0.375 155
0.6666666666666666 0.375 204
0.7083333333333333 0.375 142
0.75 0.375 168
0.7916666666666666 0.375 175
0.8333333333333333 0.375 186
0.875 0.375 178
0.9166666666666666 0.375 190
0.9583333333333333 0.375 200
1.0 0.375 179
0.0 0.3958333333333333 227
0.041666666666666664 0.3958333333333333 183
0.08333333333333333 0.3958333333333333 180
0.125 0.3958333333333333 170
0.16666666666666666 0.3958333333333333 175
0.20833333333333331 0.3958333333333333 201
0.25 0.3958333333333333 185
0.29166666666666663 0.3958333333333333 197
0.3333333333333333 0.3958333333333333 185
0.375 0.3958333333333333 189
0.41666666666666663 0.3958333333333333 195
0.4583333333333333 0.3958333333333333 177
0.5 0.3958333333333333 196
0.5416666666666666 0.3958333333333333 178
0.5833333333333333 0.3958333333333333 173
0.625 0.3958333333333333 160
0.6666666666666666 0.3958333333333333 169
0.7083333333333333 0.3958333333333333 154
0.75 0.3958333333333333 177
0.7916666666666666 0.3958333333333333 157
0.8333333333333333 0.3958333333333333 187
0.875 0.3958333333333333 185
0.9166666666666666 0.3958333333333333 218
0.9583333333333333 0.3958333333333333 199
1.0 0.3958333333333333 185
0.0 0.41666666666666663 203
0.041666666666666664 0.41666666666666663 171
0.08333333333333333 0.41666666666666663 195
0.125 0.41666666666666663 171
0.16666666666666666 0.41666666666666663 206
0.20833333333333331 0.41666666666666663 182
0.25 0.41666666666666663 160
0.29166666666666663 0.41666666666666663 160
0.3333333333333333 0.41666666666666663 189
0.375 0.41666666666666663 174
0.41666666666666663 0.41666666666666663 180
0.4583333333333333 0.41666666666666663 175
0.5 0.41666666666666663 188
0.5416666666666666 0.41666666666666663 157
0.5833333333333333 0.41666666666666663 179
0.625 0.41666666666666663 204
0.6666666666666666 0.41666666666666663 150
0.7083333333333333 0.41666666666666663 205
0.75 0.41666666666666663 149
0.7916666666666666 0.41666666666666663 181
0.8333333333333333 0.41666666666666663 181
0.875 0.41666666666666663 168
0.9166666666666666 0.41666666666666663 162
0.9583333333333333 0.41666666666666663 191
1.0 0.41666666666666663 182
0.0 0.4375 188
0.041666666666666664 0.4375 197
0.08333333333333333 0.4375 186
0.125 0.4375 188
0.16666666666666666 0.4375 173
0.20833333333333331 0.4375 174
0.25 0.4375 172
0.29166666666666663 0.4375 187
0.3333333333333333 0.4375 173
0.375 0.4375 186
0.41666666666666663 0.4375 176
0.4583333333333333 0.4375 202
0.5 0.4375 216
0.5416666666666666 0.4375 170
0.5833333333333333 0.4375 175
0.625 0.4375 179
0.6666666666666666 0.4375 192
0.7083333333333333 0.4375 180
0.75 0.4375 173
0.7916666666666666 0.4375 198
0.8333333333333333 0.4375 131
0.875 0.4375 180
0.9166666666666666 0.4375 118
0.9583333333333333 0.4375 179
1.0 0.4375 181
0.0 0.4583333333333333 217
0.041666666666666664 0.4583333333333333 192
0.08333333333333333 0.4583333333333333 166
0.125 0.4583333333333333 207
0.16666666666666666 0.4583333333333333 169
0.20833333333333331 0.4583333333333333 211
0.25 0.4583333333333333 202
0.29166666666666663 0.4583333333333333 193
0.3333333333333333 0.4583333333333333 169
0.375 0.4583333333333333 192
0.41666666666666663 0.4583333333333333 201
0.4583333333333333 0.4583333333333333 161
0.5 0.4583333333333333 177
0.5416666666666666 0.4583333333333333 181
0.5833333333333333 0.4583333333333333 186
0.625 0.4583333333333333 210
0.6666666666666666 0.4583333333333333 166
0.7083333333333333 0.4583333333333333 162
0.75 0.4583333333333333 133
0.7916666666666666 0.4583333333333333 156
0.8333333333333333 0.4583333333333333 203
0.875 0.4583333333333333 195
0.9166666666666666 0.4583333333333333 212
0.9583333333333333 0.4583333333333333 205
1.0 0.4583333333333333 99
0.0 0.47916666666666663 192
0.041666666666666664 0.47916666666666663 197
0.08333333333333333 0.47916666666666663 197
0.125 0.47916666666666663 180
0.16666666666666666 0.47916666666666663 213
0.20833333333333331 0.47916666666666663 164
0.25 0.47916666666666663 200
0.29166666666666663 0.47916666666666663 165
0.3333333333333333 0.47916666666666663 206
0.375 0.47916666666666663 228
0.41666666666666663 0.47916666666666663 219
0.4583333333333333 0.47916666666666663 185
0.5 0.47916666666666663 152
0.5416666666666666 0.47916666666666663 154
0.5833333333333333 0.47916666666666663 194
0.625 0.47916666666666663 184
0.6666666666666666 0.47916666666666663 185
0.7083333333333333 0.47916666666666663 159
0.75 0.47916666666666663 206
0.7916666666666666 0.47916666666666663 203
0.8333333333333333 0.47916666666666663 160
0.875 0.47916666666666663 186
0.9166666666666666 0.47916666666666663 105
0.9583333333333333 0.47916666666666663 226
1.0 0.47916666666666663 147
0.0 0.5 180
0.041666666666666664 0.5 201
0.08333333333333333 0.5 177
0.125 0.5 220
0.16666666666666666 0.5 198
0.20833333333333331 0.5 1
0.25 0.5 170
0.29166666666666663 0.5 208
0.3333333333333333 0.5 195
0.375 0.5 190
0.41666666666666663 0.5 187
0.4583333333333333 0.5 192
0.5 0.5 157
0.5416666666666666 0.5 187
0.5833333333333333 0.5 202
0.625 0.5 167
0.6666666666666666 0.5 145
0.7083333333333333 0.5 177
0.75 0.5 219
0.7916666666666666 0.5 179
0.8333333333333333 0.5 178
0.875 0.5 196
0.9166666666666666 0.5 186
0.9583333333333333 0.5 142
1.0 0.5 123
