0.0 0.0 170
0.041666666666666664 0.0 181
0.08333333333333333 0.0 183
0.125 0.0 171
0.16666666666666666 0.0 180
0.20833333333333331 0.0 183
0.25 0.0 191
0.29166666666666663 0.0 167
0.3333333333333333 0.0 176
0.375 0.0 183
0.41666666666666663 0.0 178
0.4583333333333333 0.0 168
0.5 0.0 190
0.5416666666666666 0.0 173
0.5833333333333333 0.0 153
0.625 0.0 162
0.6666666666666666 0.0 127
0.7083333333333333 0.0 148
0.75 0.0 115
0.7916666666666666 0.0 125
0.8333333333333333 0.0 95
0.875 0.0 75
0.9166666666666666 0.0 78
0.9583333333333333 0.0 1
1.0 0.0 0
0.0 0.020833333333333332 225
0.041666666666666664 0.020833333333333332 199
0.08333333333333333 0.020833333333333332 173
0.125 0.020833333333333332 163
0.16666666666666666 0.020833333333333332 185
0.20833333333333331 0.020833333333333332 189
0.25 0.020833333333333332 192
0.29166666666666663 0.020833333333333332 191
0.3333333333333333 0.020833333333333332 183
0.375 0.020833333333333332 192
0.41666666666666663 0.020833333333333332 154
0.4583333333333333 0.020833333333333332 183
0.5 0.020833333333333332 165
0.5416666666666666 0.020833333333333332 156
0.5833333333333333 0.020833333333333332 161
0.625 0.020833333333333332 162
0.6666666666666666 0.020833333333333332 154
0.7083333333333333 0.020833333333333332 145
0.75 0.020833333333333332 144
0.7916666666666666 0.020833333333333332 132
0.8333333333333333 0.020833333333333332 116
0.875 0.020833333333333332 88
0.9166666666666666 0.020833333333333332 71
0.9583333333333333 0.020833333333333332 36
1.0 0.020833333333333332 55
0.0 0.041666666666666664 170
0.041666666666666664 0.041666666666666664 191
0.08333333333333333 0.041666666666666664 162
0.125 0.041666666666666664 200
0.16666666666666666 0.041666666666666664 191
0.20833333333333331 0.041666666666666664 208
0.25 0.041666666666666664 194
0.29166666666666663 0.041666666666666664 179
0.3333333333333333 0.041666666666666664 160
0.375 0.041666666666666664 190
0.41666666666666663 0.041666666666666664 160
0.4583333333333333 0.041666666666666664 180
0.5 0.041666666666666664 194
0.5416666666666666 0.041666666666666664 164
0.5833333333333333 0.041666666666666664 157
0.625 0.041666666666666664 151
0.6666666666666666 0.041666666666666664 143
0.7083333333333333 0.041666666666666664 139
0.75 0.041666666666666664 124
0.7916666666666666 0.041666666666666664 136
0.8333333333333333 0.041666666666666664 119
0.875 0.041666666666666664 124
0.9166666666666666 0.041666666666666664 81
0.9583333333333333 0.041666666666666664 64
1.0 0.041666666666666664 26
0.0 0.0625 187
0.041666666666666664 0.0625 188
0.08333333333333333 0.0625 180
0.125 0.0625 179
0.16666666666666666 0.0625 169
0.20833333333333331 0.0625 193
0.25 0.0625 168
0.29166666666666663 0.0625 183
0.3333333333333333 0.0625 159
0.375 0.0625 181
0.41666666666666663 0.0625 184
0.4583333333333333 0.0625 183
0.5 0.0625 158
0.5416666666666666 0.0625 150
0.5833333333333333 0.0625 146
0.625 0.0625 143
0.6666666666666666 0.0625 153
0.7083333333333333 0.0625 128
0.75 0.0625 161
0.7916666666666666 0.0625 137
0.8333333333333333 0.0625 98
0.875 0.0625 104
0.9166666666666666 0.0625 76
0.9583333333333333 0.0625 104
1.0 0.0625 47
0.0 0.08333333333333333 189
0.041666666666666664 0.08333333333333333 213
0.08333333333333333 0.08333333333333333 191
0.125 0.08333333333333333 190
0.16666666666666666 0.08333333333333333 172
0.20833333333333331 0.08333333333333333 167
0.25 0.08333333333333333 160
0.29166666666666663 0.08333333333333333 167
0.3333333333333333 0.08333333333333333 174
0.375 0.08333333333333333 167
0.41666666666666663 0.08333333333333333 191
0.4583333333333333 0.08333333333333333 177
0.5 0.08333333333333333 184
0.5416666666666666 0.08333333333333333 175
0.5833333333333333 0.08333333333333333 164
0.625 0.08333333333333333 175
0.6666666666666666 0.08333333333333333 170
0.7083333333333333 0.08333333333333333 146
0.75 0.08333333333333333 126
0.7916666666666666 0.08333333333333333 133
0.8333333333333333 0.08333333333333333 100
0.875 0.08333333333333333 98
0.9166666666666666 0.08333333333333333 76
0.9583333333333333 0.08333333333333333 45
1.0 0.08333333333333333 51
0.0 0.10416666666666666 166
0.041666666666666664 0.10416666666666666 172
0.08333333333333333 0.10416666666666666 189
0.125 0.10416666666666666 172
0.16666666666666666 0.10416666666666666 156
0.20833333333333331 0.10416666666666666 177
0.25 0.10416666666666666 172
0.29166666666666663 0.10416666666666666 195
0.3333333333333333 0.10416666666666666 154
0.375 0.10416666666666666 179
0.41666666666666663 0.10416666666666666 163
0.4583333333333333 0.10416666666666666 179
0.5 0.10416666666666666 153
0.5416666666666666 0.10416666666666666 166
0.5833333333333333 0.10416666666666666 147
0.625 0.10416666666666666 154
0.6666666666666666 0.10416666666666666 139
0.7083333333333333 0.10416666666666666 144
0.75 0.10416666666666666 121
0.7916666666666666 0.10416666666666666 121
0.8333333333333333 0.10416666666666666 108
0.875 0.10416666666666666 95
0.9166666666666666 0.10416666666666666 83
0.9583333333333333 0.10416666666666666 75
1.0 0.10416666666666666 49
0.0 0.125 185
0.041666666666666664 0.125 199
0.08333333333333333 0.125 143
0.125 0.125 171
0.16666666666666666 0.125 179
0.20833333333333331 0.125 164
0.25 0.125 180
0.29166666666666663 0.125 156
0.3333333333333333 0.125 173
0.375 0.125 205
0.41666666666666663 0.125 157
0.4583333333333333 0.125 173
0.5 0.125 147
0.5416666666666666 0.125 171
0.5833333333333333 0.125 163
0.625 0.125 150
0.6666666666666666 0.125 155
0.7083333333333333 0.125 162
0.75 0.125 120
0.7916666666666666 0.125 148
0.8333333333333333 0.125 157
0.875 0.125 148
0.9166666666666666 0.125 143
0.9583333333333333 0.125 55
1.0 0.125 148
0.0 0.14583333333333331 184
0.041666666666666664 0.14583333333333331 193
0.08333333333333333 0.14583333333333331 175
0.125 0.14583333333333331 189
0.16666666666666666 0.14583333333333331 199
0.20833333333333331 0.14583333333333331 164
0.25 0.14583333333333331 170
0.29166666666666663 0.14583333333333331 168
0.3333333333333333 0.14583333333333331 177
0.375 0.14583333333333331 191
0.41666666666666663 0.14583333333333331 173
0.4583333333333333 0.14583333333333331 159
0.5 0.14583333333333331 193
0.5416666666666666 0.14583333333333331 186
0.5833333333333333 0.14583333333333331 133
0.625 0.14583333333333331 164
0.6666666666666666 0.14583333333333331 130
0.7083333333333333 0.14583333333333331 174
0.75 0.14583333333333331 133
0.7916666666666666 0.14583333333333331 130
0.8333333333333333 0.14583333333333331 135
0.875 0.14583333333333331 158
0.9166666666666666 0.14583333333333331 164
0.9583333333333333 0.14583333333333331 105
1.0 0.14583333333333331 137
0.0 0.16666666666666666 192
0.041666666666666664 0.16666666666666666 187
0.08333333333333333 0.16666666666666666 182
0.125 0.16666666666666666 177
0.16666666666666666 0.16666666666666666 187
0.20833333333333331 0.16666666666666666 164
0.25 0.16666666666666666 158
0.29166666666666663 0.16666666666666666 188
0.3333333333333333 0.16666666666666666 162
0.375 0.16666666666666666 185
0.41666666666666663 0.16666666666666666 191
0.4583333333333333 0.16666666666666666 180
0.5 0.16666666666666666 165
0.5416666666666666 0.16666666666666666 156
0.5833333333333333 0.16666666666666666 176
0.625 0.16666666666666666 154
0.6666666666666666 0.16666666666666666 149
0.7083333333333333 0.16666666666666666 177
0.75 0.16666666666666666 152
0.7916666666666666 0.16666666666666666 144
0.8333333333333333 0.16666666666666666 174
0.875 0.16666666666666666 112
0.9166666666666666 0.16666666666666666 73
0.9583333333333333 0.16666666666666666 140
1.0 0.16666666666666666 65
0.0 0.1875 211
0.041666666666666664 0.1875 201
0.08333333333333333 0.1875 168
0.125 0.1875 201
0.16666666666666666 0.1875 189
0.20833333333333331 0.1875 196
0.25 0.1875 184
0.29166666666666663 0.1875 174
0.3333333333333333 0.1875 165
0.375 0.1875 155
0.41666666666666663 0.1875 174
0.4583333333333333 0.1875 194
0.5 0.1875 151
0.5416666666666666 0.1875 147
0.5833333333333333 0.1875 178
0.625 0.1875 172
0.6666666666666666 0.1875 178
0.7083333333333333 0.1875 160
0.75 0.1875 141
0.7916666666666666 0.1875 155
0.8333333333333333 0.1875 173
0.875 0.1875 105
0.9166666666666666 0.1875 114
0.9583333333333333 0.1875 52
1.0 0.1875 55
0.0 0.20833333333333331 171
0.041666666666666664 0.20833333333333331 197
0.08333333333333333 0.20833333333333331 182
0.125 0.20833333333333331 183
0.16666666666666666 0.20833333333333331 183
0.20833333333333331 0.20833333333333331 168
0.25 0.20833333333333331 189
0.29166666666666663 0.20833333333333331 180
0.3333333333333333 0.20833333333333331 150
0.375 0.20833333333333331 180
0.41666666666666663 0.20833333333333331 176
0.4583333333333333 0.20833333333333331 178
0.5 0.20833333333333331 174
0.5416666666666666 0.20833333333333331 156
0.5833333333333333 0.20833333333333331 147
0.625 0.20833333333333331 158
0.6666666666666666 0.20833333333333331 159
0.7083333333333333 0.20833333333333331 117
0.75 0.20833333333333331 145
0.7916666666666666 0.20833333333333331 183
0.8333333333333333 0.20833333333333331 136
0.875 0.20833333333333331 112
0.9166666666666666 0.20833333333333331 145
0.9583333333333333 0.20833333333333331 80
1.0 0.20833333333333331 113
0.0 0.22916666666666666 184
0.041666666666666664 0.22916666666666666 177
0.08333333333333333 0.22916666666666666 149
0.125 0.22916666666666666 190
0.16666666666666666 0.22916666666666666 194
0.20833333333333331 0.22916666666666666 162
0.25 0.22916666666666666 157
0.29166666666666663 0.22916666666666666 180
0.3333333333333333 0.22916666666666666 188
0.375 0.22916666666666666 202
0.41666666666666663 0.22916666666666666 180
0.4583333333333333 0.22916666666666666 164
0.5 0.22916666666666666 189
0.5416666666666666 0.22916666666666666 171
0.5833333333333333 0.22916666666666666 150
0.625 0.22916666666666666 137
0.6666666666666666 0.22916666666666666 163
0.7083333333333333 0.22916666666666666 184
0.75 0.22916666666666666 184
0.7916666666666666 0.22916666666666666 133
0.8333333333333333 0.22916666666666666 190
0.875 0.22916666666666666 96
0.9166666666666666 0.22916666666666666 119
0.9583333333333333 0.22916666666666666 74
1.0 0.22916666666666666 179
0.0 0.25 188
0.041666666666666664 0.25 190
0.08333333333333333 0.25 179
0.125 0.25 190
0.16666666666666666 0.25 189
0.20833333333333331 0.25 188
0.25 0.25 179
0.29166666666666663 0.25 184
0.3333333333333333 0.25 207
0.375 0.25 154
0.41666666666666663 0.25 182
0.4583333333333333 0.25 190
0.5 0.25 194
0.5416666666666666 0.25 174
0.5833333333333333 0.25 149
0.625 0.25 174
0.6666666666666666 0.25 175
0.7083333333333333 0.25 156
0.75 0.25 153
0.7916666666666666 0.25 176
0.8333333333333333 0.25 143
0.875 0.25 141
0.9166666666666666 0.25 204
0.9583333333333333 0.25 183
1.0 0.25 61
0.0 0.2708333333333333 183
0.041666666666666664 0.2708333333333333 200
0.08333333333333333 0.2708333333333333 169
0.125 0.2708333333333333 214
0.16666666666666666 0.2708333333333333 179
0.20833333333333331 0.2708333333333333 196
0.25 0.2708333333333333 170
0.29166666666666663 0.2708333333333333 163
0.3333333333333333 0.2708333333333333 180
0.375 0.2708333333333333 177
0.41666666666666663 0.2708333333333333 213
0.4583333333333333 0.2708333333333333 165
0.5 0.2708333333333333 171
0.5416666666666666 0.2708333333333333 192
0.5833333333333333 0.2708333333333333 181
0.625 0.2708333333333333 181
0.6666666666666666 0.2708333333333333 163
0.7083333333333333 0.2708333333333333 192
0.75 0.2708333333333333 185
0.7916666666666666 0.2708333333333333 193
0.8333333333333333 0.2708333333333333 107
0.875 0.2708333333333333 119
0.9166666666666666 0.2708333333333333 121
0.9583333333333333 0.2708333333333333 209
1.0 0.2708333333333333 217
0.0 0.29166666666666663 181
0.041666666666666664 0.29166666666666663 175
0.08333333333333333 0.29166666666666663 199
0.125 0.29166666666666663 178
0.16666666666666666 0.29166666666666663 182
0.20833333333333331 0.29166666666666663 177
0.25 0.29166666666666663 206
0.29166666666666663 0.29166666666666663 191
0.3333333333333333 0.29166666666666663 168
0.375 0.29166666666666663 188
0.41666666666666663 0.29166666666666663 193
0.4583333333333333 0.29166666666666663 185
0.5 0.29166666666666663 176
0.5416666666666666 0.29166666666666663 0
0.5833333333333333 0.29166666666666663 163
0.625 0.29166666666666663 164
0.6666666666666666 0.29166666666666663 159
0.7083333333333333 0.29166666666666663 135
0.75 0.29166666666666663 190
0.7916666666666666 0.29166666666666663 198
0.8333333333333333 0.29166666666666663 179
0.875 0.29166666666666663 123
0.9166666666666666 0.29166666666666663 208
0.9583333333333333 0.29166666666666663 73
1.0 0.29166666666666663 91
0.0 0.3125 207
0.041666666666666664 0.3125 184
0.08333333333333333 0.3125 199
0.125 0.3125 205
0.16666666666666666 0.3125 183
0.20833333333333331 0.3125 210
0.25 0.3125 162
0.29166666666666663 0.3125 188
0.3333333333333333 0.3125 166
0.375 0.3125 181
0.41666666666666663 0.3125 163
0.4583333333333333 0.3125 183
0.5 0.3125 177
0.5416666666666666 0.3125 186
0.5833333333333333 0.3125 160
0.625 0.3125 163
0.6666666666666666 0.3125 185
0.7083333333333333 0.3125 183
0.75 0.3125 160
0.7916666666666666 0.3125 171
0.8333333333333333 0.3125 176
0.875 0.3125 216
0.9166666666666666 0.3125 130
0.9583333333333333 0.3125 119
1.0 0.3125 125
0.0 0.3333333333333333 193
0.041666666666666664 0.3333333333333333 190
0.08333333333333333 0.3333333333333333 205
0.125 0.3333333333333333 204
0.16666666666666666 0.3333333333333333 207
0.20833333333333331 0.3333333333333333 152
0.25 0.3333333333333333 209
0.29166666666666663 0.3333333333333333 202
0.3333333333333333 0.3333333333333333 222
0.375 0.3333333333333333 188
0.41666666666666663 0.3333333333333333 176
0.4583333333333333 0.3333333333333333 170
0.5 0.3333333333333333 158
0.5416666666666666 0.3333333333333333 178
0.5833333333333333 0.3333333333333333 180
0.625 0.3333333333333333 165
0.6666666666666666 0.3333333333333333 136
0.7083333333333333 0.3333333333333333 171
0.75 0.3333333333333333 210
0.7916666666666666 0.3333333333333333 116
0.8333333333333333 0.3333333333333333 195
0.875 0.3333333333333333 0
0.9166666666666666 0.3333333333333333 150
0.9583333333333333 0.3333333333333333 185
1.0 0.3333333333333333 121
0.0 0.35416666666666663 215
0.041666666666666664 0.35416666666666663 189
0.08333333333333333 0.35416666666666663 201
0.125 0.35416666666666663 181
0.16666666666666666 0.35416666666666663 192
0.20833333333333331 0.35416666666666663 179
0.25 0.35416666666666663 153
0.29166666666666663 0.35416666666666663 175
0.3333333333333333 0.35416666666666663 172
0.375 0.35416666666666663 194
0.41666666666666663 0.35416666666666663 167
0.4583333333333333 0.35416666666666663 167
0.5 0.35416666666666663 194
0.5416666666666666 0.35416666666666663 168
0.5833333333333333 0.35416666666666663 162
0.625 0.35416666666666663 180
0.6666666666666666 0.35416666666666663 191
0.7083333333333333 0.35416666666666663 139
0.75 0.35416666666666663 154
0.7916666666666666 0.35416666666666663 132
0.8333333333333333 0.35416666666666663 184
0.875 0.35416666666666663 139
0.9166666666666666 0.35416666666666663 90
0.9583333333333333 0.35416666666666663 178
1.0 0.35416666666666663 91
0.0 0.375 172
0.041666666666666664 0.375 183
0.08333333333333333 0.375 189
0.125 0.375 188
0.16666666666666666 0.375 201
0.20833333333333331 0.375 175
0.25 0.375 178
0.29166666666666663 0.375 209
0.3333333333333333 0.375 203
0.375 0.375 187
0.41666666666666663 0.375 197
0.4583333333333333 0.375 204
0.5 0.375 183
0.5416666666666666 0.375 164
0.5833333333333333 0.375 194
0.625 0.375 202
0.6666666666666666 0.375 168
0.7083333333333333 0.375 162
0.75 0.375 197
0.7916666666666666 0.375 165
0.8333333333333333 0.375 141
0.875 0.375 178
0.9166666666666666 0.375 134
0.9583333333333333 0.375 140
1.0 0.375 157
0.0 0.3958333333333333 174
0.041666666666666664 0.3958333333333333 189
0.08333333333333333 0.3958333333333333 200
0.125 0.3958333333333333 207
0.16666666666666666 0.3958333333333333 210
0.20833333333333331 0.3958333333333333 211
0.25 0.3958333333333333 178
0.29166666666666663 0.3958333333333333 175
0.3333333333333333 0.3958333333333333 163
0.375 0.3958333333333333 194
0.41666666666666663 0.3958333333333333 173
0.4583333333333333 0.3958333333333333 179
0.5 0.3958333333333333 190
0.5416666666666666 0.3958333333333333 1
0.5833333333333333 0.3958333333333333 174
0.625 0.3958333333333333 200
0.6666666666666666 0.3958333333333333 169
0.7083333333333333 0.3958333333333333 216
0.75 0.3958333333333333 163
0.7916666666666666 0.3958333333333333 126
0.8333333333333333 0.3958333333333333 175
0.875 0.3958333333333333 195
0.9166666666666666 0.3958333333333333 169
0.9583333333333333 0.3958333333333333 108
1.0 0.3958333333333333 199
0.0 0.41666666666666663 199
0.041666666666666664 0.41666666666666663 166
0.08333333333333333 0.41666666666666663 196
0.125 0.41666666666666663 192
0.16666666666666666 0.41666666666666663 208
0.20833333333333331 0.41666666666666663 185
0.25 0.41666666666666663 216
0.29166666666666663 0.41666666666666663 194
0.3333333333333333 0.41666666666666663 164
0.375 0.41666666666666663 235
0.41666666666666663 0.41666666666666663 185
0.4583333333333333 0.41666666666666663 181
0.5 0.41666666666666663 177
0.5416666666666666 0.41666666666666663 181
0.5833333333333333 0.41666666666666663 172
0.625 0.41666666666666663 208
0.6666666666666666 0.41666666666666663 178
0.7083333333333333 0.41666666666666663 188
0.75 0.41666666666666663 179
0.7916666666666666 0.41666666666666663 173
0.8333333333333333 0.41666666666666663 189
0.875 0.41666666666666663 139
0.9166666666666666 0.41666666666666663 140
0.9583333333333333 0.41666666666666663 209
1.0 0.41666666666666663 132
0.0 0.4375 197
0.041666666666666664 0.4375 211
0.08333333333333333 0.4375 172
0.125 0.4375 182
0.16666666666666666 0.4375 188
0.20833333333333331 0.4375 183
0.25 0.4375 196
0.29166666666666663 0.4375 186
0.3333333333333333 0.4375 195
0.375 0.4375 175
0.41666666666666663 0.4375 186
0.4583333333333333 0.4375 197
0.5 0.4375 161
0.5416666666666666 0.4375 180
0.5833333333333333 0.4375 176
0.625 0.4375 201
0.6666666666666666 0.4375 154
0.7083333333333333 0.4375 198
0.75 0.4375 180
0.7916666666666666 0.4375 178
0.8333333333333333 0.4375 196
0.875 0.4375 121
0.9166666666666666 0.4375 125
0.9583333333333333 0.4375 181
1.0 0.4375 203
0.0 0.4583333333333333 207
0.041666666666666664 0.4583333333333333 182
0.08333333333333333 0.4583333333333333 198
0.125 0.4583333333333333 187
0.16666666666666666 0.4583333333333333 211
0.20833333333333331 0.4583333333333333 174
0.25 0.4583333333333333 192
0.29166666666666663 0.4583333333333333 184
0.3333333333333333 0.4583333333333333 168
0.375 0.4583333333333333 170
0.41666666666666663 0.4583333333333333 170
0.4583333333333333 0.4583333333333333 189
0.5 0.4583333333333333 191
0.5416666666666666 0.4583333333333333 165
0.5833333333333333 0.4583333333333333 153
0.625 0.4583333333333333 166
0.6666666666666666 0.4583333333333333 149
0.7083333333333333 0.4583333333333333 185
0.75 0.4583333333333333 166
0.7916666666666666 0.4583333333333333 200
0.8333333333333333 0.4583333333333333 174
0.875 0.4583333333333333 146
0.9166666666666666 0.4583333333333333 201
0.9583333333333333 0.4583333333333333 143
1.0 0.4583333333333333 207
0.0 0.47916666666666663 213
0.041666666666666664 0.47916666666666663 183
0.08333333333333333 0.47916666666666663 196
0.125 0.47916666666666663 179
0.16666666666666666 0.47916666666666663 190
0.20833333333333331 0.47916666666666663 177
0.25 0.47916666666666663 177
0.29166666666666663 0.47916666666666663 169
0.3333333333333333 0.47916666666666663 189
0.375 0.47916666666666663 200
0.41666666666666663 0.47916666666666663 192
0.4583333333333333 0.47916666666666663 194
0.5 0.47916666666666663 218
0.5416666666666666 0.47916666666666663 184
0.5833333333333333 0.47916666666666663 196
0.625 0.47916666666666663 179
0.6666666666666666 0.47916666666666663 186
0.7083333333333333 0.47916666666666663 184
0.75 0.47916666666666663 182
0.7916666666666666 0.47916666666666663 133
0.8333333333333333 0.47916666666666663 189
0.875 0.47916666666666663 177
0.9166666666666666 0.47916666666666663 147
0.9583333333333333 0.47916666666666663 175
1.0 0.47916666666666663 212
0.0 0.5 176
0.041666666666666664 0.5 182
0.08333333333333333 0.5 198
0.125 0.5 192
0.16666666666666666 0.5 160
0.20833333333333331 0.5 187
0.25 0.5 182
0.29166666666666663 0.5 187
0.3333333333333333 0.5 183
0.375 0.5 174
0.41666666666666663 0.5 160
0.4583333333333333 0.5 189
0.5 0.5 199
0.5416666666666666 0.5 203
0.5833333333333333 0.5 207
0.625 0.5 190
0.6666666666666666 0.5 171
0.7083333333333333 0.5 170
0.75 0.5 181
0.7916666666666666 0.5 180
0.8333333333333333 0.5 141
0.875 0.5 204
0.9166666666666666 0.5 199
0.9583333333333333 0.5 189
1.0 0.5 216
