0.0 0.0 195.1
0.04166666666666666 0.0 189.9
0.08333333333333333 0.0 187.6
0.125 0.0 162.4
0.16666666666666666 0.0 169.3
0.2083333333333333 0.0 183.4
0.25 0.0 191.4
0.29166666666666663 0.0 173.2
0.3333333333333333 0.0 158.6
0.375 0.0 172.0
0.4166666666666666 0.0 172.0
0.4583333333333333 0.0 148.5
0.5 0.0 152.4
0.5416666666666666 0.0 163.1
0.5833333333333333 0.0 154.8
0.625 0.0 154.6
0.6666666666666666 0.0 114.0
0.7083333333333333 0.0 130.0
0.75 0.0 126.4
0.7916666666666666 0.0 114.4
0.8333333333333333 0.0 96.8
0.875 0.0 66.3
0.9166666666666666 0.0 48.9
0.9583333333333331 0.0 14.1
1.0 0.0 0.5
0.0 0.02083333333333333 194.8
0.04166666666666666 0.02083333333333333 184.4
0.08333333333333333 0.02083333333333333 184.1
0.125 0.02083333333333333 190.0
0.16666666666666666 0.02083333333333333 185.8
0.2083333333333333 0.02083333333333333 178.6
0.25 0.02083333333333333 186.6
0.29166666666666663 0.02083333333333333 181.0
0.3333333333333333 0.02083333333333333 176.6
0.375 0.02083333333333333 176.2
0.4166666666666666 0.02083333333333333 167.7
0.4583333333333333 0.02083333333333333 173.1
0.5 0.02083333333333333 156.6
0.5416666666666666 0.02083333333333333 160.2
0.5833333333333333 0.02083333333333333 161.3
0.625 0.02083333333333333 155.0
0.6666666666666666 0.02083333333333333 142.7
0.7083333333333333 0.02083333333333333 143.0
0.75 0.02083333333333333 137.2
0.7916666666666666 0.02083333333333333 132.2
0.8333333333333333 0.02083333333333333 114.1
0.875 0.02083333333333333 94.6
0.9166666666666666 0.02083333333333333 71.8
0.9583333333333331 0.02083333333333333 42.0
1.0 0.02083333333333333 27.7
0.0 0.04166666666666666 193.9
0.04166666666666666 0.04166666666666666 196.2
0.08333333333333333 0.04166666666666666 187.6
0.125 0.04166666666666666 192.7
0.16666666666666666 0.04166666666666666 182.1
0.2083333333333333 0.04166666666666666 179.7
0.25 0.04166666666666666 178.0
0.29166666666666663 0.04166666666666666 171.1
0.3333333333333333 0.04166666666666666 178.4
0.375 0.04166666666666666 174.6
0.4166666666666666 0.04166666666666666 170.0
0.4583333333333333 0.04166666666666666 170.3
0.5 0.04166666666666666 171.6
0.5416666666666666 0.04166666666666666 159.6
0.5833333333333333 0.04166666666666666 156.1
0.625 0.04166666666666666 159.7
0.6666666666666666 0.04166666666666666 147.3
0.7083333333333333 0.04166666666666666 145.8
0.75 0.04166666666666666 129.6
0.7916666666666666 0.04166666666666666 129.6
0.8333333333333333 0.04166666666666666 114.3
0.875 0.04166666666666666 96.8
0.9166666666666666 0.04166666666666666 90.4
0.9583333333333331 0.04166666666666666 52.2
1.0 0.04166666666666666 44.0
0.0 0.0625 188.2
0.04166666666666666 0.0625 184.8
0.08333333333333333 0.0625 186.6
0.125 0.0625 181.0
0.16666666666666666 0.0625 184.9
0.2083333333333333 0.0625 179.4
0.25 0.0625 183.1
0.29166666666666663 0.0625 182.9
0.3333333333333333 0.0625 170.7
0.375 0.0625 177.4
0.4166666666666666 0.0625 169.8
0.4583333333333333 0.0625 167.5
0.5 0.0625 170.8
0.5416666666666666 0.0625 161.1
0.5833333333333333 0.0625 157.2
0.625 0.0625 150.5
0.6666666666666666 0.0625 146.8
0.7083333333333333 0.0625 144.6
0.75 0.0625 143.2
0.7916666666666666 0.0625 132.4
0.8333333333333333 0.0625 116.0
0.875 0.0625 103.8
0.9166666666666666 0.0625 86.9
0.9583333333333331 0.0625 61.8
1.0 0.0625 53.8
0.0 0.08333333333333333 187.7
0.04166666666666666 0.08333333333333333 188.5
0.08333333333333333 0.08333333333333333 189.8
0.125 0.08333333333333333 183.9
0.16666666666666666 0.08333333333333333 163.8
0.2083333333333333 0.08333333333333333 176.2
0.25 0.08333333333333333 174.0
0.29166666666666663 0.08333333333333333 183.8
0.3333333333333333 0.08333333333333333 172.6
0.375 0.08333333333333333 170.6
0.4166666666666666 0.08333333333333333 175.1
0.4583333333333333 0.08333333333333333 166.9
0.5 0.08333333333333333 173.6
0.5416666666666666 0.08333333333333333 166.1
0.5833333333333333 0.08333333333333333 156.8
0.625 0.08333333333333333 156.3
0.6666666666666666 0.08333333333333333 153.7
0.7083333333333333 0.08333333333333333 138.9
0.75 0.08333333333333333 142.3
0.7916666666666666 0.08333333333333333 129.5
0.8333333333333333 0.08333333333333333 116.7
0.875 0.08333333333333333 102.9
0.9166666666666666 0.08333333333333333 82.3
0.9583333333333331 0.08333333333333333 56.3
1.0 0.08333333333333333 55.7
0.0 0.10416666666666666 188.1
0.04166666666666666 0.10416666666666666 183.4
0.08333333333333333 0.10416666666666666 198.2
0.125 0.10416666666666666 185.1
0.16666666666666666 0.10416666666666666 180.9
0.2083333333333333 0.10416666666666666 180.8
0.25 0.10416666666666666 174.8
0.29166666666666663 0.10416666666666666 179.8
0.3333333333333333 0.10416666666666666 173.7
0.375 0.10416666666666666 181.9
0.4166666666666666 0.10416666666666666 173.5
0.4583333333333333 0.10416666666666666 166.6
0.5 0.10416666666666666 169.1
0.5416666666666666 0.10416666666666666 165.1
0.5833333333333333 0.10416666666666666 156.3
0.625 0.10416666666666666 142.4
0.6666666666666666 0.10416666666666666 144.9
0.7083333333333333 0.10416666666666666 146.4
0.75 0.10416666666666666 137.2
0.7916666666666666 0.10416666666666666 125.3
0.8333333333333333 0.10416666666666666 120.0
0.875 0.10416666666666666 109.1
0.9166666666666666 0.10416666666666666 89.7
0.9583333333333331 0.10416666666666666 91.7
1.0 0.10416666666666666 73.2
0.0 0.125 193.5
0.04166666666666666 0.125 187.7
0.08333333333333333 0.125 182.1
0.125 0.125 190.1
0.16666666666666666 0.125 177.8
0.2083333333333333 0.125 178.2
0.25 0.125 178.5
0.29166666666666663 0.125 172.1
0.3333333333333333 0.125 176.0
0.375 0.125 186.2
0.4166666666666666 0.125 173.6
0.4583333333333333 0.125 171.0
0.5 0.125 167.5
0.5416666666666666 0.125 143.6
0.5833333333333333 0.125 160.3
0.625 0.125 151.6
0.6666666666666666 0.125 145.1
0.7083333333333333 0.125 155.6
0.75 0.125 140.1
0.7916666666666666 0.125 128.5
0.8333333333333333 0.125 130.9
0.875 0.125 114.7
0.9166666666666666 0.125 97.8
0.9583333333333331 0.125 98.0
1.0 0.125 116.5
0.0 0.14583333333333331 187.0
0.04166666666666666 0.14583333333333331 184.4
0.08333333333333333 0.14583333333333331 190.4
0.125 0.14583333333333331 185.6
0.16666666666666666 0.14583333333333331 183.6
0.2083333333333333 0.14583333333333331 179.2
0.25 0.14583333333333331 186.8
0.29166666666666663 0.14583333333333331 173.3
0.3333333333333333 0.14583333333333331 176.2
0.375 0.14583333333333331 176.9
0.4166666666666666 0.14583333333333331 168.0
0.4583333333333333 0.14583333333333331 164.6
0.5 0.14583333333333331 171.8
0.5416666666666666 0.14583333333333331 172.3
0.5833333333333333 0.14583333333333331 153.6
0.625 0.14583333333333331 165.0
0.6666666666666666 0.14583333333333331 151.8
0.7083333333333333 0.14583333333333331 153.1
0.75 0.14583333333333331 138.2
0.7916666666666666 0.14583333333333331 117.4
0.8333333333333333 0.14583333333333331 124.8
0.875 0.14583333333333331 121.0
0.9166666666666666 0.14583333333333331 96.4
0.9583333333333331 0.14583333333333331 75.9
1.0 0.14583333333333331 97.1
0.0 0.16666666666666666 189.3
0.04166666666666666 0.16666666666666666 183.8
0.08333333333333333 0.16666666666666666 180.5
0.125 0.16666666666666666 188.7
0.16666666666666666 0.16666666666666666 172.6
0.2083333333333333 0.16666666666666666 178.3
0.25 0.16666666666666666 176.4
0.29166666666666663 0.16666666666666666 177.1
0.3333333333333333 0.16666666666666666 180.8
0.375 0.16666666666666666 178.6
0.4166666666666666 0.16666666666666666 178.6
0.4583333333333333 0.16666666666666666 171.6
0.5 0.16666666666666666 162.1
0.5416666666666666 0.16666666666666666 146.7
0.5833333333333333 0.16666666666666666 166.2
0.625 0.16666666666666666 161.7
0.6666666666666666 0.16666666666666666 158.4
0.7083333333333333 0.16666666666666666 147.4
0.75 0.16666666666666666 146.2
0.7916666666666666 0.16666666666666666 135.3
0.8333333333333333 0.16666666666666666 139.3
0.875 0.16666666666666666 122.0
0.9166666666666666 0.16666666666666666 123.3
0.9583333333333331 0.16666666666666666 98.6
1.0 0.16666666666666666 109.2
0.0 0.1875 191.3
0.04166666666666666 0.1875 186.2
0.08333333333333333 0.1875 189.0
0.125 0.1875 186.9
0.16666666666666666 0.1875 183.2
0.2083333333333333 0.1875 188.3
0.25 0.1875 158.1
0.29166666666666663 0.1875 179.3
0.3333333333333333 0.1875 180.9
0.375 0.1875 178.3
0.4166666666666666 0.1875 175.6
0.4583333333333333 0.1875 175.2
0.5 0.1875 170.7
0.5416666666666666 0.1875 163.4
0.5833333333333333 0.1875 169.3
0.625 0.1875 169.7
0.6666666666666666 0.1875 158.9
0.7083333333333333 0.1875 153.4
0.75 0.1875 157.2
0.7916666666666666 0.1875 152.3
0.8333333333333333 0.1875 147.9
0.875 0.1875 143.9
0.9166666666666666 0.1875 130.9
0.9583333333333331 0.1875 90.9
1.0 0.1875 104.7
0.0 0.2083333333333333 192.7
0.04166666666666666 0.2083333333333333 189.5
0.08333333333333333 0.2083333333333333 183.4
0.125 0.2083333333333333 181.3
0.16666666666666666 0.2083333333333333 181.2
0.2083333333333333 0.2083333333333333 181.8
0.25 0.2083333333333333 189.7
0.29166666666666663 0.2083333333333333 185.9
0.3333333333333333 0.2083333333333333 181.1
0.375 0.2083333333333333 172.6
0.4166666666666666 0.2083333333333333 172.8
0.4583333333333333 0.2083333333333333 177.2
0.5 0.2083333333333333 174.5
0.5416666666666666 0.2083333333333333 168.0
0.5833333333333333 0.2083333333333333 163.5
0.625 0.2083333333333333 169.4
0.6666666666666666 0.2083333333333333 159.9
0.7083333333333333 0.2083333333333333 153.0
0.75 0.2083333333333333 156.1
0.7916666666666666 0.2083333333333333 157.9
0.8333333333333333 0.2083333333333333 136.1
0.875 0.2083333333333333 139.2
0.9166666666666666 0.2083333333333333 111.2
0.9583333333333331 0.2083333333333333 125.0
1.0 0.2083333333333333 125.7
0.0 0.22916666666666666 196.2
0.04166666666666666 0.22916666666666666 181.9
0.08333333333333333 0.22916666666666666 185.2
0.125 0.22916666666666666 185.9
0.16666666666666666 0.22916666666666666 193.4
0.2083333333333333 0.22916666666666666 184.0
0.25 0.22916666666666666 188.6
0.29166666666666663 0.22916666666666666 182.7
0.3333333333333333 0.22916666666666666 165.1
0.375 0.22916666666666666 185.5
0.4166666666666666 0.22916666666666666 172.2
0.4583333333333333 0.22916666666666666 172.3
0.5 0.22916666666666666 173.0
0.5416666666666666 0.22916666666666666 172.4
0.5833333333333333 0.22916666666666666 164.5
0.625 0.22916666666666666 159.9
0.6666666666666666 0.22916666666666666 163.8
0.7083333333333333 0.22916666666666666 158.0
0.75 0.22916666666666666 156.2
0.7916666666666666 0.22916666666666666 150.4
0.8333333333333333 0.22916666666666666 145.4
0.875 0.22916666666666666 134.5
0.9166666666666666 0.22916666666666666 131.4
0.9583333333333331 0.22916666666666666 117.8
1.0 0.22916666666666666 127.7
0.0 0.25 192.0
0.04166666666666666 0.25 186.3
0.08333333333333333 0.25 188.6
0.125 0.25 189.5
0.16666666666666666 0.25 188.8
0.2083333333333333 0.25 180.7
0.25 0.25 166.1
0.29166666666666663 0.25 177.3
0.3333333333333333 0.25 186.7
0.375 0.25 172.1
0.4166666666666666 0.25 177.0
0.4583333333333333 0.25 175.5
0.5 0.25 176.3
0.5416666666666666 0.25 176.0
0.5833333333333333 0.25 164.0
0.625 0.25 170.1
0.6666666666666666 0.25 161.8
0.7083333333333333 0.25 158.4
0.75 0.25 128.9
0.7916666666666666 0.25 152.0
0.8333333333333333 0.25 115.5
0.875 0.25 133.2
0.9166666666666666 0.25 147.1
0.9583333333333331 0.25 169.0
1.0 0.25 140.9
0.0 0.2708333333333333 190.8
0.04166666666666666 0.2708333333333333 195.2
0.08333333333333333 0.2708333333333333 193.5
0.125 0.2708333333333333 176.5
0.16666666666666666 0.2708333333333333 188.2
0.2083333333333333 0.2708333333333333 186.5
0.25 0.2708333333333333 187.7
0.29166666666666663 0.2708333333333333 186.9
0.3333333333333333 0.2708333333333333 184.6
0.375 0.2708333333333333 169.8
0.4166666666666666 0.2708333333333333 181.5
0.4583333333333333 0.2708333333333333 178.1
0.5 0.2708333333333333 170.0
0.5416666666666666 0.2708333333333333 180.2
0.5833333333333333 0.2708333333333333 174.4
0.625 0.2708333333333333 169.3
0.6666666666666666 0.2708333333333333 169.8
0.7083333333333333 0.2708333333333333 161.8
0.75 0.2708333333333333 156.6
0.7916666666666666 0.2708333333333333 154.3
0.8333333333333333 0.2708333333333333 138.9
0.875 0.2708333333333333 140.7
0.9166666666666666 0.2708333333333333 163.8
0.9583333333333331 0.2708333333333333 150.9
1.0 0.2708333333333333 167.2
0.0 0.29166666666666663 194.5
0.04166666666666666 0.29166666666666663 163.3
0.08333333333333333 0.29166666666666663 192.3
0.125 0.29166666666666663 185.3
0.16666666666666666 0.29166666666666663 188.2
0.2083333333333333 0.29166666666666663 178.8
0.25 0.29166666666666663 198.2
0.29166666666666663 0.29166666666666663 185.4
0.3333333333333333 0.29166666666666663 183.8
0.375 0.29166666666666663 177.4
0.4166666666666666 0.29166666666666663 188.4
0.4583333333333333 0.29166666666666663 186.6
0.5 0.29166666666666663 180.8
0.5416666666666666 0.29166666666666663 157.9
0.5833333333333333 0.29166666666666663 173.3
0.625 0.29166666666666663 174.6
0.6666666666666666 0.29166666666666663 172.9
0.7083333333333333 0.29166666666666663 163.4
0.75 0.29166666666666663 163.2
0.7916666666666666 0.29166666666666663 170.4
0.8333333333333333 0.29166666666666663 145.7
0.875 0.29166666666666663 153.7
0.9166666666666666 0.29166666666666663 165.5
0.9583333333333331 0.29166666666666663 132.8
1.0 0.29166666666666663 135.8
0.0 0.3125 171.1
0.04166666666666666 0.3125 190.7
0.08333333333333333 0.3125 185.1
0.125 0.3125 176.7
0.16666666666666666 0.3125 189.8
0.2083333333333333 0.3125 186.2
0.25 0.3125 186.3
0.29166666666666663 0.3125 195.7
0.3333333333333333 0.3125 181.4
0.375 0.3125 184.7
0.4166666666666666 0.3125 178.7
0.4583333333333333 0.3125 184.6
0.5 0.3125 181.9
0.5416666666666666 0.3125 178.3
0.5833333333333333 0.3125 173.9
0.625 0.3125 164.6
0.6666666666666666 0.3125 178.0
0.7083333333333333 0.3125 169.3
0.75 0.3125 167.7
0.7916666666666666 0.3125 171.4
0.8333333333333333 0.3125 164.6
0.875 0.3125 171.4
0.9166666666666666 0.3125 140.9
0.9583333333333331 0.3125 144.0
1.0 0.3125 140.4
0.0 0.3333333333333333 172.7
0.04166666666666666 0.3333333333333333 187.8
0.08333333333333333 0.3333333333333333 199.5
0.125 0.3333333333333333 195.1
0.16666666666666666 0.3333333333333333 167.9
0.2083333333333333 0.3333333333333333 189.9
0.25 0.3333333333333333 189.6
0.29166666666666663 0.3333333333333333 171.5
0.3333333333333333 0.3333333333333333 189.7
0.375 0.3333333333333333 187.9
0.4166666666666666 0.3333333333333333 181.2
0.4583333333333333 0.3333333333333333 173.8
0.5 0.3333333333333333 176.5
0.5416666666666666 0.3333333333333333 175.0
0.5833333333333333 0.3333333333333333 191.3
0.625 0.3333333333333333 176.3
0.6666666666666666 0.3333333333333333 167.3
0.7083333333333333 0.3333333333333333 170.9
0.75 0.3333333333333333 174.2
0.7916666666666666 0.3333333333333333 169.6
0.8333333333333333 0.3333333333333333 185.2
0.875 0.3333333333333333 144.3
0.9166666666666666 0.3333333333333333 165.2
0.9583333333333331 0.3333333333333333 147.6
1.0 0.3333333333333333 160.8
0.0 0.35416666666666663 192.6
0.04166666666666666 0.35416666666666663 187.6
0.08333333333333333 0.35416666666666663 194.8
0.125 0.35416666666666663 191.7
0.16666666666666666 0.35416666666666663 201.0
0.2083333333333333 0.35416666666666663 188.4
0.25 0.35416666666666663 182.8
0.29166666666666663 0.35416666666666663 192.7
0.3333333333333333 0.35416666666666663 187.1
0.375 0.35416666666666663 182.2
0.4166666666666666 0.35416666666666663 164.6
0.4583333333333333 0.35416666666666663 176.9
0.5 0.35416666666666663 183.1
0.5416666666666666 0.35416666666666663 177.9
0.5833333333333333 0.35416666666666663 168.0
0.625 0.35416666666666663 162.6
0.6666666666666666 0.35416666666666663 169.6
0.7083333333333333 0.35416666666666663 164.1
0.75 0.35416666666666663 172.1
0.7916666666666666 0.35416666666666663 152.1
0.8333333333333333 0.35416666666666663 167.4
0.875 0.35416666666666663 154.6
0.9166666666666666 0.35416666666666663 164.6
0.9583333333333331 0.35416666666666663 180.2
1.0 0.35416666666666663 160.3
0.0 0.375 184.5
0.04166666666666666 0.375 181.3
0.08333333333333333 0.375 190.5
0.125 0.375 196.0
0.16666666666666666 0.375 194.5
0.2083333333333333 0.375 181.8
0.25 0.375 186.8
0.29166666666666663 0.375 193.1
0.3333333333333333 0.375 187.8
0.375 0.375 179.3
0.4166666666666666 0.375 183.0
0.4583333333333333 0.375 187.2
0.5 0.375 180.3
0.5416666666666666 0.375 180.4
0.5833333333333333 0.375 181.9
0.625 0.375 177.4
0.6666666666666666 0.375 172.7
0.7083333333333333 0.375 177.3
0.75 0.375 170.7
0.7916666666666666 0.375 175.9
0.8333333333333333 0.375 154.1
0.875 0.375 157.7
0.9166666666666666 0.375 148.5
0.9583333333333331 0.375 173.0
1.0 0.375 162.5
0.0 0.3958333333333333 197.6
0.04166666666666666 0.3958333333333333 195.6
0.08333333333333333 0.3958333333333333 194.8
0.125 0.3958333333333333 187.9
0.16666666666666666 0.3958333333333333 187.7
0.2083333333333333 0.3958333333333333 186.7
0.25 0.3958333333333333 185.8
0.29166666666666663 0.3958333333333333 186.0
0.3333333333333333 0.3958333333333333 185.5
0.375 0.3958333333333333 182.1
0.4166666666666666 0.3958333333333333 171.9
0.4583333333333333 0.3958333333333333 182.2
0.5 0.3958333333333333 184.6
0.5416666666666666 0.3958333333333333 167.6
0.5833333333333333 0.3958333333333333 187.3
0.625 0.3958333333333333 176.0
0.6666666666666666 0.3958333333333333 175.5
0.7083333333333333 0.3958333333333333 180.9
0.75 0.3958333333333333 170.2
0.7916666666666666 0.3958333333333333 147.7
0.8333333333333333 0.3958333333333333 188.9
0.875 0.3958333333333333 184.5
0.9166666666666666 0.3958333333333333 167.5
0.9583333333333331 0.3958333333333333 180.7
1.0 0.3958333333333333 166.9
0.0 0.4166666666666666 182.2
0.04166666666666666 0.4166666666666666 189.0
0.08333333333333333 0.4166666666666666 199.8
0.125 0.4166666666666666 185.4
0.16666666666666666 0.4166666666666666 191.7
0.2083333333333333 0.4166666666666666 187.2
0.25 0.4166666666666666 196.0
0.29166666666666663 0.4166666666666666 177.0
0.3333333333333333 0.4166666666666666 188.0
0.375 0.4166666666666666 187.0
0.4166666666666666 0.4166666666666666 178.6
0.4583333333333333 0.4166666666666666 179.9
0.5 0.4166666666666666 188.4
0.5416666666666666 0.4166666666666666 180.3
0.5833333333333333 0.4166666666666666 180.8
0.625 0.4166666666666666 188.1
0.6666666666666666 0.4166666666666666 160.1
0.7083333333333333 0.4166666666666666 189.7
0.75 0.4166666666666666 178.3
0.7916666666666666 0.4166666666666666 186.2
0.8333333333333333 0.4166666666666666 178.9
0.875 0.4166666666666666 171.2
0.9166666666666666 0.4166666666666666 167.9
0.9583333333333331 0.4166666666666666 166.1
1.0 0.4166666666666666 148.6
0.0 0.4375 185.6
0.04166666666666666 0.4375 192.3
0.08333333333333333 0.4375 181.2
0.125 0.4375 188.6
0.16666666666666666 0.4375 186.1
0.2083333333333333 0.4375 183.1
0.25 0.4375 189.5
0.29166666666666663 0.4375 185.3
0.3333333333333333 0.4375 187.3
0.375 0.4375 187.9
0.4166666666666666 0.4375 178.1
0.4583333333333333 0.4375 190.1
0.5 0.4375 180.8
0.5416666666666666 0.4375 174.7
0.5833333333333333 0.4375 185.3
0.625 0.4375 173.2
0.6666666666666666 0.4375 175.4
0.7083333333333333 0.4375 183.9
0.75 0.4375 176.0
0.7916666666666666 0.4375 172.1
0.8333333333333333 0.4375 174.3
0.875 0.4375 162.7
0.9166666666666666 0.4375 176.6
0.9583333333333331 0.4375 183.0
1.0 0.4375 196.3
0.0 0.4583333333333333 202.9
0.04166666666666666 0.4583333333333333 187.4
0.08333333333333333 0.4583333333333333 187.9
0.125 0.4583333333333333 187.9
0.16666666666666666 0.4583333333333333 193.0
0.2083333333333333 0.4583333333333333 184.2
0.25 0.4583333333333333 181.6
0.29166666666666663 0.4583333333333333 190.1
0.3333333333333333 0.4583333333333333 180.1
0.375 0.4583333333333333 179.9
0.4166666666666666 0.4583333333333333 182.6
0.4583333333333333 0.4583333333333333 180.7
0.5 0.4583333333333333 188.8
0.5416666666666666 0.4583333333333333 177.7
0.5833333333333333 0.4583333333333333 183.6
0.625 0.4583333333333333 178.2
0.6666666666666666 0.4583333333333333 171.7
0.7083333333333333 0.4583333333333333 187.2
0.75 0.4583333333333333 162.6
0.7916666666666666 0.4583333333333333 185.0
0.8333333333333333 0.4583333333333333 164.6
0.875 0.4583333333333333 181.9
0.9166666666666666 0.4583333333333333 174.5
0.9583333333333331 0.4583333333333333 177.2
1.0 0.4583333333333333 157.2
0.0 0.4791666666666666 203.0
0.04166666666666666 0.4791666666666666 195.1
0.08333333333333333 0.4791666666666666 191.9
0.125 0.4791666666666666 186.1
0.16666666666666666 0.4791666666666666 185.7
0.2083333333333333 0.4791666666666666 186.1
0.25 0.4791666666666666 183.4
0.29166666666666663 0.4791666666666666 189.6
0.3333333333333333 0.4791666666666666 188.0
0.375 0.4791666666666666 195.9
0.4166666666666666 0.4791666666666666 196.1
0.4583333333333333 0.4791666666666666 188.1
0.5 0.4791666666666666 175.2
0.5416666666666666 0.4791666666666666 183.9
0.5833333333333333 0.4791666666666666 181.3
0.625 0.4791666666666666 177.5
0.6666666666666666 0.4791666666666666 172.0
0.7083333333333333 0.4791666666666666 181.7
0.75 0.4791666666666666 174.6
0.7916666666666666 0.4791666666666666 171.3
0.8333333333333333 0.4791666666666666 175.4
0.875 0.4791666666666666 177.4
0.9166666666666666 0.4791666666666666 156.1
0.9583333333333331 0.4791666666666666 154.4
1.0 0.4791666666666666 168.4
0.0 0.5 195.3
0.04166666666666666 0.5 190.5
0.08333333333333333 0.5 187.3
0.125 0.5 196.6
0.16666666666666666 0.5 187.8
0.2083333333333333 0.5 172.2
0.25 0.5 196.3
0.29166666666666663 0.5 190.6
0.3333333333333333 0.5 196.3
0.375 0.5 184.8
0.4166666666666666 0.5 183.0
0.4583333333333333 0.5 183.6
0.5 0.5 196.2
0.5416666666666666 0.5 185.8
0.5833333333333333 0.5 192.2
0.625 0.5 175.6
0.6666666666666666 0.5 180.3
0.7083333333333333 0.5 179.4
0.75 0.5 183.8
0.7916666666666666 0.5 175.2
0.8333333333333333 0.5 169.6
0.875 0.5 181.7
0.9166666666666666 0.5 183.0
0.9583333333333331 0.5 168.8
1.0 0.5 178.5
