0.0 0.0 1203
0.041666666666666664 0.0 1330
0.08333333333333333 0.0 1107
0.125 0.0 1163
0.16666666666666666 0.0 1237
0.20833333333333331 0.0 1187
0.25 0.0 1249
0.29166666666666663 0.0 1248
0.3333333333333333 0.0 1126
0.375 0.0 1104
0.41666666666666663 0.0 1156
0.4583333333333333 0.0 1066
0.5 0.0 1095
0.5416666666666666 0.0 1067
0.5833333333333333 0.0 1011
0.625 0.0 1013
0.6666666666666666 0.0 947
0.7083333333333333 0.0 877
0.75 0.0 897
0.7916666666666666 0.0 0
0.8333333333333333 0.0 638
0.875 0.0 559
0.9166666666666666 0.0 445
0.9583333333333333 0.0 1
1.0 0.0 0
0.0 0.020833333333333332 1286
0.041666666666666664 0.020833333333333332 1296
0.08333333333333333 0.020833333333333332 1153
0.125 0.020833333333333332 1248
0.16666666666666666 0.020833333333333332 1111
0.20833333333333331 0.020833333333333332 1164
0.25 0.020833333333333332 1127
0.29166666666666663 0.020833333333333332 1145
0.3333333333333333 0.020833333333333332 1127
0.375 0.020833333333333332 1095
0.41666666666666663 0.020833333333333332 1130
0.4583333333333333 0.020833333333333332 1125
0.5 0.020833333333333332 1092
0.5416666666666666 0.020833333333333332 1083
0.5833333333333333 0.020833333333333332 1028
0.625 0.020833333333333332 1009
0.6666666666666666 0.020833333333333332 969
0.7083333333333333 0.020833333333333332 883
0.75 0.020833333333333332 823
0.7916666666666666 0.020833333333333332 882
0.8333333333333333 0.020833333333333332 702
0.875 0.020833333333333332 621
0.9166666666666666 0.020833333333333332 441
0.9583333333333333 0.020833333333333332 402
1.0 0.020833333333333332 175
0.0 0.041666666666666664 1271
0.041666666666666664 0.041666666666666664 1297
0.08333333333333333 0.041666666666666664 1265
0.125 0.041666666666666664 1240
0.16666666666666666 0.041666666666666664 1141
0.20833333333333331 0.041666666666666664 1205
0.25 0.041666666666666664 1132
0.29166666666666663 0.041666666666666664 1140
0.3333333333333333 0.041666666666666664 1104
0.375 0.041666666666666664 1075
0.41666666666666663 0.041666666666666664 1104
0.4583333333333333 0.041666666666666664 1126
0.5 0.041666666666666664 1182
0.5416666666666666 0.041666666666666664 1152
0.5833333333333333 0.041666666666666664 961
0.625 0.041666666666666664 1033
0.6666666666666666 0.041666666666666664 916
0.7083333333333333 0.041666666666666664 972
0.75 0.041666666666666664 878
0.7916666666666666 0.041666666666666664 785
0.8333333333333333 0.041666666666666664 722
0.875 0.041666666666666664 729
0.9166666666666666 0.041666666666666664 570
0.9583333333333333 0.041666666666666664 245
1.0 0.041666666666666664 89
0.0 0.0625 1254
0.041666666666666664 0.0625 1110
0.08333333333333333 0.0625 1158
0.125 0.0625 1244
0.16666666666666666 0.0625 1217
0.20833333333333331 0.0625 1171
0.25 0.0625 1224
0.29166666666666663 0.0625 1219
0.3333333333333333 0.0625 1144
0.375 0.0625 1061
0.41666666666666663 0.0625 1140
0.4583333333333333 0.0625 1121
0.5 0.0625 1106
0.5416666666666666 0.0625 1074
0.5833333333333333 0.0625 999
0.625 0.0625 1023
0.6666666666666666 0.0625 907
0.7083333333333333 0.0625 957
0.75 0.0625 880
0.7916666666666666 0.0625 764
0.8333333333333333 0.0625 731
0.875 0.0625 695
0.9166666666666666 0.0625 556
0.9583333333333333 0.0625 460
1.0 0.0625 441
0.0 0.08333333333333333 1276
0.041666666666666664 0.08333333333333333 1197
0.08333333333333333 0.08333333333333333 1157
0.125 0.08333333333333333 1199
0.16666666666666666 0.08333333333333333 1155
0.20833333333333331 0.08333333333333333 1203
0.25 0.08333333333333333 1193
0.29166666666666663 0.08333333333333333 1178
0.3333333333333333 0.08333333333333333 1153
0.375 0.08333333333333333 1092
0.41666666666666663 0.08333333333333333 1065
0.4583333333333333 0.08333333333333333 1153
0.5 0.08333333333333333 1080
0.5416666666666666 0.08333333333333333 1131
0.5833333333333333 0.08333333333333333 1039
0.625 0.08333333333333333 1025
0.6666666666666666 0.08333333333333333 993
0.7083333333333333 0.08333333333333333 977
0.75 0.08333333333333333 870
0.7916666666666666 0.08333333333333333 840
0.8333333333333333 0.08333333333333333 665
0.875 0.08333333333333333 712
0.9166666666666666 0.08333333333333333 552
0.9583333333333333 0.08333333333333333 254
1.0 0.08333333333333333 511
0.0 0.10416666666666666 1259
0.041666666666666664 0.10416666666666666 1231
0.08333333333333333 0.10416666666666666 1112
0.125 0.10416666666666666 1157
0.16666666666666666 0.10416666666666666 1279
0.20833333333333331 0.10416666666666666 1232
0.25 0.10416666666666666 1152
0.29166666666666663 0.10416666666666666 1225
0.3333333333333333 0.10416666666666666 1176
0.375 0.10416666666666666 1095
0.41666666666666663 0.10416666666666666 1138
0.4583333333333333 0.10416666666666666 1082
0.5 0.10416666666666666 1027
0.5416666666666666 0.10416666666666666 1050
0.5833333333333333 0.10416666666666666 1015
0.625 0.10416666666666666 1038
0.6666666666666666 0.10416666666666666 1024
0.7083333333333333 0.10416666666666666 934
0.75 0.10416666666666666 948
0.7916666666666666 0.10416666666666666 783
0.8333333333333333 0.10416666666666666 785
0.875 0.10416666666666666 698
0.9166666666666666 0.10416666666666666 742
0.9583333333333333 0.10416666666666666 481
1.0 0.10416666666666666 1029
0.0 0.125 1264
0.041666666666666664 0.125 1193
0.08333333333333333 0.125 1171
0.125 0.125 1157
0.16666666666666666 0.125 1224
0.20833333333333331 0.125 1211
0.25 0.125 1310
0.29166666666666663 0.125 1185
0.3333333333333333 0.125 1108
0.375 0.125 1102
0.41666666666666663 0.125 1071
0.4583333333333333 0.125 1093
0.5 0.125 1149
0.5416666666666666 0.125 1108
0.5833333333333333 0.125 1037
0.625 0.125 1008
0.6666666666666666 0.125 1016
0.7083333333333333 0.125 909
0.75 0.125 974
0.7916666666666666 0.125 824
0.8333333333333333 0.125 740
0.875 0.125 963
0.9166666666666666 0.125 947
0.9583333333333333 0.125 854
1.0 0.125 1
0.0 0.14583333333333331 1233
0.041666666666666664 0.14583333333333331 1257
0.08333333333333333 0.14583333333333331 1240
0.125 0.14583333333333331 1283
0.16666666666666666 0.14583333333333331 1129
0.20833333333333331 0.14583333333333331 1239
0.25 0.14583333333333331 1177
0.29166666666666663 0.14583333333333331 1186
0.3333333333333333 0.14583333333333331 1283
0.375 0.14583333333333331 1175
0.41666666666666663 0.14583333333333331 1122
0.4583333333333333 0.14583333333333331 1062
0.5 0.14583333333333331 1166
0.5416666666666666 0.14583333333333331 1108
0.5833333333333333 0.14583333333333331 1163
0.625 0.14583333333333331 1120
0.6666666666666666 0.14583333333333331 1033
0.7083333333333333 0.14583333333333331 969
0.75 0.14583333333333331 892
0.7916666666666666 0.14583333333333331 0
0.8333333333333333 0.14583333333333331 747
0.875 0.14583333333333331 762
0.9166666666666666 0.14583333333333331 483
0.9583333333333333 0.14583333333333331 449
1.0 0.14583333333333331 652
0.0 0.16666666666666666 1259
0.041666666666666664 0.16666666666666666 1324
0.08333333333333333 0.16666666666666666 1152
0.125 0.16666666666666666 1317
0.16666666666666666 0.16666666666666666 1209
0.20833333333333331 0.16666666666666666 1137
0.25 0.16666666666666666 1241
0.29166666666666663 0.16666666666666666 1210
0.3333333333333333 0.16666666666666666 1185
0.375 0.16666666666666666 1100
0.41666666666666663 0.16666666666666666 1120
0.4583333333333333 0.16666666666666666 1115
0.5 0.16666666666666666 1088
0.5416666666666666 0.16666666666666666 1075
0.5833333333333333 0.16666666666666666 1072
0.625 0.16666666666666666 1071
0.6666666666666666 0.16666666666666666 1146
0.7083333333333333 0.16666666666666666 886
0.75 0.16666666666666666 852
0.7916666666666666 0.16666666666666666 817
0.8333333333333333 0.16666666666666666 985
0.875 0.16666666666666666 1024
0.9166666666666666 0.16666666666666666 535
0.9583333333333333 0.16666666666666666 390
1.0 0.16666666666666666 306
0.0 0.1875 1249
0.041666666666666664 0.1875 1221
0.08333333333333333 0.1875 1297
0.125 0.1875 1175
0.16666666666666666 0.1875 1169
0.20833333333333331 0.1875 1161
0.25 0.1875 1
0.29166666666666663 0.1875 1158
0.3333333333333333 0.1875 1236
0.375 0.1875 1092
0.41666666666666663 0.1875 1202
0.4583333333333333 0.1875 1214
0.5 0.1875 1231
0.5416666666666666 0.1875 1099
0.5833333333333333 0.1875 994
0.625 0.1875 1042
0.6666666666666666 0.1875 1059
0.7083333333333333 0.1875 907
0.75 0.1875 858
0.7916666666666666 0.1875 1039
0.8333333333333333 0.1875 710
0.875 0.1875 1023
0.9166666666666666 0.1875 470
0.9583333333333333 0.1875 641
1.0 0.1875 374
0.0 0.20833333333333331 1186
0.041666666666666664 0.20833333333333331 1227
0.08333333333333333 0.20833333333333331 1203
0.125 0.20833333333333331 1134
0.16666666666666666 0.20833333333333331 1232
0.20833333333333331 0.20833333333333331 1280
0.25 0.20833333333333331 1266
0.29166666666666663 0.20833333333333331 1139
0.3333333333333333 0.20833333333333331 1145
0.375 0.20833333333333331 1192
0.41666666666666663 0.20833333333333331 1106
0.4583333333333333 0.20833333333333331 1168
0.5 0.20833333333333331 1294
0.5416666666666666 0.20833333333333331 1063
0.5833333333333333 0.20833333333333331 1095
0.625 0.20833333333333331 1112
0.6666666666666666 0.20833333333333331 1108
0.7083333333333333 0.20833333333333331 954
0.75 0.20833333333333331 1252
0.7916666666666666 0.20833333333333331 893
0.8333333333333333 0.20833333333333331 1158
0.875 0.20833333333333331 1182
0.9166666666666666 0.20833333333333331 723
0.9583333333333333 0.20833333333333331 1035
1.0 0.20833333333333331 1093
0.0 0.22916666666666666 1293
0.041666666666666664 0.22916666666666666 1249
0.08333333333333333 0.22916666666666666 1248
0.125 0.22916666666666666 1204
0.16666666666666666 0.22916666666666666 1173
0.20833333333333331 0.22916666666666666 1212
0.25 0.22916666666666666 1162
0.29166666666666663 0.22916666666666666 1173
0.3333333333333333 0.22916666666666666 1147
0.375 0.22916666666666666 1144
0.41666666666666663 0.22916666666666666 1281
0.4583333333333333 0.22916666666666666 1110
0.5 0.22916666666666666 1111
0.5416666666666666 0.22916666666666666 1005
0.5833333333333333 0.22916666666666666 1161
0.625 0.22916666666666666 1066
0.6666666666666666 0.22916666666666666 1047
0.7083333333333333 0.22916666666666666 1186
0.75 0.22916666666666666 1014
0.7916666666666666 0.22916666666666666 1173
0.8333333333333333 0.22916666666666666 1248
0.875 0.22916666666666666 1064
0.9166666666666666 0.22916666666666666 831
0.9583333333333333 0.22916666666666666 1249
1.0 0.22916666666666666 1158
0.0 0.25 1249
0.041666666666666664 0.25 1244
0.08333333333333333 0.25 1285
0.125 0.25 1185
0.16666666666666666 0.25 1168
0.20833333333333331 0.25 1181
0.25 0.25 1169
0.29166666666666663 0.25 1204
0.3333333333333333 0.25 1232
0.375 0.25 1184
0.41666666666666663 0.25 1172
0.4583333333333333 0.25 1142
0.5 0.25 1229
0.5416666666666666 0.25 1164
0.5833333333333333 0.25 1123
0.625 0.25 1162
0.6666666666666666 0.25 1091
0.7083333333333333 0.25 1102
0.75 0.25 966
0.7916666666666666 0.25 1296
0.8333333333333333 0.25 1
0.875 0.25 827
0.9166666666666666 0.25 594
0.9583333333333333 0.25 1202
1.0 0.25 1299
0.0 0.2708333333333333 1256
0.041666666666666664 0.2708333333333333 1249
0.08333333333333333 0.2708333333333333 1312
0.125 0.2708333333333333 1226
0.16666666666666666 0.2708333333333333 1202
0.20833333333333331 0.2708333333333333 1188
0.25 0.2708333333333333 1267
0.29166666666666663 0.2708333333333333 1101
0.3333333333333333 0.2708333333333333 1229
0.375 0.2708333333333333 1129
0.41666666666666663 0.2708333333333333 1176
0.4583333333333333 0.2708333333333333 1139
0.5 0.2708333333333333 1113
0.5416666666666666 0.2708333333333333 1227
0.5833333333333333 0.2708333333333333 1160
0.625 0.2708333333333333 1241
0.6666666666666666 0.2708333333333333 1030
0.7083333333333333 0.2708333333333333 999
0.75 0.2708333333333333 1078
0.7916666666666666 0.2708333333333333 1256
0.8333333333333333 0.2708333333333333 1173
0.875 0.2708333333333333 697
0.9166666666666666 0.2708333333333333 1158
0.9583333333333333 0.2708333333333333 864
1.0 0.2708333333333333 942
0.0 0.29166666666666663 1252
0.041666666666666664 0.29166666666666663 1225
0.08333333333333333 0.29166666666666663 1222
0.125 0.29166666666666663 1163
0.16666666666666666 0.29166666666666663 1210
0.20833333333333331 0.29166666666666663 1156
0.25 0.29166666666666663 1210
0.29166666666666663 0.29166666666666663 1228
0.3333333333333333 0.29166666666666663 1278
0.375 0.29166666666666663 1220
0.41666666666666663 0.29166666666666663 1147
0.4583333333333333 0.29166666666666663 1126
0.5 0.29166666666666663 1174
0.5416666666666666 0.29166666666666663 1195
0.5833333333333333 0.29166666666666663 1268
0.625 0.29166666666666663 1121
0.6666666666666666 0.29166666666666663 963
0.7083333333333333 0.29166666666666663 1245
0.75 0.29166666666666663 956
0.7916666666666666 0.29166666666666663 819
0.8333333333333333 0.29166666666666663 909
0.875 0.29166666666666663 804
0.9166666666666666 0.29166666666666663 1274
0.9583333333333333 0.29166666666666663 1004
1.0 0.29166666666666663 1294
0.0 0.3125 1372
0.041666666666666664 0.3125 1238
0.08333333333333333 0.3125 1280
0.125 0.3125 1219
0.16666666666666666 0.3125 1210
0.20833333333333331 0.3125 1230
0.25 0.3125 1215
0.29166666666666663 0.3125 1183
0.3333333333333333 0.3125 1288
0.375 0.3125 1169
0.41666666666666663 0.3125 1267
0.4583333333333333 0.3125 1261
0.5 0.3125 1065
0.5416666666666666 0.3125 1208
0.5833333333333333 0.3125 1058
0.625 0.3125 1142
0.6666666666666666 0.3125 1193
0.7083333333333333 0.3125 1199
0.75 0.3125 1028
0.7916666666666666 0.3125 1192
0.8333333333333333 0.3125 1019
0.875 0.3125 1122
0.9166666666666666 0.3125 1250
0.9583333333333333 0.3125 1255
1.0 0.3125 1169
0.0 0.3333333333333333 1338
0.041666666666666664 0.3333333333333333 1283
0.08333333333333333 0.3333333333333333 1209
0.125 0.3333333333333333 1248
0.16666666666666666 0.3333333333333333 0
0.20833333333333331 0.3333333333333333 1135
0.25 0.3333333333333333 1267
0.29166666666666663 0.3333333333333333 1284
0.3333333333333333 0.3333333333333333 1194
0.375 0.3333333333333333 1196
0.41666666666666663 0.3333333333333333 1190
0.4583333333333333 0.3333333333333333 1177
0.5 0.3333333333333333 1129
0.5416666666666666 0.3333333333333333 1098
0.5833333333333333 0.3333333333333333 1260
0.625 0.3333333333333333 1041
0.6666666666666666 0.3333333333333333 978
0.7083333333333333 0.3333333333333333 1297
0.75 0.3333333333333333 1036
0.7916666666666666 0.3333333333333333 1215
0.8333333333333333 0.3333333333333333 1241
0.875 0.3333333333333333 802
0.9166666666666666 0.3333333333333333 706
0.9583333333333333 0.3333333333333333 985
1.0 0.3333333333333333 1249
0.0 0.35416666666666663 1254
0.041666666666666664 0.35416666666666663 1193
0.08333333333333333 0.35416666666666663 1213
0.125 0.35416666666666663 1315
0.16666666666666666 0.35416666666666663 1193
0.20833333333333331 0.35416666666666663 1189
0.25 0.35416666666666663 1331
0.29166666666666663 0.35416666666666663 1131
0.3333333333333333 0.35416666666666663 1294
0.375 0.35416666666666663 1273
0.41666666666666663 0.35416666666666663 1265
0.4583333333333333 0.35416666666666663 1156
0.5 0.35416666666666663 1216
0.5416666666666666 0.35416666666666663 1087
0.5833333333333333 0.35416666666666663 1194
0.625 0.35416666666666663 1045
0.6666666666666666 0.35416666666666663 1202
0.7083333333333333 0.35416666666666663 1063
0.75 0.35416666666666663 1270
0.7916666666666666 0.35416666666666663 984
0.8333333333333333 0.35416666666666663 1264
0.875 0.35416666666666663 1235
0.9166666666666666 0.35416666666666663 1285
0.9583333333333333 0.35416666666666663 1241
1.0 0.35416666666666663 1261
0.0 0.375 1212
0.041666666666666664 0.375 1271
0.08333333333333333 0.375 1292
0.125 0.375 1314
0.16666666666666666 0.375 1268
0.20833333333333331 0.375 1230
0.25 0.375 1178
0.29166666666666663 0.375 1095
0.3333333333333333 0.375 1149
0.375 0.375 1162
0.41666666666666663 0.375 1133
0.4583333333333333 0.375 1191
0.5 0.375 1304
0.5416666666666666 0.375 1106
0.5833333333333333 0.375 1246
0.625 0.375 1073
0.6666666666666666 0.375 1264
0.7083333333333333 0.375 1185
0.75 0.375 902
0.7916666666666666 0.375 1267
0.8333333333333333 0.375 853
0.875 0.375 867
0.9166666666666666 0.375 1248
0.9583333333333333 0.375 1215
1.0 0.375 1141
0.0 0.3958333333333333 1320
0.041666666666666664 0.3958333333333333 1292
0.08333333333333333 0.3958333333333333 1240
0.125 0.3958333333333333 1184
0.16666666666666666 0.3958333333333333 1324
0.20833333333333331 0.3958333333333333 1279
0.25 0.3958333333333333 1160
0.29166666666666663 0.3958333333333333 1296
0.3333333333333333 0.3958333333333333 1256
0.375 0.3958333333333333 1228
0.41666666666666663 0.3958333333333333 1164
0.4583333333333333 0.3958333333333333 1160
0.5 0.3958333333333333 1122
0.5416666666666666 0.3958333333333333 1266
0.5833333333333333 0.3958333333333333 1246
0.625 0.3958333333333333 1119
0.6666666666666666 0.3958333333333333 1030
0.7083333333333333 0.3958333333333333 1311
0.75 0.3958333333333333 1207
0.7916666666666666 0.3958333333333333 1258
0.8333333333333333 0.3958333333333333 1086
0.875 0.3958333333333333 1335
0.9166666666666666 0.3958333333333333 932
0.9583333333333333 0.3958333333333333 1291
1.0 0.3958333333333333 1100
0.0 0.41666666666666663 1166
0.041666666666666664 0.41666666666666663 1272
0.08333333333333333 0.41666666666666663 1245
0.125 0.41666666666666663 1255
0.16666666666666666 0.41666666666666663 1223
0.20833333333333331 0.41666666666666663 1302
0.25 0.41666666666666663 1261
0.29166666666666663 0.41666666666666663 1158
0.3333333333333333 0.41666666666666663 1298
0.375 0.41666666666666663 1223
0.41666666666666663 0.41666666666666663 1187
0.4583333333333333 0.41666666666666663 1277
0.5 0.41666666666666663 1359
0.5416666666666666 0.41666666666666663 1288
0.5833333333333333 0.41666666666666663 1072
0.625 0.41666666666666663 1282
0.6666666666666666 0.41666666666666663 998
0.7083333333333333 0.41666666666666663 1273
0.75 0.41666666666666663 1192
0.7916666666666666 0.41666666666666663 1267
0.8333333333333333 0.41666666666666663 965
0.875 0.41666666666666663 1306
0.9166666666666666 0.41666666666666663 946
0.9583333333333333 0.41666666666666663 675
1.0 0.41666666666666663 986
0.0 0.4375 1197
0.041666666666666664 0.4375 1253
0.08333333333333333 0.4375 1180
0.125 0.4375 1327
0.16666666666666666 0.4375 1178
0.20833333333333331 0.4375 1291
0.25 0.4375 1187
0.29166666666666663 0.4375 1221
0.3333333333333333 0.4375 1222
0.375 0.4375 1153
0.41666666666666663 0.4375 1286
0.4583333333333333 0.4375 1258
0.5 0.4375 1112
0.5416666666666666 0.4375 1143
0.5833333333333333 0.4375 1188
0.625 0.4375 1067
0.6666666666666666 0.4375 1235
0.7083333333333333 0.4375 1172
0.75 0.4375 1265
0.7916666666666666 0.4375 890
0.8333333333333333 0.4375 1268
0.875 0.4375 1164
0.9166666666666666 0.4375 858
0.9583333333333333 0.4375 1174
1.0 0.4375 1230
0.0 0.4583333333333333 1313
0.041666666666666664 0.4583333333333333 1209
0.08333333333333333 0.4583333333333333 1188
0.125 0.4583333333333333 1212
0.16666666666666666 0.4583333333333333 1340
0.20833333333333331 0.4583333333333333 1190
0.25 0.4583333333333333 1148
0.29166666666666663 0.4583333333333333 1272
0.3333333333333333 0.4583333333333333 1281
0.375 0.4583333333333333 1174
0.41666666666666663 0.4583333333333333 1320
0.4583333333333333 0.4583333333333333 1138
0.5 0.4583333333333333 1201
0.5416666666666666 0.4583333333333333 1311
0.5833333333333333 0.4583333333333333 1114
0.625 0.4583333333333333 1239
0.6666666666666666 0.4583333333333333 1017
0.7083333333333333 0.4583333333333333 1069
0.75 0.4583333333333333 1258
0.7916666666666666 0.4583333333333333 884
0.8333333333333333 0.4583333333333333 878
0.875 0.4583333333333333 1209
0.9166666666666666 0.4583333333333333 870
0.9583333333333333 0.4583333333333333 1298
1.0 0.4583333333333333 868
0.0 0.47916666666666663 1208
0.041666666666666664 0.47916666666666663 1167
0.08333333333333333 0.47916666666666663 1295
0.125 0.47916666666666663 1278
0.16666666666666666 0.47916666666666663 1232
0.20833333333333331 0.47916666666666663 1164
0.25 0.47916666666666663 1244
0.29166666666666663 0.47916666666666663 1274
0.3333333333333333 0.47916666666666663 1236
0.375 0.47916666666666663 1173
0.41666666666666663 0.47916666666666663 1142
0.4583333333333333 0.47916666666666663 1173
0.5 0.47916666666666663 1109
0.5416666666666666 0.47916666666666663 1284
0.5833333333333333 0.47916666666666663 1144
0.625 0.47916666666666663 1109
0.6666666666666666 0.47916666666666663 1292
0.7083333333333333 0.47916666666666663 1281
0.75 0.47916666666666663 1297
0.7916666666666666 0.47916666666666663 1114
0.8333333333333333 0.47916666666666663 1287
0.875 0.47916666666666663 820
0.9166666666666666 0.47916666666666663 1076
0.9583333333333333 0.47916666666666663 1257
1.0 0.47916666666666663 1261
0.0 0.5 1337
0.041666666666666664 0.5 1283
0.08333333333333333 0.5 1209
0.125 0.5 1313
0.16666666666666666 0.5 1312
0.20833333333333331 0.5 1322
0.25 0.5 1247
0.29166666666666663 0.5 1168
0.3333333333333333 0.5 1212
0.375 0.5 1186
0.41666666666666663 0.5 1063
0.4583333333333333 0.5 1121
0.5 0.5 1385
0.5416666666666666 0.5 1191
0.5833333333333333 0.5 1180
0.625 0.5 1046
0.6666666666666666 0.5 1294
0.7083333333333333 0.5 1183
0.75 0.5 1008
0.7916666666666666 0.5 1267
0.8333333333333333 0.5 1072
0.875 0.5 1093
0.9166666666666666 0.5 1261
0.9583333333333333 0.5 1257
1.0 0.5 1327
