0.0 0.0 1305
0.041666666666666664 0.0 1279
0.08333333333333333 0.0 1237
0.125 0.0 1096
0.16666666666666666 0.0 1256
0.20833333333333331 0.0 1155
0.25 0.0 1255
0.29166666666666663 0.0 1146
0.3333333333333333 0.0 1159
0.375 0.0 1163
0.41666666666666663 0.0 1099
0.4583333333333333 0.0 1159
0.5 0.0 1135
0.5416666666666666 0.0 1046
0.5833333333333333 0.0 1028
0.625 0.0 957
0.6666666666666666 0.0 1035
0.7083333333333333 0.0 945
0.75 0.0 844
0.7916666666666666 0.0 741
0.8333333333333333 0.0 0
0.875 0.0 578
0.9166666666666666 0.0 401
0.9583333333333333 0.0 1
1.0 0.0 0
0.0 0.020833333333333332 1299
0.041666666666666664 0.020833333333333332 1313
0.08333333333333333 0.020833333333333332 1302
0.125 0.020833333333333332 1149
0.16666666666666666 0.020833333333333332 1224
0.20833333333333331 0.020833333333333332 1208
0.25 0.020833333333333332 1209
0.29166666666666663 0.020833333333333332 1187
0.3333333333333333 0.020833333333333332 1154
0.375 0.020833333333333332 1113
0.41666666666666663 0.020833333333333332 1126
0.4583333333333333 0.020833333333333332 1176
0.5 0.020833333333333332 1082
0.5416666666666666 0.020833333333333332 1065
0.5833333333333333 0.020833333333333332 995
0.625 0.020833333333333332 1016
0.6666666666666666 0.020833333333333332 994
0.7083333333333333 0.020833333333333332 937
0.75 0.020833333333333332 850
0.7916666666666666 0.020833333333333332 775
0.8333333333333333 0.020833333333333332 771
0.875 0.020833333333333332 621
0.9166666666666666 0.020833333333333332 500
0.9583333333333333 0.020833333333333332 390
1.0 0.020833333333333332 56
0.0 0.041666666666666664 1313
0.041666666666666664 0.041666666666666664 1206
0.08333333333333333 0.041666666666666664 1250
0.125 0.041666666666666664 1285
0.16666666666666666 0.041666666666666664 1233
0.20833333333333331 0.041666666666666664 1146
0.25 0.041666666666666664 1162
0.29166666666666663 0.041666666666666664 1135
0.3333333333333333 0.041666666666666664 1173
0.375 0.041666666666666664 1182
0.41666666666666663 0.041666666666666664 1077
0.4583333333333333 0.041666666666666664 1161
0.5 0.041666666666666664 1092
0.5416666666666666 0.041666666666666664 1007
0.5833333333333333 0.041666666666666664 1065
0.625 0.041666666666666664 972
0.6666666666666666 0.041666666666666664 948
0.7083333333333333 0.041666666666666664 969
0.75 0.041666666666666664 928
0.7916666666666666 0.041666666666666664 761
0.8333333333333333 0.041666666666666664 775
0.875 0.041666666666666664 603
0.9166666666666666 0.041666666666666664 532
0.9583333333333333 0.041666666666666664 474
1.0 0.041666666666666664 452
0.0 0.0625 1240
0.041666666666666664 0.0625 1192
0.08333333333333333 0.0625 1322
0.125 0.0625 1264
0.16666666666666666 0.0625 1244
0.20833333333333331 0.0625 1229
0.25 0.0625 1227
0.29166666666666663 0.0625 1210
0.3333333333333333 0.0625 1106
0.375 0.0625 1087
0.41666666666666663 0.0625 1151
0.4583333333333333 0.0625 1072
0.5 0.0625 1111
0.5416666666666666 0.0625 1022
0.5833333333333333 0.0625 1054
0.625 0.0625 1073
0.6666666666666666 0.0625 955
0.7083333333333333 0.0625 922
0.75 0.0625 910
0.7916666666666666 0.0625 869
0.8333333333333333 0.0625 723
0.875 0.0625 658
0.9166666666666666 0.0625 458
0.9583333333333333 0.0625 580
1.0 0.0625 403
0.0 0.08333333333333333 1139
0.041666666666666664 0.08333333333333333 1196
0.08333333333333333 0.08333333333333333 1235
0.125 0.08333333333333333 1249
0.16666666666666666 0.08333333333333333 1191
0.20833333333333331 0.08333333333333333 1179
0.25 0.08333333333333333 1222
0.29166666666666663 0.08333333333333333 1228
0.3333333333333333 0.08333333333333333 1206
0.375 0.08333333333333333 1226
0.41666666666666663 0.08333333333333333 1151
0.4583333333333333 0.08333333333333333 1142
0.5 0.08333333333333333 1165
0.5416666666666666 0.08333333333333333 1113
0.5833333333333333 0.08333333333333333 1030
0.625 0.08333333333333333 1037
0.6666666666666666 0.08333333333333333 1049
0.7083333333333333 0.08333333333333333 991
0.75 0.08333333333333333 892
0.7916666666666666 0.08333333333333333 767
0.8333333333333333 0.08333333333333333 699
0.875 0.08333333333333333 628
0.9166666666666666 0.08333333333333333 552
0.9583333333333333 0.08333333333333333 295
1.0 0.08333333333333333 278
0.0 0.10416666666666666 1274
0.041666666666666664 0.10416666666666666 1260
0.08333333333333333 0.10416666666666666 1277
0.125 0.10416666666666666 1169
0.16666666666666666 0.10416666666666666 1106
0.20833333333333331 0.10416666666666666 1199
0.25 0.10416666666666666 1267
0.29166666666666663 0.10416666666666666 1154
0.3333333333333333 0.10416666666666666 1153
0.375 0.10416666666666666 1163
0.41666666666666663 0.10416666666666666 1022
0.4583333333333333 0.10416666666666666 1207
0.5 0.10416666666666666 1123
0.5416666666666666 0.10416666666666666 1119
0.5833333333333333 0.10416666666666666 1027
0.625 0.10416666666666666 921
0.6666666666666666 0.10416666666666666 1009
0.7083333333333333 0.10416666666666666 871
0.75 0.10416666666666666 903
0.7916666666666666 0.10416666666666666 825
0.8333333333333333 0.10416666666666666 717
0.875 0.10416666666666666 710
0.9166666666666666 0.10416666666666666 510
0.9583333333333333 0.10416666666666666 862
1.0 0.10416666666666666 540
0.0 0.125 1298
0.041666666666666664 0.125 1186
0.08333333333333333 0.125 1152
0.125 0.125 1309
0.16666666666666666 0.125 1123
0.20833333333333331 0.125 1184
0.25 0.125 1151
0.29166666666666663 0.125 1156
0.3333333333333333 0.125 1129
0.375 0.125 1126
0.41666666666666663 0.125 1089
0.4583333333333333 0.125 1019
0.5 0.125 1165
0.5416666666666666 0.125 1110
0.5833333333333333 0.125 1097
0.625 0.125 1021
0.6666666666666666 0.125 1038
0.7083333333333333 0.125 1008
0.75 0.125 944
0.7916666666666666 0.125 838
0.8333333333333333 0.125 974
0.875 0.125 589
0.9166666666666666 0.125 488
0.9583333333333333 0.125 367
1.0 0.125 921
0.0 0.14583333333333331 1246
0.041666666666666664 0.14583333333333331 1168
0.08333333333333333 0.14583333333333331 1334
0.125 0.14583333333333331 1312
0.16666666666666666 0.14583333333333331 1200
0.20833333333333331 0.14583333333333331 1115
0.25 0.14583333333333331 1250
0.29166666666666663 0.14583333333333331 1104
0.3333333333333333 0.14583333333333331 1215
0.375 0.14583333333333331 1103
0.41666666666666663 0.14583333333333331 1214
0.4583333333333333 0.14583333333333331 1168
0.5 0.14583333333333331 1029
0.5416666666666666 0.14583333333333331 1083
0.5833333333333333 0.14583333333333331 1015
0.625 0.14583333333333331 977
0.6666666666666666 0.14583333333333331 1068
0.7083333333333333 0.14583333333333331 916
0.75 0.14583333333333331 946
0.7916666666666666 0.14583333333333331 993
0.8333333333333333 0.14583333333333331 990
0.875 0.14583333333333331 702
0.9166666666666666 0.14583333333333331 578
0.9583333333333333 0.14583333333333331 343
1.0 0.14583333333333331 406
0.0 0.16666666666666666 1316
0.041666666666666664 0.16666666666666666 1322
0.08333333333333333 0.16666666666666666 1126
0.125 0.16666666666666666 1235
0.16666666666666666 0.16666666666666666 1192
0.20833333333333331 0.16666666666666666 1150
0.25 0.16666666666666666 1239
0.29166666666666663 0.16666666666666666 1218
0.3333333333333333 0.16666666666666666 1210
0.375 0.16666666666666666 1089
0.41666666666666663 0.16666666666666666 1123
0.4583333333333333 0.16666666666666666 1181
0.5 0.16666666666666666 1120
0.5416666666666666 0.16666666666666666 1111
0.5833333333333333 0.16666666666666666 1049
0.625 0.16666666666666666 1054
0.6666666666666666 0.16666666666666666 936
0.7083333333333333 0.16666666666666666 934
0.75 0.16666666666666666 944
0.7916666666666666 0.16666666666666666 903
0.8333333333333333 0.16666666666666666 1121
0.875 0.16666666666666666 612
0.9166666666666666 0.16666666666666666 463
0.9583333333333333 0.16666666666666666 427
1.0 0.16666666666666666 811
0.0 0.1875 1187
0.041666666666666664 0.1875 1201
0.08333333333333333 0.1875 1287
0.125 0.1875 1168
0.16666666666666666 0.1875 1203
0.20833333333333331 0.1875 1244
0.25 0.1875 1159
0.29166666666666663 0.1875 1173
0.3333333333333333 0.1875 1202
0.375 0.1875 1187
0.41666666666666663 0.1875 1069
0.4583333333333333 0.1875 1049
0.5 0.1875 1058
0.5416666666666666 0.1875 1135
0.5833333333333333 0.1875 1136
0.625 0.1875 1166
0.6666666666666666 0.1875 1003
0.7083333333333333 0.1875 957
0.75 0.1875 1074
0.7916666666666666 0.1875 1070
0.8333333333333333 0.1875 751
0.875 0.1875 914
0.9166666666666666 0.1875 1267
0.9583333333333333 0.1875 362
1.0 0.1875 846
0.0 0.20833333333333331 1266
0.041666666666666664 0.20833333333333331 1224
0.08333333333333333 0.20833333333333331 1180
0.125 0.20833333333333331 1187
0.16666666666666666 0.20833333333333331 1194
0.20833333333333331 0.20833333333333331 1089
0.25 0.20833333333333331 1223
0.29166666666666663 0.20833333333333331 1097
0.3333333333333333 0.20833333333333331 1095
0.375 0.20833333333333331 1127
0.41666666666666663 0.20833333333333331 1108
0.4583333333333333 0.20833333333333331 1152
0.5 0.20833333333333331 1125
0.5416666666666666 0.20833333333333331 1042
0.5833333333333333 0.20833333333333331 1109
0.625 0.20833333333333331 1256
0.6666666666666666 0.20833333333333331 988
0.7083333333333333 0.20833333333333331 1048
0.75 0.20833333333333331 962
0.7916666666666666 0.20833333333333331 815
0.8333333333333333 0.20833333333333331 791
0.875 0.20833333333333331 1100
0.9166666666666666 0.20833333333333331 489
0.9583333333333333 0.20833333333333331 1045
1.0 0.20833333333333331 930
0.0 0.22916666666666666 1235
0.041666666666666664 0.22916666666666666 1218
0.08333333333333333 0.22916666666666666 1356
0.125 0.22916666666666666 1287
0.16666666666666666 0.22916666666666666 1258
0.20833333333333331 0.22916666666666666 1229
0.25 0.22916666666666666 1148
0.29166666666666663 0.22916666666666666 1212
0.3333333333333333 0.22916666666666666 1280
0.375 0.22916666666666666 1189
0.41666666666666663 0.22916666666666666 1179
0.4583333333333333 0.22916666666666666 1156
0.5 0.22916666666666666 1175
0.5416666666666666 0.22916666666666666 1114
0.5833333333333333 0.22916666666666666 1052
0.625 0.22916666666666666 973
0.6666666666666666 0.22916666666666666 1084
0.7083333333333333 0.22916666666666666 956
0.75 0.22916666666666666 942
0.7916666666666666 0.22916666666666666 1186
0.8333333333333333 0.22916666666666666 799
0.875 0.22916666666666666 814
0.9166666666666666 0.22916666666666666 1090
0.9583333333333333 0.22916666666666666 930
1.0 0.22916666666666666 680
0.0 0.25 1315
0.041666666666666664 0.25 1200
0.08333333333333333 0.25 1159
0.125 0.25 1236
0.16666666666666666 0.25 1140
0.20833333333333331 0.25 1228
0.25 0.25 1238
0.29166666666666663 0.25 1159
0.3333333333333333 0.25 1236
0.375 0.25 1146
0.41666666666666663 0.25 1120
0.4583333333333333 0.25 1109
0.5 0.25 1173
0.5416666666666666 0.25 1046
0.5833333333333333 0.25 1088
0.625 0.25 1005
0.6666666666666666 0.25 1023
0.7083333333333333 0.25 935
0.75 0.25 970
0.7916666666666666 0.25 1237
0.8333333333333333 0.25 819
0.875 0.25 1150
0.9166666666666666 0.25 995
0.9583333333333333 0.25 1172
1.0 0.25 629
0.0 0.2708333333333333 1296
0.041666666666666664 0.2708333333333333 1319
0.08333333333333333 0.2708333333333333 1140
0.125 0.2708333333333333 1250
0.16666666666666666 0.2708333333333333 1279
0.20833333333333331 0.2708333333333333 1141
0.25 0.2708333333333333 1175
0.29166666666666663 0.2708333333333333 1260
0.3333333333333333 0.2708333333333333 1171
0.375 0.2708333333333333 1165
0.41666666666666663 0.2708333333333333 1267
0.4583333333333333 0.2708333333333333 1118
0.5 0.2708333333333333 1154
0.5416666666666666 0.2708333333333333 1134
0.5833333333333333 0.2708333333333333 1080
0.625 0.2708333333333333 1052
0.6666666666666666 0.2708333333333333 1189
0.7083333333333333 0.2708333333333333 1223
0.75 0.2708333333333333 1166
0.7916666666666666 0.2708333333333333 846
0.8333333333333333 0.2708333333333333 1239
0.875 0.2708333333333333 1289
0.9166666666666666 0.2708333333333333 829
0.9583333333333333 0.2708333333333333 457
1.0 0.2708333333333333 1189
0.0 0.29166666666666663 1179
0.041666666666666664 0.29166666666666663 1187
0.08333333333333333 0.29166666666666663 1262
0.125 0.29166666666666663 1213
0.16666666666666666 0.29166666666666663 1249
0.20833333333333331 0.29166666666666663 1223
0.25 0.29166666666666663 1244
0.29166666666666663 0.29166666666666663 1232
0.3333333333333333 0.29166666666666663 1195
0.375 0.29166666666666663 1118
0.41666666666666663 0.29166666666666663 1159
0.4583333333333333 0.29166666666666663 1166
0.5 0.29166666666666663 1167
0.5416666666666666 0.29166666666666663 1148
0.5833333333333333 0.29166666666666663 1065
0.625 0.29166666666666663 1088
0.6666666666666666 0.29166666666666663 1235
0.7083333333333333 0.29166666666666663 1307
0.75 0.29166666666666663 899
0.7916666666666666 0.29166666666666663 1243
0.8333333333333333 0.29166666666666663 752
0.875 0.29166666666666663 1270
0.9166666666666666 0.29166666666666663 586
0.9583333333333333 0.29166666666666663 1228
1.0 0.29166666666666663 1193
0.0 0.3125 1234
0.041666666666666664 0.3125 1252
0.08333333333333333 0.3125 1283
0.125 0.3125 1259
0.16666666666666666 0.3125 1273
0.20833333333333331 0.3125 1230
0.25 0.3125 1204
0.29166666666666663 0.3125 1204
0.3333333333333333 0.3125 1168
0.375 0.3125 1283
0.41666666666666663 0.3125 1260
0.4583333333333333 0.3125 1102
0.5 0.3125 1057
0.5416666666666666 0.3125 1200
0.5833333333333333 0.3125 1322
0.625 0.3125 1087
0.6666666666666666 0.3125 1046
0.7083333333333333 0.3125 1119
0.75 0.3125 1261
0.7916666666666666 0.3125 1317
0.8333333333333333 0.3125 942
0.875 0.3125 1238
0.9166666666666666 0.3125 993
0.9583333333333333 0.3125 754
1.0 0.3125 588
0.0 0.3333333333333333 1360
0.041666666666666664 0.3333333333333333 1205
0.08333333333333333 0.3333333333333333 1237
0.125 0.3333333333333333 1317
0.16666666666666666 0.3333333333333333 1218
0.20833333333333331 0.3333333333333333 1128
0.25 0.3333333333333333 1283
0.29166666666666663 0.3333333333333333 1231
0.3333333333333333 0.3333333333333333 1103
0.375 0.3333333333333333 1147
0.41666666666666663 0.3333333333333333 1268
0.4583333333333333 0.3333333333333333 1286
0.5 0.3333333333333333 1125
0.5416666666666666 0.3333333333333333 1092
0.5833333333333333 0.3333333333333333 1300
0.625 0.3333333333333333 1251
0.6666666666666666 0.3333333333333333 1309
0.7083333333333333 0.3333333333333333 1118
0.75 0.3333333333333333 973
0.7916666666666666 0.3333333333333333 826
0.8333333333333333 0.3333333333333333 1223
0.875 0.3333333333333333 813
0.9166666666666666 0.3333333333333333 1140
0.9583333333333333 0.3333333333333333 845
1.0 0.3333333333333333 1249
0.0 0.35416666666666663 1299
0.041666666666666664 0.35416666666666663 1211
0.08333333333333333 0.35416666666666663 1261
0.125 0.35416666666666663 1306
0.16666666666666666 0.35416666666666663 1256
0.20833333333333331 0.35416666666666663 1238
0.25 0.35416666666666663 1289
0.29166666666666663 0.35416666666666663 1277
0.3333333333333333 0.35416666666666663 1185
0.375 0.35416666666666663 1233
0.41666666666666663 0.35416666666666663 1268
0.4583333333333333 0.35416666666666663 1156
0.5 0.35416666666666663 1112
0.5416666666666666 0.35416666666666663 1252
0.5833333333333333 0.35416666666666663 1082
0.625 0.35416666666666663 1056
0.6666666666666666 0.35416666666666663 985
0.7083333333333333 0.35416666666666663 1020
0.75 0.35416666666666663 1075
0.7916666666666666 0.35416666666666663 832
0.8333333333333333 0.35416666666666663 964
0.875 0.35416666666666663 853
0.9166666666666666 0.35416666666666663 1290
0.9583333333333333 0.35416666666666663 1004
1.0 0.35416666666666663 1173
0.0 0.375 1285
0.041666666666666664 0.375 1317
0.08333333333333333 0.375 1285
0.125 0.375 1283
0.16666666666666666 0.375 1297
0.20833333333333331 0.375 1182
0.25 0.375 1127
0.29166666666666663 0.375 1289
0.3333333333333333 0.375 1327
0.375 0.375 1184
0.41666666666666663 0.375 1202
0.4583333333333333 0.375 1300
0.5 0.375 1098
0.5416666666666666 0.375 1067
0.5833333333333333 0.375 1138
0.625 0.375 1063
0.6666666666666666 0.375 1277
0.7083333333333333 0.375 1275
0.75 0.375 970
0.7916666666666666 0.375 976
0.8333333333333333 0.375 1172
0.875 0.375 926
0.9166666666666666 0.375 783
0.9583333333333333 0.375 1250
1.0 0.375 1242
0.0 0.3958333333333333 1210
0.041666666666666664 0.3958333333333333 1297
0.08333333333333333 0.3958333333333333 1158
0.125 0.3958333333333333 1272
0.16666666666666666 0.3958333333333333 1126
0.20833333333333331 0.3958333333333333 1164
0.25 0.3958333333333333 1189
0.29166666666666663 0.3958333333333333 1125
0.3333333333333333 0.3958333333333333 1223
0.375 0.3958333333333333 1231
0.41666666666666663 0.3958333333333333 1249
0.4583333333333333 0.3958333333333333 1228
0.5 0.3958333333333333 1113
0.5416666666666666 0.3958333333333333 1280
0.5833333333333333 0.3958333333333333 1205
0.625 0.3958333333333333 1027
0.6666666666666666 0.3958333333333333 1358
0.7083333333333333 0.3958333333333333 1088
0.75 0.3958333333333333 937
0.7916666666666666 0.3958333333333333 1308
0.8333333333333333 0.3958333333333333 1157
0.875 0.3958333333333333 1258
0.9166666666666666 0.3958333333333333 1246
0.9583333333333333 0.3958333333333333 1191
1.0 0.3958333333333333 615
0.0 0.41666666666666663 1316
0.041666666666666664 0.41666666666666663 1197
0.08333333333333333 0.41666666666666663 1252
0.125 0.41666666666666663 1256
0.16666666666666666 0.41666666666666663 1261
0.20833333333333331 0.41666666666666663 1359
0.25 0.41666666666666663 1182
0.29166666666666663 0.41666666666666663 1118
0.3333333333333333 0.41666666666666663 1325
0.375 0.41666666666666663 1142
0.41666666666666663 0.41666666666666663 1163
0.4583333333333333 0.41666666666666663 1268
0.5 0.41666666666666663 1059
0.5416666666666666 0.41666666666666663 1119
0.5833333333333333 0.41666666666666663 1361
0.625 0.41666666666666663 1283
0.6666666666666666 0.41666666666666663 1095
0.7083333333333333 0.41666666666666663 1312
0.75 0.41666666666666663 1038
0.7916666666666666 0.41666666666666663 1235
0.8333333333333333 0.41666666666666663 1267
0.875 0.41666666666666663 898
0.9166666666666666 0.41666666666666663 1300
0.9583333333333333 0.41666666666666663 1249
1.0 0.41666666666666663 738
0.0 0.4375 1267
0.041666666666666664 0.4375 1318
0.08333333333333333 0.4375 1222
0.125 0.4375 1291
0.16666666666666666 0.4375 1168
0.20833333333333331 0.4375 1225
0.25 0.4375 1323
0.29166666666666663 0.4375 1265
0.3333333333333333 0.4375 1293
0.375 0.4375 1335
0.41666666666666663 0.4375 1181
0.4583333333333333 0.4375 1162
0.5 0.4375 1345
0.5416666666666666 0.4375 1098
0.5833333333333333 0.4375 1327
0.625 0.4375 1214
0.6666666666666666 0.4375 1323
0.7083333333333333 0.4375 1173
0.75 0.4375 1272
0.7916666666666666 0.4375 1061
0.8333333333333333 0.4375 1340
0.875 0.4375 1306
0.9166666666666666 0.4375 1287
0.9583333333333333 0.4375 1264
1.0 0.4375 1325
0.0 0.4583333333333333 1289
0.041666666666666664 0.4583333333333333 1167
0.08333333333333333 0.4583333333333333 1250
0.125 0.4583333333333333 1289
0.16666666666666666 0.4583333333333333 1263
0.20833333333333331 0.4583333333333333 1244
0.25 0.4583333333333333 1327
0.29166666666666663 0.4583333333333333 1180
0.3333333333333333 0.4583333333333333 1325
0.375 0.4583333333333333 1142
0.41666666666666663 0.4583333333333333 1096
0.4583333333333333 0.4583333333333333 1133
0.5 0.4583333333333333 1139
0.5416666666666666 0.4583333333333333 1212
0.5833333333333333 0.4583333333333333 1182
0.625 0.4583333333333333 1054
0.6666666666666666 0.4583333333333333 988
0.7083333333333333 0.4583333333333333 1224
0.75 0.4583333333333333 958
0.7916666666666666 0.4583333333333333 1325
0.8333333333333333 0.4583333333333333 1139
0.875 0.4583333333333333 1292
0.9166666666666666 0.4583333333333333 1214
0.9583333333333333 0.4583333333333333 1293
1.0 0.4583333333333333 1290
0.0 0.47916666666666663 1354
0.041666666666666664 0.47916666666666663 1352
0.08333333333333333 0.47916666666666663 1307
0.125 0.47916666666666663 1221
0.16666666666666666 0.47916666666666663 1325
0.20833333333333331 0.47916666666666663 1161
0.25 0.47916666666666663 1210
0.29166666666666663 0.47916666666666663 1223
0.3333333333333333 0.47916666666666663 1240
0.375 0.47916666666666663 1182
0.41666666666666663 0.47916666666666663 1204
0.4583333333333333 0.47916666666666663 1166
0.5 0.47916666666666663 1109
0.5416666666666666 0.47916666666666663 1135
0.5833333333333333 0.47916666666666663 1083
0.625 0.47916666666666663 1195
0.6666666666666666 0.47916666666666663 1080
0.7083333333333333 0.47916666666666663 1295
0.75 0.47916666666666663 1083
0.7916666666666666 0.47916666666666663 917
0.8333333333333333 0.47916666666666663 916
0.875 0.47916666666666663 924
0.9166666666666666 0.47916666666666663 1046
0.9583333333333333 0.47916666666666663 1255
1.0 0.47916666666666663 797
0.0 0.5 1233
0.041666666666666664 0.5 1248
0.08333333333333333 0.5 1118
0.125 0.5 1242
0.16666666666666666 0.5 1232
0.20833333333333331 0.5 1261
0.25 0.5 1240
0.29166666666666663 0.5 1293
0.3333333333333333 0.5 1225
0.375 0.5 1188
0.41666666666666663 0.5 1169
0.4583333333333333 0.5 1261
0.5 0.5 1211
0.5416666666666666 0.5 1157
0.5833333333333333 0.5 1207
0.625 0.5 1231
0.6666666666666666 0.5 1268
0.7083333333333333 0.5 1022
0.75 0.5 1305
0.7916666666666666 0.5 994
0.8333333333333333 0.5 1294
0.875 0.5 1300
0.9166666666666666 0.5 1074
0.9583333333333333 0.5 839
1.0 0.5 1311
