0.0 0.0 1186
0.041666666666666664 0.0 1203
0.08333333333333333 0.0 1236
0.125 0.0 1216
0.16666666666666666 0.0 1236
0.20833333333333331 0.0 1217
0.25 0.0 1188
0.29166666666666663 0.0 1230
0.3333333333333333 0.0 1164
0.375 0.0 1087
0.41666666666666663 0.0 1091
0.4583333333333333 0.0 1117
0.5 0.0 1083
0.5416666666666666 0.0 1072
0.5833333333333333 0.0 1004
0.625 0.0 969
0.6666666666666666 0.0 945
0.7083333333333333 0.0 865
0.75 0.0 859
0.7916666666666666 0.0 728
0.8333333333333333 0.0 668
0.875 0.0 585
0.9166666666666666 0.0 476
0.9583333333333333 0.0 1
1.0 0.0 0
0.0 0.020833333333333332 1087
0.041666666666666664 0.020833333333333332 1217
0.08333333333333333 0.020833333333333332 1154
0.125 0.020833333333333332 1268
0.16666666666666666 0.020833333333333332 1185
0.20833333333333331 0.020833333333333332 1207
0.25 0.020833333333333332 1222
0.29166666666666663 0.020833333333333332 1169
0.3333333333333333 0.020833333333333332 1093
0.375 0.020833333333333332 1165
0.41666666666666663 0.020833333333333332 1084
0.4583333333333333 0.020833333333333332 1090
0.5 0.020833333333333332 1135
0.5416666666666666 0.020833333333333332 1063
0.5833333333333333 0.020833333333333332 1062
0.625 0.020833333333333332 1046
0.6666666666666666 0.020833333333333332 1003
0.7083333333333333 0.020833333333333332 924
0.75 0.020833333333333332 889
0.7916666666666666 0.020833333333333332 793
0.8333333333333333 0.020833333333333332 721
0.875 0.020833333333333332 566
0.9166666666666666 0.020833333333333332 483
0.9583333333333333 0.020833333333333332 191
1.0 0.020833333333333332 110
0.0 0.041666666666666664 1237
0.041666666666666664 0.041666666666666664 1216
0.08333333333333333 0.041666666666666664 1183
0.125 0.041666666666666664 1263
0.16666666666666666 0.041666666666666664 1237
0.20833333333333331 0.041666666666666664 1187
0.25 0.041666666666666664 1160
0.29166666666666663 0.041666666666666664 1099
0.3333333333333333 0.041666666666666664 1196
0.375 0.041666666666666664 1222
0.41666666666666663 0.041666666666666664 1047
0.4583333333333333 0.041666666666666664 1070
0.5 0.041666666666666664 1003
0.5416666666666666 0.041666666666666664 1094
0.5833333333333333 0.041666666666666664 1084
0.625 0.041666666666666664 995
0.6666666666666666 0.041666666666666664 952
0.7083333333333333 0.041666666666666664 909
0.75 0.041666666666666664 832
0.7916666666666666 0.041666666666666664 825
0.8333333333333333 0.041666666666666664 700
0.875 0.041666666666666664 603
0.9166666666666666 0.041666666666666664 504
0.9583333333333333 0.041666666666666664 276
1.0 0.041666666666666664 108
0.0 0.0625 1308
0.041666666666666664 0.0625 1220
0.08333333333333333 0.0625 1266
0.125 0.0625 1290
0.16666666666666666 0.0625 1248
0.20833333333333331 0.0625 1273
0.25 0.0625 1201
0.29166666666666663 0.0625 1181
0.3333333333333333 0.0625 1155
0.375 0.0625 1144
0.41666666666666663 0.0625 1151
0.4583333333333333 0.0625 1117
0.5 0.0625 1011
0.5416666666666666 0.0625 1121
0.5833333333333333 0.0625 1109
0.625 0.0625 971
0.6666666666666666 0.0625 928
0.7083333333333333 0.0625 936
0.75 0.0625 905
0.7916666666666666 0.0625 797
0.8333333333333333 0.0625 861
0.875 0.0625 606
0.9166666666666666 0.0625 569
0.9583333333333333 0.0625 255
1.0 0.0625 494
0.0 0.08333333333333333 1124
0.041666666666666664 0.08333333333333333 1229
0.08333333333333333 0.08333333333333333 1180
0.125 0.08333333333333333 1163
0.16666666666666666 0.08333333333333333 1135
0.20833333333333331 0.08333333333333333 1195
0.25 0.08333333333333333 1162
0.29166666666666663 0.08333333333333333 1128
0.3333333333333333 0.08333333333333333 1213
0.375 0.08333333333333333 1240
0.41666666666666663 0.08333333333333333 1116
0.4583333333333333 0.08333333333333333 1177
0.5 0.08333333333333333 1073
0.5416666666666666 0.08333333333333333 1058
0.5833333333333333 0.08333333333333333 1065
0.625 0.08333333333333333 1019
0.6666666666666666 0.08333333333333333 998
0.7083333333333333 0.08333333333333333 973
0.75 0.08333333333333333 911
0.7916666666666666 0.08333333333333333 889
0.8333333333333333 0.08333333333333333 890
0.875 0.08333333333333333 629
0.9166666666666666 0.08333333333333333 546
0.9583333333333333 0.08333333333333333 488
1.0 0.08333333333333333 355
0.0 0.10416666666666666 1238
0.041666666666666664 0.10416666666666666 1180
0.08333333333333333 0.10416666666666666 1168
0.125 0.10416666666666666 1311
0.16666666666666666 0.10416666666666666 1314
0.20833333333333331 0.10416666666666666 1102
0.25 0.10416666666666666 1185
0.29166666666666663 0.10416666666666666 1204
0.3333333333333333 0.10416666666666666 1095
0.375 0.10416666666666666 1165
0.41666666666666663 0.10416666666666666 1063
0.4583333333333333 0.10416666666666666 1168
0.5 0.10416666666666666 1157
0.5416666666666666 0.10416666666666666 1071
0.5833333333333333 0.10416666666666666 984
0.625 0.10416666666666666 1023
0.6666666666666666 0.10416666666666666 983
0.7083333333333333 0.10416666666666666 998
0.75 0.10416666666666666 887
0.7916666666666666 0.10416666666666666 830
0.8333333333333333 0.10416666666666666 755
0.875 0.10416666666666666 639
0.9166666666666666 0.10416666666666666 577
0.9583333333333333 0.10416666666666666 313
1.0 0.10416666666666666 814
0.0 0.125 1225
0.041666666666666664 0.125 1167
0.08333333333333333 0.125 1289
0.125 0.125 1277
0.16666666666666666 0.125 1195
0.20833333333333331 0.125 1191
0.25 0.125 1243
0.29166666666666663 0.125 1266
0.3333333333333333 0.125 1211
0.375 0.125 1202
0.41666666666666663 0.125 1176
0.4583333333333333 0.125 1065
0.5 0.125 1122
0.5416666666666666 0.125 1083
0.5833333333333333 0.125 1104
0.625 0.125 974
0.6666666666666666 0.125 965
0.7083333333333333 0.125 879
0.75 0.125 966
0.7916666666666666 0.125 852
0.8333333333333333 0.125 779
0.875 0.125 663
0.9166666666666666 0.125 532
0.9583333333333333 0.125 869
1.0 0.125 739
0.0 0.14583333333333331 1322
0.041666666666666664 0.14583333333333331 1324
0.08333333333333333 0.14583333333333331 1215
0.125 0.14583333333333331 1179
0.16666666666666666 0.14583333333333331 1194
0.20833333333333331 0.14583333333333331 1140
0.25 0.14583333333333331 1109
0.29166666666666663 0.14583333333333331 1174
0.3333333333333333 0.14583333333333331 1094
0.375 0.14583333333333331 1163
0.41666666666666663 0.14583333333333331 1124
0.4583333333333333 0.14583333333333331 1107
0.5 0.14583333333333331 1117
0.5416666666666666 0.14583333333333331 1060
0.5833333333333333 0.14583333333333331 1095
0.625 0.14583333333333331 984
0.6666666666666666 0.14583333333333331 1046
0.7083333333333333 0.14583333333333331 1029
0.75 0.14583333333333331 1016
0.7916666666666666 0.14583333333333331 804
0.8333333333333333 0.14583333333333331 882
0.875 0.14583333333333331 720
0.9166666666666666 0.14583333333333331 603
0.9583333333333333 0.14583333333333331 478
1.0 0.14583333333333331 584
0.0 0.16666666666666666 1188
0.041666666666666664 0.16666666666666666 1258
0.08333333333333333 0.16666666666666666 1278
0.125 0.16666666666666666 1230
0.16666666666666666 0.16666666666666666 1185
0.20833333333333331 0.16666666666666666 1300
0.25 0.16666666666666666 1161
0.29166666666666663 0.16666666666666666 1224
0.3333333333333333 0.16666666666666666 1153
0.375 0.16666666666666666 1128
0.41666666666666663 0.16666666666666666 1111
0.4583333333333333 0.16666666666666666 1058
0.5 0.16666666666666666 1056
0.5416666666666666 0.16666666666666666 1009
0.5833333333333333 0.16666666666666666 1091
0.625 0.16666666666666666 1028
0.6666666666666666 0.16666666666666666 1048
0.7083333333333333 0.16666666666666666 998
0.75 0.16666666666666666 937
0.7916666666666666 0.16666666666666666 797
0.8333333333333333 0.16666666666666666 736
0.875 0.16666666666666666 830
0.9166666666666666 0.16666666666666666 1164
0.9583333333333333 0.16666666666666666 1153
1.0 0.16666666666666666 393
0.0 0.1875 1274
0.041666666666666664 0.1875 1210
0.08333333333333333 0.1875 1341
0.125 0.1875 1234
0.16666666666666666 0.1875 1130
0.20833333333333331 0.1875 1191
0.25 0.1875 1125
0.29166666666666663 0.1875 1082
0.3333333333333333 0.1875 1101
0.375 0.1875 1203
0.41666666666666663 0.1875 1200
0.4583333333333333 0.1875 1140
0.5 0.1875 1255
0.5416666666666666 0.1875 1098
0.5833333333333333 0.1875 1118
0.625 0.1875 1054
0.6666666666666666 0.1875 1020
0.7083333333333333 0.1875 1061
0.75 0.1875 1173
0.7916666666666666 0.1875 849
0.8333333333333333 0.1875 1204
0.875 0.1875 1196
0.9166666666666666 0.1875 860
0.9583333333333333 0.1875 857
1.0 0.1875 696
0.0 0.20833333333333331 1254
0.041666666666666664 0.20833333333333331 1254
0.08333333333333333 0.20833333333333331 1276
0.125 0.20833333333333331 1227
0.16666666666666666 0.20833333333333331 1195
0.20833333333333331 0.20833333333333331 1192
0.25 0.20833333333333331 1215
0.29166666666666663 0.20833333333333331 1171
0.3333333333333333 0.20833333333333331 1224
0.375 0.20833333333333331 1077
0.41666666666666663 0.20833333333333331 1106
0.4583333333333333 0.20833333333333331 1183
0.5 0.20833333333333331 1047
0.5416666666666666 0.20833333333333331 1136
0.5833333333333333 0.20833333333333331 1172
0.625 0.20833333333333331 1195
0.6666666666666666 0.20833333333333331 1052
0.7083333333333333 0.20833333333333331 1142
0.75 0.20833333333333331 994
0.7916666666666666 0.20833333333333331 883
0.8333333333333333 0.20833333333333331 1125
0.875 0.20833333333333331 1255
0.9166666666666666 0.20833333333333331 750
0.9583333333333333 0.20833333333333331 934
1.0 0.20833333333333331 403
0.0 0.22916666666666666 1337
0.041666666666666664 0.22916666666666666 1184
0.08333333333333333 0.22916666666666666 1251
0.125 0.22916666666666666 1177
0.16666666666666666 0.22916666666666666 1190
0.20833333333333331 0.22916666666666666 1272
0.25 0.22916666666666666 1302
0.29166666666666663 0.22916666666666666 1222
0.3333333333333333 0.22916666666666666 1160
0.375 0.22916666666666666 1152
0.41666666666666663 0.22916666666666666 1198
0.4583333333333333 0.22916666666666666 1196
0.5 0.22916666666666666 1090
0.5416666666666666 0.22916666666666666 1011
0.5833333333333333 0.22916666666666666 1072
0.625 0.22916666666666666 1051
0.6666666666666666 0.22916666666666666 1216
0.7083333333333333 0.22916666666666666 976
0.75 0.22916666666666666 1019
0.7916666666666666 0.22916666666666666 848
0.8333333333333333 0.22916666666666666 854
0.875 0.22916666666666666 1199
0.9166666666666666 0.22916666666666666 1277
0.9583333333333333 0.22916666666666666 1201
1.0 0.22916666666666666 441
0.0 0.25 1257
0.041666666666666664 0.25 1307
0.08333333333333333 0.25 1171
0.125 0.25 1227
0.16666666666666666 0.25 1229
0.20833333333333331 0.25 1236
0.25 0.25 0
0.29166666666666663 0.25 1188
0.3333333333333333 0.25 1250
0.375 0.25 1270
0.41666666666666663 0.25 1126
0.4583333333333333 0.25 1276
0.5 0.25 1165
0.5416666666666666 0.25 1289
0.5833333333333333 0.25 1201
0.625 0.25 960
0.6666666666666666 0.25 1037
0.7083333333333333 0.25 896
0.75 0.25 986
0.7916666666666666 0.25 845
0.8333333333333333 0.25 770
0.875 0.25 791
0.9166666666666666 0.25 722
0.9583333333333333 0.25 1230
1.0 0.25 522
0.0 0.2708333333333333 1210
0.041666666666666664 0.2708333333333333 1214
0.08333333333333333 0.2708333333333333 1250
0.125 0.2708333333333333 1257
0.16666666666666666 0.2708333333333333 1282
0.20833333333333331 0.2708333333333333 1227
0.25 0.2708333333333333 1238
0.29166666666666663 0.2708333333333333 1208
0.3333333333333333 0.2708333333333333 1284
0.375 0.2708333333333333 1130
0.41666666666666663 0.2708333333333333 1183
0.4583333333333333 0.2708333333333333 1139
0.5 0.2708333333333333 1234
0.5416666666666666 0.2708333333333333 1104
0.5833333333333333 0.2708333333333333 1134
0.625 0.2708333333333333 1073
0.6666666666666666 0.2708333333333333 1192
0.7083333333333333 0.2708333333333333 1271
0.75 0.2708333333333333 885
0.7916666666666666 0.2708333333333333 1144
0.8333333333333333 0.2708333333333333 796
0.875 0.2708333333333333 911
0.9166666666666666 0.2708333333333333 1246
0.9583333333333333 0.2708333333333333 897
1.0 0.2708333333333333 685
0.0 0.29166666666666663 1288
0.041666666666666664 0.29166666666666663 1201
0.08333333333333333 0.29166666666666663 1247
0.125 0.29166666666666663 1216
0.16666666666666666 0.29166666666666663 1198
0.20833333333333331 0.29166666666666663 1203
0.25 0.29166666666666663 1254
0.29166666666666663 0.29166666666666663 1180
0.3333333333333333 0.29166666666666663 1197
0.375 0.29166666666666663 1154
0.41666666666666663 0.29166666666666663 1192
0.4583333333333333 0.29166666666666663 1306
0.5 0.29166666666666663 1125
0.5416666666666666 0.29166666666666663 1157
0.5833333333333333 0.29166666666666663 1152
0.625 0.29166666666666663 1088
0.6666666666666666 0.29166666666666663 1212
0.7083333333333333 0.29166666666666663 1038
0.75 0.29166666666666663 1199
0.7916666666666666 0.29166666666666663 867
0.8333333333333333 0.29166666666666663 846
0.875 0.29166666666666663 1128
0.9166666666666666 0.29166666666666663 898
0.9583333333333333 0.29166666666666663 1273
1.0 0.29166666666666663 0
0.0 0.3125 1193
0.041666666666666664 0.3125 1303
0.08333333333333333 0.3125 1290
0.125 0.3125 1159
0.16666666666666666 0.3125 1252
0.20833333333333331 0.3125 1237
0.25 0.3125 1226
0.29166666666666663 0.3125 1181
0.3333333333333333 0.3125 1204
0.375 0.3125 1251
0.41666666666666663 0.3125 1059
0.4583333333333333 0.3125 1295
0.5 0.3125 1170
0.5416666666666666 0.3125 1261
0.5833333333333333 0.3125 1070
0.625 0.3125 1058
0.6666666666666666 0.3125 1264
0.7083333333333333 0.3125 1035
0.75 0.3125 1262
0.7916666666666666 0.3125 849
0.8333333333333333 0.3125 1356
0.875 0.3125 806
0.9166666666666666 0.3125 616
0.9583333333333333 0.3125 1198
1.0 0.3125 739
0.0 0.3333333333333333 1193
0.041666666666666664 0.3333333333333333 1247
0.08333333333333333 0.3333333333333333 1200
0.125 0.3333333333333333 1200
0.16666666666666666 0.3333333333333333 1305
0.20833333333333331 0.3333333333333333 1224
0.25 0.3333333333333333 1224
0.29166666666666663 0.3333333333333333 1147
0.3333333333333333 0.3333333333333333 1241
0.375 0.3333333333333333 1178
0.41666666666666663 0.3333333333333333 1178
0.4583333333333333 0.3333333333333333 1180
0.5 0.3333333333333333 1233
0.5416666666666666 0.3333333333333333 1089
0.5833333333333333 0.3333333333333333 1266
0.625 0.3333333333333333 1090
0.6666666666666666 0.3333333333333333 1264
0.7083333333333333 0.3333333333333333 1243
0.75 0.3333333333333333 1127
0.7916666666666666 0.3333333333333333 1131
0.8333333333333333 0.3333333333333333 869
0.875 0.3333333333333333 705
0.9166666666666666 0.3333333333333333 1185
0.9583333333333333 0.3333333333333333 0
1.0 0.3333333333333333 1261
0.0 0.35416666666666663 1263
0.041666666666666664 0.35416666666666663 1230
0.08333333333333333 0.35416666666666663 1261
0.125 0.35416666666666663 1162
0.16666666666666666 0.35416666666666663 1129
0.20833333333333331 0.35416666666666663 1269
0.25 0.35416666666666663 1275
0.29166666666666663 0.35416666666666663 1274
0.3333333333333333 0.35416666666666663 1150
0.375 0.35416666666666663 1144
0.41666666666666663 0.35416666666666663 1240
0.4583333333333333 0.35416666666666663 1092
0.5 0.35416666666666663 1107
0.5416666666666666 0.35416666666666663 1179
0.5833333333333333 0.35416666666666663 1088
0.625 0.35416666666666663 1000
0.6666666666666666 0.35416666666666663 1020
0.7083333333333333 0.35416666666666663 899
0.75 0.35416666666666663 1277
0.7916666666666666 0.35416666666666663 913
0.8333333333333333 0.35416666666666663 1141
0.875 0.35416666666666663 1085
0.9166666666666666 0.35416666666666663 1342
0.9583333333333333 0.35416666666666663 1276
1.0 0.35416666666666663 561
0.0 0.375 1214
0.041666666666666664 0.375 1213
0.08333333333333333 0.375 1251
0.125 0.375 1242
0.16666666666666666 0.375 1235
0.20833333333333331 0.375 1253
0.25 0.375 1242
0.29166666666666663 0.375 1233
0.3333333333333333 0.375 1195
0.375 0.375 1152
0.41666666666666663 0.375 1153
0.4583333333333333 0.375 1228
0.5 0.375 1128
0.5416666666666666 0.375 1312
0.5833333333333333 0.375 1030
0.625 0.375 1074
0.6666666666666666 0.375 1004
0.7083333333333333 0.375 1282
0.75 0.375 1259
0.7916666666666666 0.375 1318
0.8333333333333333 0.375 1242
0.875 0.375 1183
0.9166666666666666 0.375 738
0.9583333333333333 0.375 1066
1.0 0.375 777
0.0 0.3958333333333333 1297
0.041666666666666664 0.3958333333333333 1176
0.08333333333333333 0.3958333333333333 1191
0.125 0.3958333333333333 1263
0.16666666666666666 0.3958333333333333 1264
0.20833333333333331 0.3958333333333333 1161
0.25 0.3958333333333333 1259
0.29166666666666663 0.3958333333333333 1187
0.3333333333333333 0.3958333333333333 1207
0.375 0.3958333333333333 1142
0.41666666666666663 0.3958333333333333 1111
0.4583333333333333 0.3958333333333333 1271
0.5 0.3958333333333333 1309
0.5416666666666666 0.3958333333333333 1164
0.5833333333333333 0.3958333333333333 1306
0.625 0.3958333333333333 1090
0.6666666666666666 0.3958333333333333 1177
0.7083333333333333 0.3958333333333333 1233
0.75 0.3958333333333333 1006
0.7916666666666666 0.3958333333333333 1
0.8333333333333333 0.3958333333333333 1260
0.875 0.3958333333333333 785
0.9166666666666666 0.3958333333333333 1236
0.9583333333333333 0.3958333333333333 1268
1.0 0.3958333333333333 1272
0.0 0.41666666666666663 1224
0.041666666666666664 0.41666666666666663 1266
0.08333333333333333 0.41666666666666663 1239
0.125 0.41666666666666663 1252
0.16666666666666666 0.41666666666666663 1286
0.20833333333333331 0.41666666666666663 1175
0.25 0.41666666666666663 1332
0.29166666666666663 0.41666666666666663 1159
0.3333333333333333 0.41666666666666663 1289
0.375 0.41666666666666663 1175
0.41666666666666663 0.41666666666666663 1316
0.4583333333333333 0.41666666666666663 1162
0.5 0.41666666666666663 1241
0.5416666666666666 0.41666666666666663 1099
0.5833333333333333 0.41666666666666663 1203
0.625 0.41666666666666663 1129
0.6666666666666666 0.41666666666666663 1074
0.7083333333333333 0.41666666666666663 1000
0.75 0.41666666666666663 1188
0.7916666666666666 0.41666666666666663 1237
0.8333333333333333 0.41666666666666663 1287
0.875 0.41666666666666663 1140
0.9166666666666666 0.41666666666666663 1312
0.9583333333333333 0.41666666666666663 1071
1.0 0.41666666666666663 690
0.0 0.4375 1171
0.041666666666666664 0.4375 1242
0.08333333333333333 0.4375 1208
0.125 0.4375 1257
0.16666666666666666 0.4375 1188
0.20833333333333331 0.4375 1228
0.25 0.4375 1231
0.29166666666666663 0.4375 1184
0.3333333333333333 0.4375 1271
0.375 0.4375 1207
0.41666666666666663 0.4375 1117
0.4583333333333333 0.4375 1208
0.5 0.4375 1172
0.5416666666666666 0.4375 1273
0.5833333333333333 0.4375 1303
0.625 0.4375 1317
0.6666666666666666 0.4375 1313
0.7083333333333333 0.4375 1267
0.75 0.4375 1331
0.7916666666666666 0.4375 1283
0.8333333333333333 0.4375 828
0.875 0.4375 875
0.9166666666666666 0.4375 1259
0.9583333333333333 0.4375 1035
1.0 0.4375 1220
0.0 0.4583333333333333 1248
0.041666666666666664 0.4583333333333333 1219
0.08333333333333333 0.4583333333333333 1289
0.125 0.4583333333333333 1237
0.16666666666666666 0.4583333333333333 1304
0.20833333333333331 0.4583333333333333 1286
0.25 0.4583333333333333 1262
0.29166666666666663 0.4583333333333333 1219
0.3333333333333333 0.4583333333333333 1111
0.375 0.4583333333333333 1190
0.41666666666666663 0.4583333333333333 1172
0.4583333333333333 0.4583333333333333 1338
0.5 0.4583333333333333 1126
0.5416666666666666 0.4583333333333333 1303
0.5833333333333333 0.4583333333333333 1119
0.625 0.4583333333333333 1196
0.6666666666666666 0.4583333333333333 1320
0.7083333333333333 0.4583333333333333 1254
0.75 0.4583333333333333 1181
0.7916666666666666 0.4583333333333333 1161
0.8333333333333333 0.4583333333333333 954
0.875 0.4583333333333333 1191
0.9166666666666666 0.4583333333333333 1246
0.9583333333333333 0.4583333333333333 1128
1.0 0.4583333333333333 1300
0.0 0.47916666666666663 1305
0.041666666666666664 0.47916666666666663 1277
0.08333333333333333 0.47916666666666663 1183
0.125 0.47916666666666663 1251
0.16666666666666666 0.47916666666666663 1222
0.20833333333333331 0.47916666666666663 1286
0.25 0.47916666666666663 1226
0.29166666666666663 0.47916666666666663 1267
0.3333333333333333 0.47916666666666663 1322
0.375 0.47916666666666663 1327
0.41666666666666663 0.47916666666666663 1257
0.4583333333333333 0.47916666666666663 1240
0.5 0.47916666666666663 1141
0.5416666666666666 0.47916666666666663 1204
0.5833333333333333 0.47916666666666663 1265
0.625 0.47916666666666663 1258
0.6666666666666666 0.47916666666666663 1287
0.7083333333333333 0.47916666666666663 1152
0.75 0.47916666666666663 1275
0.7916666666666666 0.47916666666666663 1252
0.8333333333333333 0.47916666666666663 1292
0.875 0.47916666666666663 1214
0.9166666666666666 0.47916666666666663 960
0.9583333333333333 0.47916666666666663 948
1.0 0.47916666666666663 1067
0.0 0.5 1218
0.041666666666666664 0.5 1188
0.08333333333333333 0.5 1338
0.125 0.5 1322
0.16666666666666666 0.5 1249
0.20833333333333331 0.5 1217
0.25 0.5 1229
0.29166666666666663 0.5 1149
0.3333333333333333 0.5 1242
0.375 0.5 1322
0.41666666666666663 0.5 1173
0.4583333333333333 0.5 1284
0.5 0.5 1196
0.5416666666666666 0.5 1300
0.5833333333333333 0.5 1246
0.625 0.5 1033
0.6666666666666666 0.5 1248
0.7083333333333333 0.5 1273
0.75 0.5 1128
0.7916666666666666 0.5 1297
0.8333333333333333 0.5 1119
0.875 0.5 1261
0.9166666666666666 0.5 1278
0.9583333333333333 0.5 1220
1.0 0.5 1217
