0.0 0.0 1272
0.041666666666666664 0.0 1250
0.08333333333333333 0.0 1165
0.125 0.0 1120
0.16666666666666666 0.0 1218
0.20833333333333331 0.0 1216
0.25 0.0 1172
0.29166666666666663 0.0 1197
0.3333333333333333 0.0 1200
0.375 0.0 1091
0.41666666666666663 0.0 1205
0.4583333333333333 0.0 1135
0.5 0.0 1088
0.5416666666666666 0.0 1031
0.5833333333333333 0.0 1061
0.625 0.0 1017
0.6666666666666666 0.0 957
0.7083333333333333 0.0 963
0.75 0.0 912
0.7916666666666666 0.0 758
0.8333333333333333 0.0 727
0.875 0.0 0
0.9166666666666666 0.0 419
0.9583333333333333 0.0 184
1.0 0.0 0
0.0 0.020833333333333332 1322
0.041666666666666664 0.020833333333333332 1273
0.08333333333333333 0.020833333333333332 1252
0.125 0.020833333333333332 1243
0.16666666666666666 0.020833333333333332 1141
0.20833333333333331 0.020833333333333332 1119
0.25 0.020833333333333332 1152
0.29166666666666663 0.020833333333333332 1286
0.3333333333333333 0.020833333333333332 1192
0.375 0.020833333333333332 1098
0.41666666666666663 0.020833333333333332 1075
0.4583333333333333 0.020833333333333332 1044
0.5 0.020833333333333332 1028
0.5416666666666666 0.020833333333333332 1057
0.5833333333333333 0.020833333333333332 1078
0.625 0.020833333333333332 956
0.6666666666666666 0.020833333333333332 941
0.7083333333333333 0.020833333333333332 932
0.75 0.020833333333333332 867
0.7916666666666666 0.020833333333333332 792
0.8333333333333333 0.020833333333333332 727
0.875 0.020833333333333332 557
0.9166666666666666 0.020833333333333332 451
0.9583333333333333 0.020833333333333332 209
1.0 0.020833333333333332 67
0.0 0.041666666666666664 1142
0.041666666666666664 0.041666666666666664 1190
0.08333333333333333 0.041666666666666664 1252
0.125 0.041666666666666664 1193
0.16666666666666666 0.041666666666666664 1200
0.20833333333333331 0.041666666666666664 1176
0.25 0.041666666666666664 1180
0.29166666666666663 0.041666666666666664 1161
0.3333333333333333 0.041666666666666664 1128
0.375 0.041666666666666664 1202
0.41666666666666663 0.041666666666666664 1125
0.4583333333333333 0.041666666666666664 1018
0.5 0.041666666666666664 1062
0.5416666666666666 0.041666666666666664 1084
0.5833333333333333 0.041666666666666664 1010
0.625 0.041666666666666664 945
0.6666666666666666 0.041666666666666664 976
0.7083333333333333 0.041666666666666664 923
0.75 0.041666666666666664 850
0.7916666666666666 0.041666666666666664 780
0.8333333333333333 0.041666666666666664 718
0.875 0.041666666666666664 577
0.9166666666666666 0.041666666666666664 548
0.9583333333333333 0.041666666666666664 284
1.0 0.041666666666666664 592
0.0 0.0625 1255
0.041666666666666664 0.0625 1267
0.08333333333333333 0.0625 1213
0.125 0.0625 1154
0.16666666666666666 0.0625 1189
0.20833333333333331 0.0625 1259
0.25 0.0625 1163
0.29166666666666663 0.0625 1147
0.3333333333333333 0.0625 1221
0.375 0.0625 1112
0.41666666666666663 0.0625 1146
0.4583333333333333 0.0625 1083
0.5 0.0625 1106
0.5416666666666666 0.0625 1070
0.5833333333333333 0.0625 1131
0.625 0.0625 994
0.6666666666666666 0.0625 1026
0.7083333333333333 0.0625 890
0.75 0.0625 830
0.7916666666666666 0.0625 863
0.8333333333333333 0.0625 795
0.875 0.0625 645
0.9166666666666666 0.0625 484
0.9583333333333333 0.0625 270
1.0 0.0625 231
0.0 0.08333333333333333 1127
0.041666666666666664 0.08333333333333333 1243
0.08333333333333333 0.08333333333333333 1239
0.125 0.08333333333333333 1339
0.16666666666666666 0.08333333333333333 1270
0.20833333333333331 0.08333333333333333 1273
0.25 0.08333333333333333 1131
0.29166666666666663 0.08333333333333333 1204
0.3333333333333333 0.08333333333333333 1185
0.375 0.08333333333333333 1102
0.41666666666666663 0.08333333333333333 1029
0.4583333333333333 0.08333333333333333 1152
0.5 0.08333333333333333 1150
0.5416666666666666 0.08333333333333333 1066
0.5833333333333333 0.08333333333333333 1019
0.625 0.08333333333333333 996
0.6666666666666666 0.08333333333333333 1054
0.7083333333333333 0.08333333333333333 912
0.75 0.08333333333333333 908
0.7916666666666666 0.08333333333333333 781
0.8333333333333333 0.08333333333333333 837
0.875 0.08333333333333333 625
0.9166666666666666 0.08333333333333333 495
0.9583333333333333 0.08333333333333333 843
1.0 0.08333333333333333 588
0.0 0.10416666666666666 1285
0.041666666666666664 0.10416666666666666 1230
0.08333333333333333 0.10416666666666666 1226
0.125 0.10416666666666666 1088
0.16666666666666666 0.10416666666666666 1318
0.20833333333333331 0.10416666666666666 1185
0.25 0.10416666666666666 1204
0.29166666666666663 0.10416666666666666 1199
0.3333333333333333 0.10416666666666666 1109
0.375 0.10416666666666666 1133
0.41666666666666663 0.10416666666666666 1057
0.4583333333333333 0.10416666666666666 1189
0.5 0.10416666666666666 1112
0.5416666666666666 0.10416666666666666 1062
0.5833333333333333 0.10416666666666666 1030
0.625 0.10416666666666666 976
0.6666666666666666 0.10416666666666666 971
0.7083333333333333 0.10416666666666666 903
0.75 0.10416666666666666 931
0.7916666666666666 0.10416666666666666 812
0.8333333333333333 0.10416666666666666 844
0.875 0.10416666666666666 693
0.9166666666666666 0.10416666666666666 512
0.9583333333333333 0.10416666666666666 597
1.0 0.10416666666666666 290
0.0 0.125 1245
0.041666666666666664 0.125 1247
0.08333333333333333 0.125 1130
0.125 0.125 1301
0.16666666666666666 0.125 1199
0.20833333333333331 0.125 1271
0.25 0.125 1222
0.29166666666666663 0.125 1179
0.3333333333333333 0.125 1150
0.375 0.125 1130
0.41666666666666663 0.125 1157
0.4583333333333333 0.125 1202
0.5 0.125 1039
0.5416666666666666 0.125 1070
0.5833333333333333 0.125 1009
0.625 0.125 967
0.6666666666666666 0.125 963
0.7083333333333333 0.125 1035
0.75 0.125 895
0.7916666666666666 0.125 886
0.8333333333333333 0.125 802
0.875 0.125 693
0.9166666666666666 0.125 523
0.9583333333333333 0.125 284
1.0 0.125 1035
0.0 0.14583333333333331 1186
0.041666666666666664 0.14583333333333331 1354
0.08333333333333333 0.14583333333333331 1295
0.125 0.14583333333333331 1252
0.16666666666666666 0.14583333333333331 1287
0.20833333333333331 0.14583333333333331 1146
0.25 0.14583333333333331 1248
0.29166666666666663 0.14583333333333331 1171
0.3333333333333333 0.14583333333333331 1141
0.375 0.14583333333333331 1199
0.41666666666666663 0.14583333333333331 1124
0.4583333333333333 0.14583333333333331 1027
0.5 0.14583333333333331 1143
0.5416666666666666 0.14583333333333331 1085
0.5833333333333333 0.14583333333333331 1139
0.625 0.14583333333333331 972
0.6666666666666666 0.14583333333333331 950
0.7083333333333333 0.14583333333333331 1009
0.75 0.14583333333333331 1105
0.7916666666666666 0.14583333333333331 825
0.8333333333333333 0.14583333333333331 911
0.875 0.14583333333333331 659
0.9166666666666666 0.14583333333333331 854
0.9583333333333333 0.14583333333333331 435
1.0 0.14583333333333331 997
0.0 0.16666666666666666 1266
0.041666666666666664 0.16666666666666666 1115
0.08333333333333333 0.16666666666666666 1206
0.125 0.16666666666666666 1265
0.16666666666666666 0.16666666666666666 1216
0.20833333333333331 0.16666666666666666 1128
0.25 0.16666666666666666 1253
0.29166666666666663 0.16666666666666666 1173
0.3333333333333333 0.16666666666666666 1196
0.375 0.16666666666666666 1126
0.41666666666666663 0.16666666666666666 1168
0.4583333333333333 0.16666666666666666 1163
0.5 0.16666666666666666 1073
0.5416666666666666 0.16666666666666666 1049
0.5833333333333333 0.16666666666666666 1057
0.625 0.16666666666666666 1049
0.6666666666666666 0.16666666666666666 1007
0.7083333333333333 0.16666666666666666 898
0.75 0.16666666666666666 879
0.7916666666666666 0.16666666666666666 924
0.8333333333333333 0.16666666666666666 884
0.875 0.16666666666666666 1075
0.9166666666666666 0.16666666666666666 1090
0.9583333333333333 0.16666666666666666 763
1.0 0.16666666666666666 1066
0.0 0.1875 1162
0.041666666666666664 0.1875 1311
0.08333333333333333 0.1875 1258
0.125 0.1875 1262
0.16666666666666666 0.1875 1189
0.20833333333333331 0.1875 1251
0.25 0.1875 1125
0.29166666666666663 0.1875 1173
0.3333333333333333 0.1875 1176
0.375 0.1875 1197
0.41666666666666663 0.1875 1128
0.4583333333333333 0.1875 1146
0.5 0.1875 1092
0.5416666666666666 0.1875 1153
0.5833333333333333 0.1875 1022
0.625 0.1875 1072
0.6666666666666666 0.1875 1020
0.7083333333333333 0.1875 945
0.75 0.1875 988
0.7916666666666666 0.1875 1057
0.8333333333333333 0.1875 1084
0.875 0.1875 739
0.9166666666666666 0.1875 1170
0.9583333333333333 0.1875 604
1.0 0.1875 1044
0.0 0.20833333333333331 1338
0.041666666666666664 0.20833333333333331 1185
0.08333333333333333 0.20833333333333331 1259
0.125 0.20833333333333331 1254
0.16666666666666666 0.20833333333333331 1194
0.20833333333333331 0.20833333333333331 1222
0.25 0.20833333333333331 1232
0.29166666666666663 0.20833333333333331 1183
0.3333333333333333 0.20833333333333331 1230
0.375 0.20833333333333331 1100
0.41666666666666663 0.20833333333333331 1229
0.4583333333333333 0.20833333333333331 1088
0.5 0.20833333333333331 1165
0.5416666666666666 0.20833333333333331 1028
0.5833333333333333 0.20833333333333331 1089
0.625 0.20833333333333331 1021
0.6666666666666666 0.20833333333333331 1193
0.7083333333333333 0.20833333333333331 974
0.75 0.20833333333333331 1016
0.7916666666666666 0.20833333333333331 966
0.8333333333333333 0.20833333333333331 744
0.875 0.20833333333333331 1063
0.9166666666666666 0.20833333333333331 515
0.9583333333333333 0.20833333333333331 1162
1.0 0.20833333333333331 1220
0.0 0.22916666666666666 1274
0.041666666666666664 0.22916666666666666 1205
0.08333333333333333 0.22916666666666666 1223
0.125 0.22916666666666666 1319
0.16666666666666666 0.22916666666666666 1158
0.20833333333333331 0.22916666666666666 1139
0.25 0.22916666666666666 1253
0.29166666666666663 0.22916666666666666 1247
0.3333333333333333 0.22916666666666666 1215
0.375 0.22916666666666666 1125
0.41666666666666663 0.22916666666666666 1168
0.4583333333333333 0.22916666666666666 1115
0.5 0.22916666666666666 1041
0.5416666666666666 0.22916666666666666 1220
0.5833333333333333 0.22916666666666666 1017
0.625 0.22916666666666666 1221
0.6666666666666666 0.22916666666666666 1277
0.7083333333333333 0.22916666666666666 909
0.75 0.22916666666666666 937
0.7916666666666666 0.22916666666666666 1067
0.8333333333333333 0.22916666666666666 882
0.875 0.22916666666666666 718
0.9166666666666666 0.22916666666666666 1221
0.9583333333333333 0.22916666666666666 973
1.0 0.22916666666666666 362
0.0 0.25 1251
0.041666666666666664 0.25 1302
0.08333333333333333 0.25 1205
0.125 0.25 1216
0.16666666666666666 0.25 1176
0.20833333333333331 0.25 1212
0.25 0.25 1260
0.29166666666666663 0.25 1181
0.3333333333333333 0.25 1174
0.375 0.25 1164
0.41666666666666663 0.25 1141
0.4583333333333333 0.25 1135
0.5 0.25 1190
0.5416666666666666 0.25 1152
0.5833333333333333 0.25 1088
0.625 0.25 1103
0.6666666666666666 0.25 1022
0.7083333333333333 0.25 1185
0.75 0.25 1221
0.7916666666666666 0.25 869
0.8333333333333333 0.25 723
0.875 0.25 772
0.9166666666666666 0.25 843
0.9583333333333333 0.25 1181
1.0 0.25 1081
0.0 0.2708333333333333 1301
0.041666666666666664 0.2708333333333333 1246
0.08333333333333333 0.2708333333333333 1269
0.125 0.2708333333333333 0
0.16666666666666666 0.2708333333333333 1208
0.20833333333333331 0.2708333333333333 1183
0.25 0.2708333333333333 1132
0.29166666666666663 0.2708333333333333 1175
0.3333333333333333 0.2708333333333333 1278
0.375 0.2708333333333333 1165
0.41666666666666663 0.2708333333333333 1125
0.4583333333333333 0.2708333333333333 1206
0.5 0.2708333333333333 1107
0.5416666666666666 0.2708333333333333 1118
0.5833333333333333 0.2708333333333333 1181
0.625 0.2708333333333333 1046
0.6666666666666666 0.2708333333333333 1168
0.7083333333333333 0.2708333333333333 1014
0.75 0.2708333333333333 990
0.7916666666666666 0.2708333333333333 1002
0.8333333333333333 0.2708333333333333 777
0.875 0.2708333333333333 1269
0.9166666666666666 0.2708333333333333 772
0.9583333333333333 0.2708333333333333 1128
1.0 0.2708333333333333 1253
0.0 0.29166666666666663 1268
0.041666666666666664 0.29166666666666663 1281
0.08333333333333333 0.29166666666666663 1200
0.125 0.29166666666666663 1296
0.16666666666666666 0.29166666666666663 1213
0.20833333333333331 0.29166666666666663 1205
0.25 0.29166666666666663 1352
0.29166666666666663 0.29166666666666663 1224
0.3333333333333333 0.29166666666666663 1225
0.375 0.29166666666666663 1107
0.41666666666666663 0.29166666666666663 1175
0.4583333333333333 0.29166666666666663 1241
0.5 0.29166666666666663 1271
0.5416666666666666 0.29166666666666663 1155
0.5833333333333333 0.29166666666666663 1118
0.625 0.29166666666666663 1290
0.6666666666666666 0.29166666666666663 1219
0.7083333333333333 0.29166666666666663 964
0.75 0.29166666666666663 940
0.7916666666666666 0.29166666666666663 1255
0.8333333333333333 0.29166666666666663 1269
0.875 0.29166666666666663 1245
0.9166666666666666 0.29166666666666663 1261
0.9583333333333333 0.29166666666666663 683
1.0 0.29166666666666663 1188
0.0 0.3125 1260
0.041666666666666664 0.3125 1302
0.08333333333333333 0.3125 1215
0.125 0.3125 1236
0.16666666666666666 0.3125 1216
0.20833333333333331 0.3125 1203
0.25 0.3125 1219
0.29166666666666663 0.3125 1125
0.3333333333333333 0.3125 1242
0.375 0.3125 1197
0.41666666666666663 0.3125 1165
0.4583333333333333 0.3125 1290
0.5 0.3125 1307
0.5416666666666666 0.3125 1069
0.5833333333333333 0.3125 1072
0.625 0.3125 971
0.6666666666666666 0.3125 1302
0.7083333333333333 0.3125 1189
0.75 0.3125 1289
0.7916666666666666 0.3125 1155
0.8333333333333333 0.3125 1288
0.875 0.3125 808
0.9166666666666666 0.3125 816
0.9583333333333333 0.3125 506
1.0 0.3125 1312
0.0 0.3333333333333333 1295
0.041666666666666664 0.3333333333333333 1229
0.08333333333333333 0.3333333333333333 1290
0.125 0.3333333333333333 1164
0.16666666666666666 0.3333333333333333 1217
0.20833333333333331 0.3333333333333333 1173
0.25 0.3333333333333333 1185
0.29166666666666663 0.3333333333333333 0
0.3333333333333333 0.3333333333333333 1274
0.375 0.3333333333333333 1220
0.41666666666666663 0.3333333333333333 1175
0.4583333333333333 0.3333333333333333 1183
0.5 0.3333333333333333 1145
0.5416666666666666 0.3333333333333333 1132
0.5833333333333333 0.3333333333333333 1170
0.625 0.3333333333333333 1268
0.6666666666666666 0.3333333333333333 1098
0.7083333333333333 0.3333333333333333 1195
0.75 0.3333333333333333 1230
0.7916666666666666 0.3333333333333333 1155
0.8333333333333333 0.3333333333333333 768
0.875 0.3333333333333333 1274
0.9166666666666666 0.3333333333333333 669
0.9583333333333333 0.3333333333333333 843
1.0 0.3333333333333333 1139
0.0 0.35416666666666663 1338
0.041666666666666664 0.35416666666666663 1269
0.08333333333333333 0.35416666666666663 1274
0.125 0.35416666666666663 1234
0.16666666666666666 0.35416666666666663 1168
0.20833333333333331 0.35416666666666663 1210
0.25 0.35416666666666663 1194
0.29166666666666663 0.35416666666666663 1173
0.3333333333333333 0.35416666666666663 1194
0.375 0.35416666666666663 1215
0.41666666666666663 0.35416666666666663 1217
0.4583333333333333 0.35416666666666663 1190
0.5 0.35416666666666663 1119
0.5416666666666666 0.35416666666666663 1092
0.5833333333333333 0.35416666666666663 1303
0.625 0.35416666666666663 996
0.6666666666666666 0.35416666666666663 965
0.7083333333333333 0.35416666666666663 1278
0.75 0.35416666666666663 1078
0.7916666666666666 0.35416666666666663 1166
0.8333333333333333 0.35416666666666663 827
0.875 0.35416666666666663 774
0.9166666666666666 0.35416666666666663 1290
0.9583333333333333 0.35416666666666663 1223
1.0 0.35416666666666663 1162
0.0 0.375 1196
0.041666666666666664 0.375 1234
0.08333333333333333 0.375 1248
0.125 0.375 1148
0.16666666666666666 0.375 1216
0.20833333333333331 0.375 1253
0.25 0.375 1190
0.29166666666666663 0.375 1208
0.3333333333333333 0.375 1175
0.375 0.375 1118
0.41666666666666663 0.375 1159
0.4583333333333333 0.375 1190
0.5 0.375 1115
0.5416666666666666 0.375 1141
0.5833333333333333 0.375 1276
0.625 0.375 1283
0.6666666666666666 0.375 1056
0.7083333333333333 0.375 1017
0.75 0.375 1024
0.7916666666666666 0.375 947
0.8333333333333333 0.375 1259
0.875 0.375 1206
0.9166666666666666 0.375 1271
0.9583333333333333 0.375 1263
1.0 0.375 833
0.0 0.3958333333333333 1289
0.041666666666666664 0.3958333333333333 1183
0.08333333333333333 0.3958333333333333 1281
0.125 0.3958333333333333 1153
0.16666666666666666 0.3958333333333333 1257
0.20833333333333331 0.3958333333333333 1117
0.25 0.3958333333333333 1253
0.29166666666666663 0.3958333333333333 1280
0.3333333333333333 0.3958333333333333 1269
0.375 0.3958333333333333 1345
0.41666666666666663 0.3958333333333333 1126
0.4583333333333333 0.3958333333333333 1194
0.5 0.3958333333333333 1124
0.5416666666666666 0.3958333333333333 1132
0.5833333333333333 0.3958333333333333 1277
0.625 0.3958333333333333 1277
0.6666666666666666 0.3958333333333333 1100
0.7083333333333333 0.3958333333333333 1092
0.75 0.3958333333333333 1248
0.7916666666666666 0.3958333333333333 888
0.8333333333333333 0.3958333333333333 1302
0.875 0.3958333333333333 1071
0.9166666666666666 0.3958333333333333 1254
0.9583333333333333 0.3958333333333333 990
1.0 0.3958333333333333 980
0.0 0.41666666666666663 1147
0.041666666666666664 0.41666666666666663 1172
0.08333333333333333 0.41666666666666663 1185
0.125 0.41666666666666663 1231
0.16666666666666666 0.41666666666666663 1282
0.20833333333333331 0.41666666666666663 1182
0.25 0.41666666666666663 1261
0.29166666666666663 0.41666666666666663 1308
0.3333333333333333 0.41666666666666663 1289
0.375 0.41666666666666663 1285
0.41666666666666663 0.41666666666666663 1063
0.4583333333333333 0.41666666666666663 1253
0.5 0.41666666666666663 1170
0.5416666666666666 0.41666666666666663 1280
0.5833333333333333 0.41666666666666663 1107
0.625 0.41666666666666663 1024
0.6666666666666666 0.41666666666666663 1203
0.7083333333333333 0.41666666666666663 1249
0.75 0.41666666666666663 1365
0.7916666666666666 0.41666666666666663 1265
0.8333333333333333 0.41666666666666663 1106
0.875 0.41666666666666663 813
0.9166666666666666 0.41666666666666663 1167
0.9583333333333333 0.41666666666666663 1290
1.0 0.41666666666666663 1179
0.0 0.4375 1255
0.041666666666666664 0.4375 1255
0.08333333333333333 0.4375 1334
0.125 0.4375 1154
0.16666666666666666 0.4375 1255
0.20833333333333331 0.4375 1211
0.25 0.4375 1226
0.29166666666666663 0.4375 1245
0.3333333333333333 0.4375 1343
0.375 0.4375 1144
0.41666666666666663 0.4375 1152
0.4583333333333333 0.4375 1263
0.5 0.4375 1149
0.5416666666666666 0.4375 1079
0.5833333333333333 0.4375 1091
0.625 0.4375 1281
0.6666666666666666 0.4375 1043
0.7083333333333333 0.4375 1303
0.75 0.4375 1000
0.7916666666666666 0.4375 1162
0.8333333333333333 0.4375 1311
0.875 0.4375 857
0.9166666666666666 0.4375 1102
0.9583333333333333 0.4375 802
1.0 0.4375 1263
0.0 0.4583333333333333 1290
0.041666666666666664 0.4583333333333333 1227
0.08333333333333333 0.4583333333333333 1289
0.125 0.4583333333333333 1220
0.16666666666666666 0.4583333333333333 1286
0.20833333333333331 0.4583333333333333 1339
0.25 0.4583333333333333 1279
0.29166666666666663 0.4583333333333333 1313
0.3333333333333333 0.4583333333333333 1127
0.375 0.4583333333333333 1352
0.41666666666666663 0.4583333333333333 1304
0.4583333333333333 0.4583333333333333 1256
0.5 0.4583333333333333 1323
0.5416666666666666 0.4583333333333333 1103
0.5833333333333333 0.4583333333333333 1271
0.625 0.4583333333333333 1072
0.6666666666666666 0.4583333333333333 1089
0.7083333333333333 0.4583333333333333 1316
0.75 0.4583333333333333 974
0.7916666666666666 0.4583333333333333 1298
0.8333333333333333 0.4583333333333333 1137
0.875 0.4583333333333333 1120
0.9166666666666666 0.4583333333333333 1233
0.9583333333333333 0.4583333333333333 1287
1.0 0.4583333333333333 1184
0.0 0.47916666666666663 1303
0.041666666666666664 0.47916666666666663 1131
0.08333333333333333 0.47916666666666663 1220
0.125 0.47916666666666663 1197
0.16666666666666666 0.47916666666666663 1174
0.20833333333333331 0.47916666666666663 1269
0.25 0.47916666666666663 1316
0.29166666666666663 0.47916666666666663 1201
0.3333333333333333 0.47916666666666663 1117
0.375 0.47916666666666663 1152
0.41666666666666663 0.47916666666666663 1180
0.4583333333333333 0.47916666666666663 1199
0.5 0.47916666666666663 1170
0.5416666666666666 0.47916666666666663 1276
0.5833333333333333 0.47916666666666663 1198
0.625 0.47916666666666663 1076
0.6666666666666666 0.47916666666666663 1170
0.7083333333333333 0.47916666666666663 1299
0.75 0.47916666666666663 1016
0.7916666666666666 0.47916666666666663 1162
0.8333333333333333 0.47916666666666663 840
0.875 0.47916666666666663 1304
0.9166666666666666 0.47916666666666663 1387
0.9583333333333333 0.47916666666666663 1171
1.0 0.47916666666666663 995
0.0 0.5 1280
0.041666666666666664 0.5 1249
0.08333333333333333 0.5 1208
0.125 0.5 1216
0.16666666666666666 0.5 1156
0.20833333333333331 0.5 1329
0.25 0.5 1272
0.29166666666666663 0.5 1186
0.3333333333333333 0.5 1202
0.375 0.5 1292
0.41666666666666663 0.5 1292
0.4583333333333333 0.5 1276
0.5 0.5 1274
0.5416666666666666 0.5 1132
0.5833333333333333 0.5 1203
0.625 0.5 1080
0.6666666666666666 0.5 1006
0.7083333333333333 0.5 1022
0.75 0.5 1290
0.7916666666666666 0.5 1274
0.8333333333333333 0.5 871
0.875 0.5 1094
0.9166666666666666 0.5 1291
0.9583333333333333 0.5 1189
1.0 0.5 799
