0.0 0.0 1180
0.041666666666666664 0.0 1275
0.08333333333333333 0.0 1231
0.125 0.0 1
0.16666666666666666 0.0 1169
0.20833333333333331 0.0 1113
0.25 0.0 1183
0.29166666666666663 0.0 1079
0.3333333333333333 0.0 0
0.375 0.0 1088
0.41666666666666663 0.0 1122
0.4583333333333333 0.0 1139
0.5 0.0 1051
0.5416666666666666 0.0 1108
0.5833333333333333 0.0 994
0.625 0.0 1015
0.6666666666666666 0.0 902
0.7083333333333333 0.0 911
0.75 0.0 809
0.7916666666666666 0.0 755
0.8333333333333333 0.0 653
0.875 0.0 571
0.9166666666666666 0.0 411
0.9583333333333333 0.0 200
1.0 0.0 0
0.0 0.020833333333333332 1257
0.041666666666666664 0.020833333333333332 1188
0.08333333333333333 0.020833333333333332 1307
0.125 0.020833333333333332 1221
0.16666666666666666 0.020833333333333332 1140
0.20833333333333331 0.020833333333333332 1181
0.25 0.020833333333333332 1165
0.29166666666666663 0.020833333333333332 1259
0.3333333333333333 0.020833333333333332 1099
0.375 0.020833333333333332 1047
0.41666666666666663 0.020833333333333332 1132
0.4583333333333333 0.020833333333333332 1054
0.5 0.020833333333333332 1108
0.5416666666666666 0.020833333333333332 1055
0.5833333333333333 0.020833333333333332 974
0.625 0.020833333333333332 977
0.6666666666666666 0.020833333333333332 977
0.7083333333333333 0.020833333333333332 888
0.75 0.020833333333333332 878
0.7916666666666666 0.020833333333333332 777
0.8333333333333333 0.020833333333333332 738
0.875 0.020833333333333332 597
0.9166666666666666 0.020833333333333332 473
0.9583333333333333 0.020833333333333332 191
1.0 0.020833333333333332 167
0.0 0.041666666666666664 1227
0.041666666666666664 0.041666666666666664 1277
0.08333333333333333 0.041666666666666664 1178
0.125 0.041666666666666664 1235
0.16666666666666666 0.041666666666666664 1142
0.20833333333333331 0.041666666666666664 1212
0.25 0.041666666666666664 1120
0.29166666666666663 0.041666666666666664 1133
0.3333333333333333 0.041666666666666664 1227
0.375 0.041666666666666664 1135
0.41666666666666663 0.041666666666666664 1100
0.4583333333333333 0.041666666666666664 1130
0.5 0.041666666666666664 1057
0.5416666666666666 0.041666666666666664 1068
0.5833333333333333 0.041666666666666664 1036
0.625 0.041666666666666664 1058
0.6666666666666666 0.041666666666666664 931
0.7083333333333333 0.041666666666666664 920
0.75 0.041666666666666664 829
0.7916666666666666 0.041666666666666664 777
0.8333333333333333 0.041666666666666664 772
0.875 0.041666666666666664 606
0.9166666666666666 0.041666666666666664 602
0.9583333333333333 0.041666666666666664 225
1.0 0.041666666666666664 292
0.0 0.0625 1163
0.041666666666666664 0.0625 1283
0.08333333333333333 0.0625 1300
0.125 0.0625 1125
0.16666666666666666 0.0625 1229
0.20833333333333331 0.0625 1217
0.25 0.0625 1249
0.29166666666666663 0.0625 1122
0.3333333333333333 0.0625 1065
0.375 0.0625 1198
0.41666666666666663 0.0625 1142
0.4583333333333333 0.0625 1124
0.5 0.0625 1153
0.5416666666666666 0.0625 1090
0.5833333333333333 0.0625 1018
0.625 0.0625 1034
0.6666666666666666 0.0625 974
0.7083333333333333 0.0625 939
0.75 0.0625 833
0.7916666666666666 0.0625 782
0.8333333333333333 0.0625 710
0.875 0.0625 761
0.9166666666666666 0.0625 520
0.9583333333333333 0.0625 315
1.0 0.0625 174
0.0 0.08333333333333333 1261
0.041666666666666664 0.08333333333333333 1304
0.08333333333333333 0.08333333333333333 1237
0.125 0.08333333333333333 1249
0.16666666666666666 0.08333333333333333 1178
0.20833333333333331 0.08333333333333333 1117
0.25 0.08333333333333333 1162
0.29166666666666663 0.08333333333333333 1153
0.3333333333333333 0.08333333333333333 1144
0.375 0.08333333333333333 1164
0.41666666666666663 0.08333333333333333 1032
0.4583333333333333 0.08333333333333333 1070
0.5 0.08333333333333333 1139
0.5416666666666666 0.08333333333333333 1085
0.5833333333333333 0.08333333333333333 991
0.625 0.08333333333333333 1083
0.6666666666666666 0.08333333333333333 974
0.7083333333333333 0.08333333333333333 956
0.75 0.08333333333333333 986
0.7916666666666666 0.08333333333333333 837
0.8333333333333333 0.08333333333333333 717
0.875 0.08333333333333333 638
0.9166666666666666 0.08333333333333333 556
0.9583333333333333 0.08333333333333333 282
1.0 0.08333333333333333 326
0.0 0.10416666666666666 1254
0.041666666666666664 0.10416666666666666 1285
0.08333333333333333 0.10416666666666666 1172
0.125 0.10416666666666666 1230
0.16666666666666666 0.10416666666666666 1198
0.20833333333333331 0.10416666666666666 1149
0.25 0.10416666666666666 1192
0.29166666666666663 0.10416666666666666 1224
0.3333333333333333 0.10416666666666666 1126
0.375 0.10416666666666666 1056
0.41666666666666663 0.10416666666666666 1078
0.4583333333333333 0.10416666666666666 1156
0.5 0.10416666666666666 1124
0.5416666666666666 0.10416666666666666 1084
0.5833333333333333 0.10416666666666666 995
0.625 0.10416666666666666 1100
0.6666666666666666 0.10416666666666666 1025
0.7083333333333333 0.10416666666666666 968
0.75 0.10416666666666666 893
0.7916666666666666 0.10416666666666666 860
0.8333333333333333 0.10416666666666666 705
0.875 0.10416666666666666 601
0.9166666666666666 0.10416666666666666 460
0.9583333333333333 0.10416666666666666 940
1.0 0.10416666666666666 674
0.0 0.125 1268
0.041666666666666664 0.125 1135
0.08333333333333333 0.125 1264
0.125 0.125 1313
0.16666666666666666 0.125 1138
0.20833333333333331 0.125 1125
0.25 0.125 1230
0.29166666666666663 0.125 1219
0.3333333333333333 0.125 1154
0.375 0.125 1201
0.41666666666666663 0.125 1106
0.4583333333333333 0.125 1071
0.5 0.125 1184
0.5416666666666666 0.125 1086
0.5833333333333333 0.125 1069
0.625 0.125 1012
0.6666666666666666 0.125 1073
0.7083333333333333 0.125 845
0.75 0.125 906
0.7916666666666666 0.125 802
0.8333333333333333 0.125 921
0.875 0.125 730
0.9166666666666666 0.125 869
0.9583333333333333 0.125 987
1.0 0.125 583
0.0 0.14583333333333331 1158
0.041666666666666664 0.14583333333333331 1147
0.08333333333333333 0.14583333333333331 1264
0.125 0.14583333333333331 1181
0.16666666666666666 0.14583333333333331 1160
0.20833333333333331 0.14583333333333331 1243
0.25 0.14583333333333331 1210
0.29166666666666663 0.14583333333333331 1197
0.3333333333333333 0.14583333333333331 1111
0.375 0.14583333333333331 1220
0.41666666666666663 0.14583333333333331 1140
0.4583333333333333 0.14583333333333331 1088
0.5 0.14583333333333331 1023
0.5416666666666666 0.14583333333333331 1116
0.5833333333333333 0.14583333333333331 1052
0.625 0.14583333333333331 1000
0.6666666666666666 0.14583333333333331 922
0.7083333333333333 0.14583333333333331 1046
0.75 0.14583333333333331 925
0.7916666666666666 0.14583333333333331 803
0.8333333333333333 0.14583333333333331 658
0.875 0.14583333333333331 751
0.9166666666666666 0.14583333333333331 482
0.9583333333333333 0.14583333333333331 527
1.0 0.14583333333333331 335
0.0 0.16666666666666666 1241
0.041666666666666664 0.16666666666666666 1215
0.08333333333333333 0.16666666666666666 1211
0.125 0.16666666666666666 1167
0.16666666666666666 0.16666666666666666 1161
0.20833333333333331 0.16666666666666666 1239
0.25 0.16666666666666666 1169
0.29166666666666663 0.16666666666666666 1177
0.3333333333333333 0.16666666666666666 1103
0.375 0.16666666666666666 1059
0.41666666666666663 0.16666666666666666 1119
0.4583333333333333 0.16666666666666666 1093
0.5 0.16666666666666666 1116
0.5416666666666666 0.16666666666666666 0
0.5833333333333333 0.16666666666666666 1010
0.625 0.16666666666666666 1038
0.6666666666666666 0.16666666666666666 999
0.7083333333333333 0.16666666666666666 968
0.75 0.16666666666666666 906
0.7916666666666666 0.16666666666666666 827
0.8333333333333333 0.16666666666666666 794
0.875 0.16666666666666666 620
0.9166666666666666 0.16666666666666666 1005
0.9583333333333333 0.16666666666666666 326
1.0 0.16666666666666666 1121
0.0 0.1875 1145
0.041666666666666664 0.1875 1159
0.08333333333333333 0.1875 1256
0.125 0.1875 1237
0.16666666666666666 0.1875 1197
0.20833333333333331 0.1875 1284
0.25 0.1875 1207
0.29166666666666663 0.1875 1126
0.3333333333333333 0.1875 1127
0.375 0.1875 1161
0.41666666666666663 0.1875 1153
0.4583333333333333 0.1875 1158
0.5 0.1875 1120
0.5416666666666666 0.1875 1147
0.5833333333333333 0.1875 1032
0.625 0.1875 1023
0.6666666666666666 0.1875 1104
0.7083333333333333 0.1875 1073
0.75 0.1875 1153
0.7916666666666666 0.1875 825
0.8333333333333333 0.1875 746
0.875 0.1875 1203
0.9166666666666666 0.1875 628
0.9583333333333333 0.1875 461
1.0 0.1875 566
0.0 0.20833333333333331 1174
0.041666666666666664 0.20833333333333331 1235
0.08333333333333333 0.20833333333333331 1156
0.125 0.20833333333333331 1172
0.16666666666666666 0.20833333333333331 1105
0.20833333333333331 0.20833333333333331 1168
0.25 0.20833333333333331 1174
0.29166666666666663 0.20833333333333331 1155
0.3333333333333333 0.20833333333333331 1160
0.375 0.20833333333333331 1091
0.41666666666666663 0.20833333333333331 1115
0.4583333333333333 0.20833333333333331 1148
0.5 0.20833333333333331 1016
0.5416666666666666 0.20833333333333331 1107
0.5833333333333333 0.20833333333333331 1041
0.625 0.20833333333333331 1216
0.6666666666666666 0.20833333333333331 1024
0.7083333333333333 0.20833333333333331 927
0.75 0.20833333333333331 1098
0.7916666666666666 0.20833333333333331 1165
0.8333333333333333 0.20833333333333331 855
0.875 0.20833333333333331 660
0.9166666666666666 0.20833333333333331 599
0.9583333333333333 0.20833333333333331 858
1.0 0.20833333333333331 1216
0.0 0.22916666666666666 1308
0.041666666666666664 0.22916666666666666 1294
0.08333333333333333 0.22916666666666666 1238
0.125 0.22916666666666666 1169
0.16666666666666666 0.22916666666666666 1232
0.20833333333333331 0.22916666666666666 1114
0.25 0.22916666666666666 1222
0.29166666666666663 0.22916666666666666 1175
0.3333333333333333 0.22916666666666666 1
0.375 0.22916666666666666 1130
0.41666666666666663 0.22916666666666666 1129
0.4583333333333333 0.22916666666666666 1067
0.5 0.22916666666666666 1142
0.5416666666666666 0.22916666666666666 1167
0.5833333333333333 0.22916666666666666 1152
0.625 0.22916666666666666 1140
0.6666666666666666 0.22916666666666666 1102
0.7083333333333333 0.22916666666666666 1018
0.75 0.22916666666666666 1243
0.7916666666666666 0.22916666666666666 817
0.8333333333333333 0.22916666666666666 937
0.875 0.22916666666666666 1179
0.9166666666666666 0.22916666666666666 749
0.9583333333333333 0.22916666666666666 457
1.0 0.22916666666666666 833
0.0 0.25 1307
0.041666666666666664 0.25 1277
0.08333333333333333 0.25 1192
0.125 0.25 1288
0.16666666666666666 0.25 1143
0.20833333333333331 0.25 1154
0.25 0.25 1111
0.29166666666666663 0.25 1166
0.3333333333333333 0.25 1160
0.375 0.25 1178
0.41666666666666663 0.25 1217
0.4583333333333333 0.25 1141
0.5 0.25 1138
0.5416666666666666 0.25 1221
0.5833333333333333 0.25 1079
0.625 0.25 1081
0.6666666666666666 0.25 1007
0.7083333333333333 0.25 882
0.75 0.25 0
0.7916666666666666 0.25 832
0.8333333333333333 0.25 945
0.875 0.25 1154
0.9166666666666666 0.25 1125
0.9583333333333333 0.25 1258
1.0 0.25 1239
0.0 0.2708333333333333 1150
0.041666666666666664 0.2708333333333333 1246
0.08333333333333333 0.2708333333333333 1295
0.125 0.2708333333333333 1292
0.16666666666666666 0.2708333333333333 1262
0.20833333333333331 0.2708333333333333 1184
0.25 0.2708333333333333 1213
0.29166666666666663 0.2708333333333333 1137
0.3333333333333333 0.2708333333333333 1260
0.375 0.2708333333333333 1229
0.41666666666666663 0.2708333333333333 1207
0.4583333333333333 0.2708333333333333 1129
0.5 0.2708333333333333 1128
0.5416666666666666 0.2708333333333333 1065
0.5833333333333333 0.2708333333333333 1291
0.625 0.2708333333333333 1134
0.6666666666666666 0.2708333333333333 1263
0.7083333333333333 0.2708333333333333 942
0.75 0.2708333333333333 1036
0.7916666666666666 0.2708333333333333 846
0.8333333333333333 0.2708333333333333 871
0.875 0.2708333333333333 825
0.9166666666666666 0.2708333333333333 1105
0.9583333333333333 0.2708333333333333 1133
1.0 0.2708333333333333 1175
0.0 0.29166666666666663 1243
0.041666666666666664 0.29166666666666663 1248
0.08333333333333333 0.29166666666666663 1241
0.125 0.29166666666666663 1238
0.16666666666666666 0.29166666666666663 1295
0.20833333333333331 0.29166666666666663 1137
0.25 0.29166666666666663 1221
0.29166666666666663 0.29166666666666663 1182
0.3333333333333333 0.29166666666666663 1145
0.375 0.29166666666666663 1198
0.41666666666666663 0.29166666666666663 1225
0.4583333333333333 0.29166666666666663 1199
0.5 0.29166666666666663 1088
0.5416666666666666 0.29166666666666663 1076
0.5833333333333333 0.29166666666666663 1063
0.625 0.29166666666666663 1028
0.6666666666666666 0.29166666666666663 1020
0.7083333333333333 0.29166666666666663 938
0.75 0.29166666666666663 1079
0.7916666666666666 0.29166666666666663 1208
0.8333333333333333 0.29166666666666663 1236
0.875 0.29166666666666663 704
0.9166666666666666 0.29166666666666663 1089
0.9583333333333333 0.29166666666666663 544
1.0 0.29166666666666663 1255
0.0 0.3125 1179
0.041666666666666664 0.3125 1193
0.08333333333333333 0.3125 1203
0.125 0.3125 1250
0.16666666666666666 0.3125 1220
0.20833333333333331 0.3125 1233
0.25 0.3125 1156
0.29166666666666663 0.3125 1153
0.3333333333333333 0.3125 1144
0.375 0.3125 1211
0.41666666666666663 0.3125 1117
0.4583333333333333 0.3125 1134
0.5 0.3125 1107
0.5416666666666666 0.3125 1225
0.5833333333333333 0.3125 1228
0.625 0.3125 1080
0.6666666666666666 0.3125 1215
0.7083333333333333 0.3125 1167
0.75 0.3125 947
0.7916666666666666 0.3125 1151
0.8333333333333333 0.3125 1264
0.875 0.3125 1242
0.9166666666666666 0.3125 611
0.9583333333333333 0.3125 832
1.0 0.3125 1284
0.0 0.3333333333333333 1250
0.041666666666666664 0.3333333333333333 1240
0.08333333333333333 0.3333333333333333 1278
0.125 0.3333333333333333 1274
0.16666666666666666 0.3333333333333333 1201
0.20833333333333331 0.3333333333333333 1171
0.25 0.3333333333333333 1230
0.29166666666666663 0.3333333333333333 1234
0.3333333333333333 0.3333333333333333 1246
0.375 0.3333333333333333 1248
0.41666666666666663 0.3333333333333333 1140
0.4583333333333333 0.3333333333333333 1257
0.5 0.3333333333333333 1070
0.5416666666666666 0.3333333333333333 1243
0.5833333333333333 0.3333333333333333 1088
0.625 0.3333333333333333 1239
0.6666666666666666 0.3333333333333333 1093
0.7083333333333333 0.3333333333333333 1190
0.75 0.3333333333333333 1117
0.7916666666666666 0.3333333333333333 1072
0.8333333333333333 0.3333333333333333 1277
0.875 0.3333333333333333 963
0.9166666666666666 0.3333333333333333 1157
0.9583333333333333 0.3333333333333333 1092
1.0 0.3333333333333333 1090
0.0 0.35416666666666663 1202
0.041666666666666664 0.35416666666666663 1187
0.08333333333333333 0.35416666666666663 1271
0.125 0.35416666666666663 1208
0.16666666666666666 0.35416666666666663 1236
0.20833333333333331 0.35416666666666663 1328
0.25 0.35416666666666663 1253
0.29166666666666663 0.35416666666666663 1199
0.3333333333333333 0.35416666666666663 1133
0.375 0.35416666666666663 1323
0.41666666666666663 0.35416666666666663 1210
0.4583333333333333 0.35416666666666663 1160
0.5 0.35416666666666663 1110
0.5416666666666666 0.35416666666666663 1232
0.5833333333333333 0.35416666666666663 1171
0.625 0.35416666666666663 1246
0.6666666666666666 0.35416666666666663 1011
0.7083333333333333 0.35416666666666663 1237
0.75 0.35416666666666663 1263
0.7916666666666666 0.35416666666666663 955
0.8333333333333333 0.35416666666666663 1303
0.875 0.35416666666666663 760
0.9166666666666666 0.35416666666666663 644
0.9583333333333333 0.35416666666666663 956
1.0 0.35416666666666663 1073
0.0 0.375 1314
0.041666666666666664 0.375 1282
0.08333333333333333 0.375 1293
0.125 0.375 1288
0.16666666666666666 0.375 1238
0.20833333333333331 0.375 1245
0.25 0.375 1127
0.29166666666666663 0.375 1266
0.3333333333333333 0.375 1326
0.375 0.375 1281
0.41666666666666663 0.375 1188
0.4583333333333333 0.375 1296
0.5 0.375 1290
0.5416666666666666 0.375 1099
0.5833333333333333 0.375 1041
0.625 0.375 1240
0.6666666666666666 0.375 1047
0.7083333333333333 0.375 1289
0.75 0.375 1015
0.7916666666666666 0.375 1161
0.8333333333333333 0.375 901
0.875 0.375 748
0.9166666666666666 0.375 892
0.9583333333333333 0.375 942
1.0 0.375 1138
0.0 0.3958333333333333 1207
0.041666666666666664 0.3958333333333333 1252
0.08333333333333333 0.3958333333333333 1277
0.125 0.3958333333333333 1321
0.16666666666666666 0.3958333333333333 1278
0.20833333333333331 0.3958333333333333 1287
0.25 0.3958333333333333 1209
0.29166666666666663 0.3958333333333333 1146
0.3333333333333333 0.3958333333333333 1264
0.375 0.3958333333333333 1251
0.41666666666666663 0.3958333333333333 1192
0.4583333333333333 0.3958333333333333 1178
0.5 0.3958333333333333 1098
0.5416666666666666 0.3958333333333333 1254
0.5833333333333333 0.3958333333333333 1147
0.625 0.3958333333333333 1068
0.6666666666666666 0.3958333333333333 1303
0.7083333333333333 0.3958333333333333 1005
0.75 0.3958333333333333 1356
0.7916666666666666 0.3958333333333333 1120
0.8333333333333333 0.3958333333333333 1294
0.875 0.3958333333333333 1237
0.9166666666666666 0.3958333333333333 1055
0.9583333333333333 0.3958333333333333 1293
1.0 0.3958333333333333 1152
0.0 0.41666666666666663 1204
0.041666666666666664 0.41666666666666663 1275
0.08333333333333333 0.41666666666666663 1301
0.125 0.41666666666666663 1264
0.16666666666666666 0.41666666666666663 1244
0.20833333333333331 0.41666666666666663 1180
0.25 0.41666666666666663 1314
0.29166666666666663 0.41666666666666663 1180
0.3333333333333333 0.41666666666666663 1226
0.375 0.41666666666666663 1228
0.41666666666666663 0.41666666666666663 1166
0.4583333333333333 0.41666666666666663 1304
0.5 0.41666666666666663 1296
0.5416666666666666 0.41666666666666663 1103
0.5833333333333333 0.41666666666666663 1356
0.625 0.41666666666666663 1060
0.6666666666666666 0.41666666666666663 1294
0.7083333333333333 0.41666666666666663 1327
0.75 0.41666666666666663 1204
0.7916666666666666 0.41666666666666663 1343
0.8333333333333333 0.41666666666666663 1278
0.875 0.41666666666666663 1302
0.9166666666666666 0.41666666666666663 1252
0.9583333333333333 0.41666666666666663 1120
1.0 0.41666666666666663 1016
0.0 0.4375 1254
0.041666666666666664 0.4375 1257
0.08333333333333333 0.4375 1240
0.125 0.4375 1354
0.16666666666666666 0.4375 1259
0.20833333333333331 0.4375 1294
0.25 0.4375 1230
0.29166666666666663 0.4375 1268
0.3333333333333333 0.4375 1180
0.375 0.4375 1178
0.41666666666666663 0.4375 1278
0.4583333333333333 0.4375 1168
0.5 0.4375 1105
0.5416666666666666 0.4375 1301
0.5833333333333333 0.4375 1207
0.625 0.4375 1043
0.6666666666666666 0.4375 1170
0.7083333333333333 0.4375 963
0.75 0.4375 1309
0.7916666666666666 0.4375 1204
0.8333333333333333 0.4375 1332
0.875 0.4375 1292
0.9166666666666666 0.4375 1268
0.9583333333333333 0.4375 1306
1.0 0.4375 1202
0.0 0.4583333333333333 1312
0.041666666666666664 0.4583333333333333 1285
0.08333333333333333 0.4583333333333333 1180
0.125 0.4583333333333333 1230
0.16666666666666666 0.4583333333333333 1280
0.20833333333333331 0.4583333333333333 1255
0.25 0.4583333333333333 1184
0.29166666666666663 0.4583333333333333 1196
0.3333333333333333 0.4583333333333333 1180
0.375 0.4583333333333333 1322
0.41666666666666663 0.4583333333333333 1144
0.4583333333333333 0.4583333333333333 1181
0.5 0.4583333333333333 1086
0.5416666666666666 0.4583333333333333 1159
0.5833333333333333 0.4583333333333333 1293
0.625 0.4583333333333333 1327
0.6666666666666666 0.4583333333333333 1157
0.7083333333333333 0.4583333333333333 1047
0.75 0.4583333333333333 1158
0.7916666666666666 0.4583333333333333 1393
0.8333333333333333 0.4583333333333333 1053
0.875 0.4583333333333333 1313
0.9166666666666666 0.4583333333333333 1367
0.9583333333333333 0.4583333333333333 1304
1.0 0.4583333333333333 988
0.0 0.47916666666666663 1225
0.041666666666666664 0.47916666666666663 1295
0.08333333333333333 0.47916666666666663 1173
0.125 0.47916666666666663 1143
0.16666666666666666 0.47916666666666663 1187
0.20833333333333331 0.47916666666666663 1309
0.25 0.47916666666666663 1283
0.29166666666666663 0.47916666666666663 1235
0.3333333333333333 0.47916666666666663 1209
0.375 0.47916666666666663 1209
0.41666666666666663 0.47916666666666663 1330
0.4583333333333333 0.47916666666666663 1202
0.5 0.47916666666666663 1125
0.5416666666666666 0.47916666666666663 1328
0.5833333333333333 0.47916666666666663 1143
0.625 0.47916666666666663 1081
0.6666666666666666 0.47916666666666663 1074
0.7083333333333333 0.47916666666666663 1086
0.75 0.47916666666666663 1015
0.7916666666666666 0.47916666666666663 1261
0.8333333333333333 0.47916666666666663 1288
0.875 0.47916666666666663 1205
0.9166666666666666 0.47916666666666663 913
0.9583333333333333 0.47916666666666663 1317
1.0 0.47916666666666663 761
0.0 0.5 1219
0.041666666666666664 0.5 1255
0.08333333333333333 0.5 1254
0.125 0.5 1240
0.16666666666666666 0.5 1298
0.20833333333333331 0.5 1190
0.25 0.5 1181
0.29166666666666663 0.5 1270
0.3333333333333333 0.5 1301
0.375 0.5 1287
0.41666666666666663 0.5 1147
0.4583333333333333 0.5 1300
0.5 0.5 1263
0.5416666666666666 0.5 1104
0.5833333333333333 0.5 1060
0.625 0.5 1064
0.6666666666666666 0.5 1304
0.7083333333333333 0.5 1243
0.75 0.5 1264
0.7916666666666666 0.5 1278
0.8333333333333333 0.5 1189
0.875 0.5 1289
0.9166666666666666 0.5 870
0.9583333333333333 0.5 1098
1.0 0.5 1252
