0.0 0.0 1218
0.041666666666666664 0.0 1280
0.08333333333333333 0.0 1205
0.125 0.0 1166
0.16666666666666666 0.0 0
0.20833333333333331 0.0 1122
0.25 0.0 1239
0.29166666666666663 0.0 1198
0.3333333333333333 0.0 1214
0.375 0.0 1163
0.41666666666666663 0.0 1073
0.4583333333333333 0.0 0
0.5 0.0 1051
0.5416666666666666 0.0 1044
0.5833333333333333 0.0 1023
0.625 0.0 985
0.6666666666666666 0.0 0
0.7083333333333333 0.0 916
0.75 0.0 892
0.7916666666666666 0.0 756
0.8333333333333333 0.0 669
0.875 0.0 0
0.9166666666666666 0.0 438
0.9583333333333333 0.0 1
1.0 0.0 0
0.0 0.020833333333333332 1205
0.041666666666666664 0.020833333333333332 1307
0.08333333333333333 0.020833333333333332 1255
0.125 0.020833333333333332 1238
0.16666666666666666 0.020833333333333332 1166
0.20833333333333331 0.020833333333333332 1109
0.25 0.020833333333333332 1174
0.29166666666666663 0.020833333333333332 1151
0.3333333333333333 0.020833333333333332 1214
0.375 0.020833333333333332 1172
0.41666666666666663 0.020833333333333332 1057
0.4583333333333333 0.020833333333333332 1110
0.5 0.020833333333333332 1171
0.5416666666666666 0.020833333333333332 1022
0.5833333333333333 0.020833333333333332 1050
0.625 0.020833333333333332 1031
0.6666666666666666 0.020833333333333332 945
0.7083333333333333 0.020833333333333332 904
0.75 0.020833333333333332 865
0.7916666666666666 0.020833333333333332 840
0.8333333333333333 0.020833333333333332 720
0.875 0.020833333333333332 611
0.9166666666666666 0.020833333333333332 501
0.9583333333333333 0.020833333333333332 209
1.0 0.020833333333333332 225
0.0 0.041666666666666664 1310
0.041666666666666664 0.041666666666666664 1286
0.08333333333333333 0.041666666666666664 1201
0.125 0.041666666666666664 1358
0.16666666666666666 0.041666666666666664 1157
0.20833333333333331 0.041666666666666664 1179
0.25 0.041666666666666664 1238
0.29166666666666663 0.041666666666666664 1110
0.3333333333333333 0.041666666666666664 1233
0.375 0.041666666666666664 1156
0.41666666666666663 0.041666666666666664 1146
0.4583333333333333 0.041666666666666664 1088
0.5 0.041666666666666664 1072
0.5416666666666666 0.041666666666666664 991
0.5833333333333333 0.041666666666666664 1015
0.625 0.041666666666666664 1000
0.6666666666666666 0.041666666666666664 922
0.7083333333333333 0.041666666666666664 992
0.75 0.041666666666666664 863
0.7916666666666666 0.041666666666666664 853
0.8333333333333333 0.041666666666666664 772
0.875 0.041666666666666664 596
0.9166666666666666 0.041666666666666664 479
0.9583333333333333 0.041666666666666664 497
1.0 0.041666666666666664 342
0.0 0.0625 1219
0.041666666666666664 0.0625 1187
0.08333333333333333 0.0625 1257
0.125 0.0625 1157
0.16666666666666666 0.0625 1219
0.20833333333333331 0.0625 1154
0.25 0.0625 1122
0.29166666666666663 0.0625 1116
0.3333333333333333 0.0625 1145
0.375 0.0625 1159
0.41666666666666663 0.0625 1075
0.4583333333333333 0.0625 1156
0.5 0.0625 1137
0.5416666666666666 0.0625 1023
0.5833333333333333 0.0625 1044
0.625 0.0625 992
0.6666666666666666 0.0625 995
0.7083333333333333 0.0625 923
0.75 0.0625 931
0.7916666666666666 0.0625 855
0.8333333333333333 0.0625 708
0.875 0.0625 652
0.9166666666666666 0.0625 449
0.9583333333333333 0.0625 239
1.0 0.0625 275
0.0 0.08333333333333333 1190
0.041666666666666664 0.08333333333333333 1321
0.08333333333333333 0.08333333333333333 1317
0.125 0.08333333333333333 1283
0.16666666666666666 0.08333333333333333 1117
0.20833333333333331 0.08333333333333333 1186
0.25 0.08333333333333333 1171
0.29166666666666663 0.08333333333333333 1125
0.3333333333333333 0.08333333333333333 1086
0.375 0.08333333333333333 1229
0.41666666666666663 0.08333333333333333 1198
0.4583333333333333 0.08333333333333333 1147
0.5 0.08333333333333333 1108
0.5416666666666666 0.08333333333333333 1097
0.5833333333333333 0.08333333333333333 1099
0.625 0.08333333333333333 1000
0.6666666666666666 0.08333333333333333 965
0.7083333333333333 0.08333333333333333 1008
0.75 0.08333333333333333 877
0.7916666666666666 0.08333333333333333 789
0.8333333333333333 0.08333333333333333 704
0.875 0.08333333333333333 814
0.9166666666666666 0.08333333333333333 451
0.9583333333333333 0.08333333333333333 265
1.0 0.08333333333333333 540
0.0 0.10416666666666666 1139
0.041666666666666664 0.10416666666666666 1242
0.08333333333333333 0.10416666666666666 1198
0.125 0.10416666666666666 1181
0.16666666666666666 0.10416666666666666 1231
0.20833333333333331 0.10416666666666666 1226
0.25 0.10416666666666666 1175
0.29166666666666663 0.10416666666666666 1120
0.3333333333333333 0.10416666666666666 1170
0.375 0.10416666666666666 1120
0.41666666666666663 0.10416666666666666 1128
0.4583333333333333 0.10416666666666666 1121
0.5 0.10416666666666666 1145
0.5416666666666666 0.10416666666666666 1041
0.5833333333333333 0.10416666666666666 1084
0.625 0.10416666666666666 0
0.6666666666666666 0.10416666666666666 896
0.7083333333333333 0.10416666666666666 1038
0.75 0.10416666666666666 989
0.7916666666666666 0.10416666666666666 782
0.8333333333333333 0.10416666666666666 818
0.875 0.10416666666666666 601
0.9166666666666666 0.10416666666666666 576
0.9583333333333333 0.10416666666666666 444
1.0 0.10416666666666666 377
0.0 0.125 1184
0.041666666666666664 0.125 1157
0.08333333333333333 0.125 1300
0.125 0.125 1186
0.16666666666666666 0.125 1141
0.20833333333333331 0.125 1197
0.25 0.125 1190
0.29166666666666663 0.125 1201
0.3333333333333333 0.125 1175
0.375 0.125 1239
0.41666666666666663 0.125 1226
0.4583333333333333 0.125 1171
0.5 0.125 1056
0.5416666666666666 0.125 1090
0.5833333333333333 0.125 1013
0.625 0.125 1010
0.6666666666666666 0.125 993
0.7083333333333333 0.125 1058
0.75 0.125 929
0.7916666666666666 0.125 893
0.8333333333333333 0.125 954
0.875 0.125 660
0.9166666666666666 0.125 557
0.9583333333333333 0.125 433
1.0 0.125 1045
0.0 0.14583333333333331 1143
0.041666666666666664 0.14583333333333331 1274
0.08333333333333333 0.14583333333333331 1241
0.125 0.14583333333333331 1166
0.16666666666666666 0.14583333333333331 1153
0.20833333333333331 0.14583333333333331 1160
0.25 0.14583333333333331 1139
0.29166666666666663 0.14583333333333331 1215
0.3333333333333333 0.14583333333333331 1190
0.375 0.14583333333333331 1099
0.41666666666666663 0.14583333333333331 1183
0.4583333333333333 0.14583333333333331 1069
0.5 0.14583333333333331 1110
0.5416666666666666 0.14583333333333331 1023
0.5833333333333333 0.14583333333333331 1041
0.625 0.14583333333333331 956
0.6666666666666666 0.14583333333333331 968
0.7083333333333333 0.14583333333333331 1066
0.75 0.14583333333333331 921
0.7916666666666666 0.14583333333333331 873
0.8333333333333333 0.14583333333333331 757
0.875 0.14583333333333331 1040
0.9166666666666666 0.14583333333333331 557
0.9583333333333333 0.14583333333333331 395
1.0 0.14583333333333331 462
0.0 0.16666666666666666 1307
0.041666666666666664 0.16666666666666666 1300
0.08333333333333333 0.16666666666666666 1223
0.125 0.16666666666666666 1327
0.16666666666666666 0.16666666666666666 1141
0.20833333333333331 0.16666666666666666 1179
0.25 0.16666666666666666 1180
0.29166666666666663 0.16666666666666666 1171
0.3333333333333333 0.16666666666666666 1148
0.375 0.16666666666666666 1159
0.41666666666666663 0.16666666666666666 1164
0.4583333333333333 0.16666666666666666 1187
0.5 0.16666666666666666 1145
0.5416666666666666 0.16666666666666666 1129
0.5833333333333333 0.16666666666666666 1052
0.625 0.16666666666666666 986
0.6666666666666666 0.16666666666666666 1055
0.7083333333333333 0.16666666666666666 958
0.75 0.16666666666666666 983
0.7916666666666666 0.16666666666666666 846
0.8333333333333333 0.16666666666666666 840
0.875 0.16666666666666666 742
0.9166666666666666 0.16666666666666666 545
0.9583333333333333 0.16666666666666666 531
1.0 0.16666666666666666 799
0.0 0.1875 1185
0.041666666666666664 0.1875 1232
0.08333333333333333 0.1875 1261
0.125 0.1875 1250
0.16666666666666666 0.1875 1227
0.20833333333333331 0.1875 1219
0.25 0.1875 1199
0.29166666666666663 0.1875 1136
0.3333333333333333 0.1875 1225
0.375 0.1875 1157
0.41666666666666663 0.1875 1106
0.4583333333333333 0.1875 1072
0.5 0.1875 1134
0.5416666666666666 0.1875 1157
0.5833333333333333 0.1875 1071
0.625 0.1875 1075
0.6666666666666666 0.1875 970
0.7083333333333333 0.1875 1025
0.75 0.1875 925
0.7916666666666666 0.1875 1093
0.8333333333333333 0.1875 1114
0.875 0.1875 1129
0.9166666666666666 0.1875 1057
0.9583333333333333 0.1875 1000
1.0 0.1875 920
0.0 0.20833333333333331 1248
0.041666666666666664 0.20833333333333331 1202
0.08333333333333333 0.20833333333333331 1196
0.125 0.20833333333333331 1288
0.16666666666666666 0.20833333333333331 1256
0.20833333333333331 0.20833333333333331 1182
0.25 0.20833333333333331 1141
0.29166666666666663 0.20833333333333331 1208
0.3333333333333333 0.20833333333333331 1169
0.375 0.20833333333333331 1255
0.41666666666666663 0.20833333333333331 1131
0.4583333333333333 0.20833333333333331 1045
0.5 0.20833333333333331 1171
0.5416666666666666 0.20833333333333331 1111
0.5833333333333333 0.20833333333333331 1032
0.625 0.20833333333333331 1063
0.6666666666666666 0.20833333333333331 1013
0.7083333333333333 0.20833333333333331 1143
0.75 0.20833333333333331 1010
0.7916666666666666 0.20833333333333331 849
0.8333333333333333 0.20833333333333331 1162
0.875 0.20833333333333331 700
0.9166666666666666 0.20833333333333331 585
0.9583333333333333 0.20833333333333331 451
1.0 0.20833333333333331 503
0.0 0.22916666666666666 1137
0.041666666666666664 0.22916666666666666 1234
0.08333333333333333 0.22916666666666666 1172
0.125 0.22916666666666666 1220
0.16666666666666666 0.22916666666666666 1272
0.20833333333333331 0.22916666666666666 1260
0.25 0.22916666666666666 1216
0.29166666666666663 0.22916666666666666 1248
0.3333333333333333 0.22916666666666666 1190
0.375 0.22916666666666666 1225
0.41666666666666663 0.22916666666666666 1238
0.4583333333333333 0.22916666666666666 1157
0.5 0.22916666666666666 1095
0.5416666666666666 0.22916666666666666 1096
0.5833333333333333 0.22916666666666666 1025
0.625 0.22916666666666666 1001
0.6666666666666666 0.22916666666666666 1082
0.7083333333333333 0.22916666666666666 1119
0.75 0.22916666666666666 1053
0.7916666666666666 0.22916666666666666 1176
0.8333333333333333 0.22916666666666666 805
0.875 0.22916666666666666 1219
0.9166666666666666 0.22916666666666666 539
0.9583333333333333 0.22916666666666666 473
1.0 0.22916666666666666 1061
0.0 0.25 1238
0.041666666666666664 0.25 1265
0.08333333333333333 0.25 1198
0.125 0.25 1167
0.16666666666666666 0.25 1217
0.20833333333333331 0.25 1232
0.25 0.25 1160
0.29166666666666663 0.25 1181
0.3333333333333333 0.25 1177
0.375 0.25 1141
0.41666666666666663 0.25 1159
0.4583333333333333 0.25 1097
0.5 0.25 1189
0.5416666666666666 0.25 1097
0.5833333333333333 0.25 1083
0.625 0.25 1191
0.6666666666666666 0.25 958
0.7083333333333333 0.25 975
0.75 0.25 911
0.7916666666666666 0.25 1270
0.8333333333333333 0.25 894
0.875 0.25 935
0.9166666666666666 0.25 1170
0.9583333333333333 0.25 741
1.0 0.25 1121
0.0 0.2708333333333333 1260
0.041666666666666664 0.2708333333333333 1203
0.08333333333333333 0.2708333333333333 1259
0.125 0.2708333333333333 1157
0.16666666666666666 0.2708333333333333 1232
0.20833333333333331 0.2708333333333333 1178
0.25 0.2708333333333333 1212
0.29166666666666663 0.2708333333333333 1220
0.3333333333333333 0.2708333333333333 1228
0.375 0.2708333333333333 1195
0.41666666666666663 0.2708333333333333 1174
0.4583333333333333 0.2708333333333333 1109
0.5 0.2708333333333333 1112
0.5416666666666666 0.2708333333333333 1076
0.5833333333333333 0.2708333333333333 1092
0.625 0.2708333333333333 985
0.6666666666666666 0.2708333333333333 1054
0.7083333333333333 0.2708333333333333 927
0.75 0.2708333333333333 1275
0.7916666666666666 0.2708333333333333 1087
0.8333333333333333 0.2708333333333333 761
0.875 0.2708333333333333 1313
0.9166666666666666 0.2708333333333333 1086
0.9583333333333333 0.2708333333333333 620
1.0 0.2708333333333333 999
0.0 0.29166666666666663 1278
0.041666666666666664 0.29166666666666663 1230
0.08333333333333333 0.29166666666666663 1192
0.125 0.29166666666666663 1158
0.16666666666666666 0.29166666666666663 1285
0.20833333333333331 0.29166666666666663 1254
0.25 0.29166666666666663 1312
0.29166666666666663 0.29166666666666663 1367
0.3333333333333333 0.29166666666666663 1174
0.375 0.29166666666666663 1096
0.41666666666666663 0.29166666666666663 1152
0.4583333333333333 0.29166666666666663 1212
0.5 0.29166666666666663 1116
0.5416666666666666 0.29166666666666663 1096
0.5833333333333333 0.29166666666666663 1018
0.625 0.29166666666666663 1002
0.6666666666666666 0.29166666666666663 1066
0.7083333333333333 0.29166666666666663 1112
0.75 0.29166666666666663 994
0.7916666666666666 0.29166666666666663 862
0.8333333333333333 0.29166666666666663 802
0.875 0.29166666666666663 985
0.9166666666666666 0.29166666666666663 1261
0.9583333333333333 0.29166666666666663 947
1.0 0.29166666666666663 587
0.0 0.3125 1189
0.041666666666666664 0.3125 1229
0.08333333333333333 0.3125 1229
0.125 0.3125 1279
0.16666666666666666 0.3125 1266
0.20833333333333331 0.3125 1225
0.25 0.3125 1277
0.29166666666666663 0.3125 1333
0.3333333333333333 0.3125 1145
0.375 0.3125 1318
0.41666666666666663 0.3125 1170
0.4583333333333333 0.3125 1237
0.5 0.3125 1195
0.5416666666666666 0.3125 1256
0.5833333333333333 0.3125 1061
0.625 0.3125 1079
0.6666666666666666 0.3125 1149
0.7083333333333333 0.3125 1135
0.75 0.3125 994
0.7916666666666666 0.3125 882
0.8333333333333333 0.3125 1037
0.875 0.3125 898
0.9166666666666666 0.3125 1063
0.9583333333333333 0.3125 807
1.0 0.3125 1015
0.0 0.3333333333333333 1244
0.041666666666666664 0.3333333333333333 1277
0.08333333333333333 0.3333333333333333 1131
0.125 0.3333333333333333 1216
0.16666666666666666 0.3333333333333333 1284
0.20833333333333331 0.3333333333333333 1115
0.25 0.3333333333333333 1225
0.29166666666666663 0.3333333333333333 1236
0.3333333333333333 0.3333333333333333 1187
0.375 0.3333333333333333 1264
0.41666666666666663 0.3333333333333333 1170
0.4583333333333333 0.3333333333333333 1261
0.5 0.3333333333333333 1276
0.5416666666666666 0.3333333333333333 1330
0.5833333333333333 0.3333333333333333 1293
0.625 0.3333333333333333 1099
0.6666666666666666 0.3333333333333333 1101
0.7083333333333333 0.3333333333333333 958
0.75 0.3333333333333333 1295
0.7916666666666666 0.3333333333333333 1281
0.8333333333333333 0.3333333333333333 1277
0.875 0.3333333333333333 1222
0.9166666666666666 0.3333333333333333 1242
0.9583333333333333 0.3333333333333333 1272
1.0 0.3333333333333333 572
0.0 0.35416666666666663 1231
0.041666666666666664 0.35416666666666663 1157
0.08333333333333333 0.35416666666666663 1317
0.125 0.35416666666666663 1167
0.16666666666666666 0.35416666666666663 1369
0.20833333333333331 0.35416666666666663 1216
0.25 0.35416666666666663 1327
0.29166666666666663 0.35416666666666663 1232
0.3333333333333333 0.35416666666666663 1141
0.375 0.35416666666666663 1156
0.41666666666666663 0.35416666666666663 1197
0.4583333333333333 0.35416666666666663 1211
0.5 0.35416666666666663 1129
0.5416666666666666 0.35416666666666663 1130
0.5833333333333333 0.35416666666666663 1147
0.625 0.35416666666666663 1150
0.6666666666666666 0.35416666666666663 1085
0.7083333333333333 0.35416666666666663 1048
0.75 0.35416666666666663 1031
0.7916666666666666 0.35416666666666663 1228
0.8333333333333333 0.35416666666666663 863
0.875 0.35416666666666663 929
0.9166666666666666 0.35416666666666663 1246
0.9583333333333333 0.35416666666666663 1314
1.0 0.35416666666666663 1164
0.0 0.375 1186
0.041666666666666664 0.375 1215
0.08333333333333333 0.375 1183
0.125 0.375 1306
0.16666666666666666 0.375 1249
0.20833333333333331 0.375 1234
0.25 0.375 1284
0.29166666666666663 0.375 1334
0.3333333333333333 0.375 1301
0.375 0.375 1311
0.41666666666666663 0.375 1292
0.4583333333333333 0.375 1264
0.5 0.375 1100
0.5416666666666666 0.375 1079
0.5833333333333333 0.375 1227
0.625 0.375 1211
0.6666666666666666 0.375 1056
0.7083333333333333 0.375 1286
0.75 0.375 1253
0.7916666666666666 0.375 1319
0.8333333333333333 0.375 777
0.875 0.375 1093
0.9166666666666666 0.375 867
0.9583333333333333 0.375 1082
1.0 0.375 1162
0.0 0.3958333333333333 1286
0.041666666666666664 0.3958333333333333 1285
0.08333333333333333 0.3958333333333333 1195
0.125 0.3958333333333333 1208
0.16666666666666666 0.3958333333333333 1271
0.20833333333333331 0.3958333333333333 1239
0.25 0.3958333333333333 1306
0.29166666666666663 0.3958333333333333 1320
0.3333333333333333 0.3958333333333333 1282
0.375 0.3958333333333333 1270
0.41666666666666663 0.3958333333333333 1134
0.4583333333333333 0.3958333333333333 1322
0.5 0.3958333333333333 1108
0.5416666666666666 0.3958333333333333 1333
0.5833333333333333 0.3958333333333333 1203
0.625 0.3958333333333333 1276
0.6666666666666666 0.3958333333333333 1173
0.7083333333333333 0.3958333333333333 1290
0.75 0.3958333333333333 969
0.7916666666666666 0.3958333333333333 1164
0.8333333333333333 0.3958333333333333 1293
0.875 0.3958333333333333 1349
0.9166666666666666 0.3958333333333333 881
0.9583333333333333 0.3958333333333333 1176
1.0 0.3958333333333333 1184
0.0 0.41666666666666663 1247
0.041666666666666664 0.41666666666666663 1196
0.08333333333333333 0.41666666666666663 1222
0.125 0.41666666666666663 1299
0.16666666666666666 0.41666666666666663 1178
0.20833333333333331 0.41666666666666663 1238
0.25 0.41666666666666663 1196
0.29166666666666663 0.41666666666666663 1334
0.3333333333333333 0.41666666666666663 1284
0.375 0.41666666666666663 1299
0.41666666666666663 0.41666666666666663 1126
0.4583333333333333 0.41666666666666663 1314
0.5 0.41666666666666663 1143
0.5416666666666666 0.41666666666666663 1226
0.5833333333333333 0.41666666666666663 1104
0.625 0.41666666666666663 1238
0.6666666666666666 0.41666666666666663 1054
0.7083333333333333 0.41666666666666663 999
0.75 0.41666666666666663 1078
0.7916666666666666 0.41666666666666663 1245
0.8333333333333333 0.41666666666666663 943
0.875 0.41666666666666663 1381
0.9166666666666666 0.41666666666666663 751
0.9583333333333333 0.41666666666666663 1314
1.0 0.41666666666666663 1245
0.0 0.4375 1273
0.041666666666666664 0.4375 1204
0.08333333333333333 0.4375 1227
0.125 0.4375 1240
0.16666666666666666 0.4375 1268
0.20833333333333331 0.4375 1155
0.25 0.4375 1174
0.29166666666666663 0.4375 1267
0.3333333333333333 0.4375 1307
0.375 0.4375 1272
0.41666666666666663 0.4375 1298
0.4583333333333333 0.4375 1335
0.5 0.4375 1102
0.5416666666666666 0.4375 1065
0.5833333333333333 0.4375 1200
0.625 0.4375 1069
0.6666666666666666 0.4375 1068
0.7083333333333333 0.4375 1318
0.75 0.4375 997
0.7916666666666666 0.4375 1240
0.8333333333333333 0.4375 1214
0.875 0.4375 1072
0.9166666666666666 0.4375 1246
0.9583333333333333 0.4375 1199
1.0 0.4375 1264
0.0 0.4583333333333333 1241
0.041666666666666664 0.4583333333333333 1211
0.08333333333333333 0.4583333333333333 1237
0.125 0.4583333333333333 1298
0.16666666666666666 0.4583333333333333 1272
0.20833333333333331 0.4583333333333333 1152
0.25 0.4583333333333333 1360
0.29166666666666663 0.4583333333333333 1275
0.3333333333333333 0.4583333333333333 1162
0.375 0.4583333333333333 1232
0.41666666666666663 0.4583333333333333 1214
0.4583333333333333 0.4583333333333333 1291
0.5 0.4583333333333333 1298
0.5416666666666666 0.4583333333333333 1063
0.5833333333333333 0.4583333333333333 1261
0.625 0.4583333333333333 1098
0.6666666666666666 0.4583333333333333 1253
0.7083333333333333 0.4583333333333333 1163
0.75 0.4583333333333333 1117
0.7916666666666666 0.4583333333333333 1195
0.8333333333333333 0.4583333333333333 1037
0.875 0.4583333333333333 1075
0.9166666666666666 0.4583333333333333 823
0.9583333333333333 0.4583333333333333 1374
1.0 0.4583333333333333 1074
0.0 0.47916666666666663 1304
0.041666666666666664 0.47916666666666663 1232
0.08333333333333333 0.47916666666666663 1270
0.125 0.47916666666666663 1211
0.16666666666666666 0.47916666666666663 1216
0.20833333333333331 0.47916666666666663 1291
0.25 0.47916666666666663 1276
0.29166666666666663 0.47916666666666663 1282
0.3333333333333333 0.47916666666666663 1151
0.375 0.47916666666666663 1257
0.41666666666666663 0.47916666666666663 1234
0.4583333333333333 0.47916666666666663 1140
0.5 0.47916666666666663 1072
0.5416666666666666 0.47916666666666663 1314
0.5833333333333333 0.47916666666666663 1083
0.625 0.47916666666666663 1093
0.6666666666666666 0.47916666666666663 1277
0.7083333333333333 0.47916666666666663 1255
0.75 0.47916666666666663 1058
0.7916666666666666 0.47916666666666663 1294
0.8333333333333333 0.47916666666666663 982
0.875 0.47916666666666663 1319
0.9166666666666666 0.47916666666666663 1202
0.9583333333333333 0.47916666666666663 856
1.0 0.47916666666666663 886
0.0 0.5 1219
0.041666666666666664 0.5 1240
0.08333333333333333 0.5 1290
0.125 0.5 1309
0.16666666666666666 0.5 1225
0.20833333333333331 0.5 1323
0.25 0.5 1227
0.29166666666666663 0.5 1151
0.3333333333333333 0.5 1177
0.375 0.5 1234
0.41666666666666663 0.5 1137
0.4583333333333333 0.5 1233
0.5 0.5 1278
0.5416666666666666 0.5 1275
0.5833333333333333 0.5 1230
0.625 0.5 1067
0.6666666666666666 0.5 1186
0.7083333333333333 0.5 1242
0.75 0.5 1019
0.7916666666666666 0.5 1192
0.8333333333333333 0.5 868
0.875 0.5 1270
0.9166666666666666 0.5 1282
0.9583333333333333 0.5 961
1.0 0.5 1282
