0.0 0.0 1142
0.041666666666666664 0.0 1223
0.08333333333333333 0.0 1204
0.125 0.0 1213
0.16666666666666666 0.0 1230
0.20833333333333331 0.0 1155
0.25 0.0 1154
0.29166666666666663 0.0 1080
0.3333333333333333 0.0 1111
0.375 0.0 1123
0.41666666666666663 0.0 1090
0.4583333333333333 0.0 1093
0.5 0.0 1096
0.5416666666666666 0.0 1053
0.5833333333333333 0.0 1003
0.625 0.0 1016
0.6666666666666666 0.0 923
0.7083333333333333 0.0 878
0.75 0.0 881
0.7916666666666666 0.0 780
0.8333333333333333 0.0 662
0.875 0.0 575
0.9166666666666666 0.0 444
0.9583333333333333 0.0 0
1.0 0.0 0
0.0 0.020833333333333332 1308
0.041666666666666664 0.020833333333333332 1322
0.08333333333333333 0.020833333333333332 1128
0.125 0.020833333333333332 1137
0.16666666666666666 0.020833333333333332 1254
0.20833333333333331 0.020833333333333332 1117
0.25 0.020833333333333332 1221
0.29166666666666663 0.020833333333333332 1194
0.3333333333333333 0.020833333333333332 1159
0.375 0.020833333333333332 1195
0.41666666666666663 0.020833333333333332 1189
0.4583333333333333 0.020833333333333332 1141
0.5 0.020833333333333332 1115
0.5416666666666666 0.020833333333333332 1067
0.5833333333333333 0.020833333333333332 1074
0.625 0.020833333333333332 1022
0.6666666666666666 0.020833333333333332 977
0.7083333333333333 0.020833333333333332 904
0.75 0.020833333333333332 859
0.7916666666666666 0.020833333333333332 797
0.8333333333333333 0.020833333333333332 689
0.875 0.020833333333333332 634
0.9166666666666666 0.020833333333333332 498
0.9583333333333333 0.020833333333333332 203
1.0 0.020833333333333332 326
0.0 0.041666666666666664 1285
0.041666666666666664 0.041666666666666664 1317
0.08333333333333333 0.041666666666666664 1206
0.125 0.041666666666666664 1260
0.16666666666666666 0.041666666666666664 1211
0.20833333333333331 0.041666666666666664 1225
0.25 0.041666666666666664 1241
0.29166666666666663 0.041666666666666664 1137
0.3333333333333333 0.041666666666666664 1148
0.375 0.041666666666666664 1078
0.41666666666666663 0.041666666666666664 1089
0.4583333333333333 0.041666666666666664 1105
0.5 0.041666666666666664 1135
0.5416666666666666 0.041666666666666664 1008
0.5833333333333333 0.041666666666666664 1066
0.625 0.041666666666666664 1023
0.6666666666666666 0.041666666666666664 1012
0.7083333333333333 0.041666666666666664 923
0.75 0.041666666666666664 859
0.7916666666666666 0.041666666666666664 788
0.8333333333333333 0.041666666666666664 742
0.875 0.041666666666666664 702
0.9166666666666666 0.041666666666666664 439
0.9583333333333333 0.041666666666666664 337
1.0 0.041666666666666664 119
0.0 0.0625 1246
0.041666666666666664 0.0625 1220
0.08333333333333333 0.0625 1187
0.125 0.0625 1223
0.16666666666666666 0.0625 1140
0.20833333333333331 0.0625 1174
0.25 0.0625 1144
0.29166666666666663 0.0625 1231
0.3333333333333333 0.0625 1158
0.375 0.0625 1172
0.41666666666666663 0.0625 1138
0.4583333333333333 0.0625 1113
0.5 0.0625 1133
0.5416666666666666 0.0625 1037
0.5833333333333333 0.0625 1102
0.625 0.0625 1036
0.6666666666666666 0.0625 960
0.7083333333333333 0.0625 919
0.75 0.0625 918
0.7916666666666666 0.0625 849
0.8333333333333333 0.0625 718
0.875 0.0625 693
0.9166666666666666 0.0625 453
0.9583333333333333 0.0625 838
1.0 0.0625 334
0.0 0.08333333333333333 1261
0.041666666666666664 0.08333333333333333 1321
0.08333333333333333 0.08333333333333333 1193
0.125 0.08333333333333333 1156
0.16666666666666666 0.08333333333333333 1311
0.20833333333333331 0.08333333333333333 1217
0.25 0.08333333333333333 1138
0.29166666666666663 0.08333333333333333 1108
0.3333333333333333 0.08333333333333333 1135
0.375 0.08333333333333333 1121
0.41666666666666663 0.08333333333333333 1127
0.4583333333333333 0.08333333333333333 1095
0.5 0.08333333333333333 1149
0.5416666666666666 0.08333333333333333 1083
0.5833333333333333 0.08333333333333333 1011
0.625 0.08333333333333333 1084
0.6666666666666666 0.08333333333333333 984
0.7083333333333333 0.08333333333333333 946
0.75 0.08333333333333333 918
0.7916666666666666 0.08333333333333333 818
0.8333333333333333 0.08333333333333333 739
0.875 0.08333333333333333 658
0.9166666666666666 0.08333333333333333 462
0.9583333333333333 0.08333333333333333 378
1.0 0.08333333333333333 359
0.0 0.10416666666666666 1280
0.041666666666666664 0.10416666666666666 1182
0.08333333333333333 0.10416666666666666 1255
0.125 0.10416666666666666 1211
0.16666666666666666 0.10416666666666666 1180
0.20833333333333331 0.10416666666666666 1099
0.25 0.10416666666666666 1147
0.29166666666666663 0.10416666666666666 1216
0.3333333333333333 0.10416666666666666 1180
0.375 0.10416666666666666 1152
0.41666666666666663 0.10416666666666666 1076
0.4583333333333333 0.10416666666666666 1047
0.5 0.10416666666666666 1132
0.5416666666666666 0.10416666666666666 1039
0.5833333333333333 0.10416666666666666 1091
0.625 0.10416666666666666 1023
0.6666666666666666 0.10416666666666666 983
0.7083333333333333 0.10416666666666666 963
0.75 0.10416666666666666 896
0.7916666666666666 0.10416666666666666 868
0.8333333333333333 0.10416666666666666 704
0.875 0.10416666666666666 624
0.9166666666666666 0.10416666666666666 501
0.9583333333333333 0.10416666666666666 434
1.0 0.10416666666666666 299
0.0 0.125 1286
0.041666666666666664 0.125 1228
0.08333333333333333 0.125 1146
0.125 0.125 1112
0.16666666666666666 0.125 1255
0.20833333333333331 0.125 1171
0.25 0.125 1252
0.29166666666666663 0.125 1205
0.3333333333333333 0.125 1184
0.375 0.125 1156
0.41666666666666663 0.125 1095
0.4583333333333333 0.125 1046
0.5 0.125 1122
0.5416666666666666 0.125 1170
0.5833333333333333 0.125 1092
0.625 0.125 1052
0.6666666666666666 0.125 1064
0.7083333333333333 0.125 1063
0.75 0.125 879
0.7916666666666666 0.125 991
0.8333333333333333 0.125 1021
0.875 0.125 1078
0.9166666666666666 0.125 1031
0.9583333333333333 0.125 321
1.0 0.125 970
0.0 0.14583333333333331 1174
0.041666666666666664 0.14583333333333331 1217
0.08333333333333333 0.14583333333333331 1183
0.125 0.14583333333333331 1254
0.16666666666666666 0.14583333333333331 1234
0.20833333333333331 0.14583333333333331 1177
0.25 0.14583333333333331 1107
0.29166666666666663 0.14583333333333331 1204
0.3333333333333333 0.14583333333333331 1128
0.375 0.14583333333333331 1123
0.41666666666666663 0.14583333333333331 1190
0.4583333333333333 0.14583333333333331 1097
0.5 0.14583333333333331 1107
0.5416666666666666 0.14583333333333331 1103
0.5833333333333333 0.14583333333333331 1052
0.625 0.14583333333333331 1022
0.6666666666666666 0.14583333333333331 951
0.7083333333333333 0.14583333333333331 929
0.75 0.14583333333333331 867
0.7916666666666666 0.14583333333333331 812
0.8333333333333333 0.14583333333333331 911
0.875 0.14583333333333331 944
0.9166666666666666 0.14583333333333331 1045
0.9583333333333333 0.14583333333333331 624
1.0 0.14583333333333331 902
0.0 0.16666666666666666 1300
0.041666666666666664 0.16666666666666666 1246
0.08333333333333333 0.16666666666666666 1246
0.125 0.16666666666666666 1188
0.16666666666666666 0.16666666666666666 1246
0.20833333333333331 0.16666666666666666 1176
0.25 0.16666666666666666 1167
0.29166666666666663 0.16666666666666666 1163
0.3333333333333333 0.16666666666666666 1086
0.375 0.16666666666666666 1144
0.41666666666666663 0.16666666666666666 1112
0.4583333333333333 0.16666666666666666 1147
0.5 0.16666666666666666 1064
0.5416666666666666 0.16666666666666666 1111
0.5833333333333333 0.16666666666666666 1076
0.625 0.16666666666666666 1005
0.6666666666666666 0.16666666666666666 986
0.7083333333333333 0.16666666666666666 1068
0.75 0.16666666666666666 1073
0.7916666666666666 0.16666666666666666 990
0.8333333333333333 0.16666666666666666 1054
0.875 0.16666666666666666 642
0.9166666666666666 0.16666666666666666 523
0.9583333333333333 0.16666666666666666 886
1.0 0.16666666666666666 556
0.0 0.1875 1200
0.041666666666666664 0.1875 1242
0.08333333333333333 0.1875 1168
0.125 0.1875 1227
0.16666666666666666 0.1875 1266
0.20833333333333331 0.1875 1224
0.25 0.1875 1130
0.29166666666666663 0.1875 1240
0.3333333333333333 0.1875 1127
0.375 0.1875 1175
0.41666666666666663 0.1875 1154
0.4583333333333333 0.1875 1170
0.5 0.1875 1092
0.5416666666666666 0.1875 1103
0.5833333333333333 0.1875 1065
0.625 0.1875 1206
0.6666666666666666 0.1875 1021
0.7083333333333333 0.1875 1054
0.75 0.1875 865
0.7916666666666666 0.1875 955
0.8333333333333333 0.1875 1079
0.875 0.1875 631
0.9166666666666666 0.1875 761
0.9583333333333333 0.1875 353
1.0 0.1875 418
0.0 0.20833333333333331 1205
0.041666666666666664 0.20833333333333331 1252
0.08333333333333333 0.20833333333333331 1199
0.125 0.20833333333333331 1150
0.16666666666666666 0.20833333333333331 1320
0.20833333333333331 0.20833333333333331 1162
0.25 0.20833333333333331 1138
0.29166666666666663 0.20833333333333331 1168
0.3333333333333333 0.20833333333333331 1133
0.375 0.20833333333333331 1140
0.41666666666666663 0.20833333333333331 1175
0.4583333333333333 0.20833333333333331 1126
0.5 0.20833333333333331 1135
0.5416666666666666 0.20833333333333331 1090
0.5833333333333333 0.20833333333333331 1044
0.625 0.20833333333333331 1090
0.6666666666666666 0.20833333333333331 1105
0.7083333333333333 0.20833333333333331 914
0.75 0.20833333333333331 1013
0.7916666666666666 0.20833333333333331 1265
0.8333333333333333 0.20833333333333331 850
0.875 0.20833333333333331 733
0.9166666666666666 0.20833333333333331 874
0.9583333333333333 0.20833333333333331 562
1.0 0.20833333333333331 832
0.0 0.22916666666666666 1247
0.041666666666666664 0.22916666666666666 1178
0.08333333333333333 0.22916666666666666 1208
0.125 0.22916666666666666 1210
0.16666666666666666 0.22916666666666666 1255
0.20833333333333331 0.22916666666666666 1198
0.25 0.22916666666666666 1211
0.29166666666666663 0.22916666666666666 1096
0.3333333333333333 0.22916666666666666 1187
0.375 0.22916666666666666 1076
0.41666666666666663 0.22916666666666666 1069
0.4583333333333333 0.22916666666666666 1071
0.5 0.22916666666666666 1094
0.5416666666666666 0.22916666666666666 1143
0.5833333333333333 0.22916666666666666 958
0.625 0.22916666666666666 1006
0.6666666666666666 0.22916666666666666 1191
0.7083333333333333 0.22916666666666666 1177
0.75 0.22916666666666666 1126
0.7916666666666666 0.22916666666666666 833
0.8333333333333333 0.22916666666666666 1164
0.875 0.22916666666666666 694
0.9166666666666666 0.22916666666666666 959
0.9583333333333333 0.22916666666666666 404
1.0 0.22916666666666666 1165
0.0 0.25 1197
0.041666666666666664 0.25 1275
0.08333333333333333 0.25 1247
0.125 0.25 1198
0.16666666666666666 0.25 1268
0.20833333333333331 0.25 1147
0.25 0.25 1263
0.29166666666666663 0.25 1131
0.3333333333333333 0.25 1216
0.375 0.25 1179
0.41666666666666663 0.25 1148
0.4583333333333333 0.25 1188
0.5 0.25 1227
0.5416666666666666 0.25 1058
0.5833333333333333 0.25 1132
0.625 0.25 1232
0.6666666666666666 0.25 1062
0.7083333333333333 0.25 981
0.75 0.25 959
0.7916666666666666 0.25 1171
0.8333333333333333 0.25 802
0.875 0.25 919
0.9166666666666666 0.25 1326
0.9583333333333333 0.25 988
1.0 0.25 446
0.0 0.2708333333333333 1377
0.041666666666666664 0.2708333333333333 1253
0.08333333333333333 0.2708333333333333 1238
0.125 0.2708333333333333 1190
0.16666666666666666 0.2708333333333333 1171
0.20833333333333331 0.2708333333333333 1127
0.25 0.2708333333333333 1177
0.29166666666666663 0.2708333333333333 1114
0.3333333333333333 0.2708333333333333 1231
0.375 0.2708333333333333 1132
0.41666666666666663 0.2708333333333333 1265
0.4583333333333333 0.2708333333333333 1199
0.5 0.2708333333333333 1049
0.5416666666666666 0.2708333333333333 1283
0.5833333333333333 0.2708333333333333 1106
0.625 0.2708333333333333 1074
0.6666666666666666 0.2708333333333333 1038
0.7083333333333333 0.2708333333333333 1123
0.75 0.2708333333333333 1254
0.7916666666666666 0.2708333333333333 1216
0.8333333333333333 0.2708333333333333 815
0.875 0.2708333333333333 841
0.9166666666666666 0.2708333333333333 754
0.9583333333333333 0.2708333333333333 1270
1.0 0.2708333333333333 1299
0.0 0.29166666666666663 1259
0.041666666666666664 0.29166666666666663 1175
0.08333333333333333 0.29166666666666663 1287
0.125 0.29166666666666663 1286
0.16666666666666666 0.29166666666666663 1234
0.20833333333333331 0.29166666666666663 1215
0.25 0.29166666666666663 1262
0.29166666666666663 0.29166666666666663 1267
0.3333333333333333 0.29166666666666663 1233
0.375 0.29166666666666663 1184
0.41666666666666663 0.29166666666666663 1209
0.4583333333333333 0.29166666666666663 1120
0.5 0.29166666666666663 1095
0.5416666666666666 0.29166666666666663 1
0.5833333333333333 0.29166666666666663 1102
0.625 0.29166666666666663 1108
0.6666666666666666 0.29166666666666663 1109
0.7083333333333333 0.29166666666666663 1005
0.75 0.29166666666666663 1195
0.7916666666666666 0.29166666666666663 1096
0.8333333333333333 0.29166666666666663 1215
0.875 0.29166666666666663 921
0.9166666666666666 0.29166666666666663 1214
0.9583333333333333 0.29166666666666663 556
1.0 0.29166666666666663 523
0.0 0.3125 1253
0.041666666666666664 0.3125 1198
0.08333333333333333 0.3125 1207
0.125 0.3125 1259
0.16666666666666666 0.3125 1227
0.20833333333333331 0.3125 1209
0.25 0.3125 1236
0.29166666666666663 0.3125 1142
0.3333333333333333 0.3125 1150
0.375 0.3125 1213
0.41666666666666663 0.3125 1124
0.4583333333333333 0.3125 1162
0.5 0.3125 1126
0.5416666666666666 0.3125 1182
0.5833333333333333 0.3125 1119
0.625 0.3125 1102
0.6666666666666666 0.3125 1258
0.7083333333333333 0.3125 1122
0.75 0.3125 908
0.7916666666666666 0.3125 1201
0.8333333333333333 0.3125 1070
0.875 0.3125 1316
0.9166666666666666 0.3125 873
0.9583333333333333 0.3125 734
1.0 0.3125 772
0.0 0.3333333333333333 1187
0.041666666666666664 0.3333333333333333 1281
0.08333333333333333 0.3333333333333333 1118
0.125 0.3333333333333333 1262
0.16666666666666666 0.3333333333333333 1227
0.20833333333333331 0.3333333333333333 1341
0.25 0.3333333333333333 1243
0.29166666666666663 0.3333333333333333 1232
0.3333333333333333 0.3333333333333333 1275
0.375 0.3333333333333333 1137
0.41666666666666663 0.3333333333333333 1272
0.4583333333333333 0.3333333333333333 1132
0.5 0.3333333333333333 1141
0.5416666666666666 0.3333333333333333 1118
0.5833333333333333 0.3333333333333333 1112
0.625 0.3333333333333333 1106
0.6666666666666666 0.3333333333333333 1045
0.7083333333333333 0.3333333333333333 975
0.75 0.3333333333333333 1285
0.7916666666666666 0.3333333333333333 888
0.8333333333333333 0.3333333333333333 1258
0.875 0.3333333333333333 1
0.9166666666666666 0.3333333333333333 992
0.9583333333333333 0.3333333333333333 1239
1.0 0.3333333333333333 855
0.0 0.35416666666666663 1257
0.041666666666666664 0.35416666666666663 1285
0.08333333333333333 0.35416666666666663 1234
0.125 0.35416666666666663 1254
0.16666666666666666 0.35416666666666663 1142
0.20833333333333331 0.35416666666666663 1209
0.25 0.35416666666666663 1154
0.29166666666666663 0.35416666666666663 1294
0.3333333333333333 0.35416666666666663 1252
0.375 0.35416666666666663 1271
0.41666666666666663 0.35416666666666663 1239
0.4583333333333333 0.35416666666666663 1210
0.5 0.35416666666666663 1164
0.5416666666666666 0.35416666666666663 1074
0.5833333333333333 0.35416666666666663 1139
0.625 0.35416666666666663 1228
0.6666666666666666 0.35416666666666663 1329
0.7083333333333333 0.35416666666666663 988
0.75 0.35416666666666663 991
0.7916666666666666 0.35416666666666663 826
0.8333333333333333 0.35416666666666663 1180
0.875 0.35416666666666663 928
0.9166666666666666 0.35416666666666663 619
0.9583333333333333 0.35416666666666663 1197
1.0 0.35416666666666663 614
0.0 0.375 1229
0.041666666666666664 0.375 1179
0.08333333333333333 0.375 1294
0.125 0.375 1286
0.16666666666666666 0.375 1170
0.20833333333333331 0.375 1131
0.25 0.375 1119
0.29166666666666663 0.375 1325
0.3333333333333333 0.375 1232
0.375 0.375 1201
0.41666666666666663 0.375 1197
0.4583333333333333 0.375 1201
0.5 0.375 1179
0.5416666666666666 0.375 1149
0.5833333333333333 0.375 1194
0.625 0.375 1227
0.6666666666666666 0.375 1107
0.7083333333333333 0.375 990
0.75 0.375 1304
0.7916666666666666 0.375 1113
0.8333333333333333 0.375 815
0.875 0.375 1297
0.9166666666666666 0.375 1005
0.9583333333333333 0.375 980
1.0 0.375 966
0.0 0.3958333333333333 1184
0.041666666666666664 0.3958333333333333 1171
0.08333333333333333 0.3958333333333333 1276
0.125 0.3958333333333333 1287
0.16666666666666666 0.3958333333333333 1300
0.20833333333333331 0.3958333333333333 1199
0.25 0.3958333333333333 1305
0.29166666666666663 0.3958333333333333 1279
0.3333333333333333 0.3958333333333333 1189
0.375 0.3958333333333333 1160
0.41666666666666663 0.3958333333333333 1136
0.4583333333333333 0.3958333333333333 1126
0.5 0.3958333333333333 1246
0.5416666666666666 0.3958333333333333 0
0.5833333333333333 0.3958333333333333 1078
0.625 0.3958333333333333 1255
0.6666666666666666 0.3958333333333333 1076
0.7083333333333333 0.3958333333333333 1286
0.75 0.3958333333333333 1155
0.7916666666666666 0.3958333333333333 857
0.8333333333333333 0.3958333333333333 1312
0.875 0.3958333333333333 1216
0.9166666666666666 0.3958333333333333 1098
0.9583333333333333 0.3958333333333333 700
1.0 0.3958333333333333 1253
0.0 0.41666666666666663 1265
0.041666666666666664 0.41666666666666663 1253
0.08333333333333333 0.41666666666666663 1217
0.125 0.41666666666666663 1283
0.16666666666666666 0.41666666666666663 1160
0.20833333333333331 0.41666666666666663 1201
0.25 0.41666666666666663 1321
0.29166666666666663 0.41666666666666663 1161
0.3333333333333333 0.41666666666666663 1136
0.375 0.41666666666666663 1257
0.41666666666666663 0.41666666666666663 1189
0.4583333333333333 0.41666666666666663 1141
0.5 0.41666666666666663 1179
0.5416666666666666 0.41666666666666663 1149
0.5833333333333333 0.41666666666666663 1112
0.625 0.41666666666666663 1263
0.6666666666666666 0.41666666666666663 1123
0.7083333333333333 0.41666666666666663 1054
0.75 0.41666666666666663 1227
0.7916666666666666 0.41666666666666663 1225
0.8333333333333333 0.41666666666666663 1148
0.875 0.41666666666666663 853
0.9166666666666666 0.41666666666666663 983
0.9583333333333333 0.41666666666666663 1287
1.0 0.41666666666666663 857
0.0 0.4375 1258
0.041666666666666664 0.4375 1256
0.08333333333333333 0.4375 1242
0.125 0.4375 1326
0.16666666666666666 0.4375 1251
0.20833333333333331 0.4375 1256
0.25 0.4375 1146
0.29166666666666663 0.4375 1276
0.3333333333333333 0.4375 1282
0.375 0.4375 1173
0.41666666666666663 0.4375 1254
0.4583333333333333 0.4375 1345
0.5 0.4375 1166
0.5416666666666666 0.4375 1106
0.5833333333333333 0.4375 1105
0.625 0.4375 1339
0.6666666666666666 0.4375 1056
0.7083333333333333 0.4375 1292
0.75 0.4375 1277
0.7916666666666666 0.4375 1295
0.8333333333333333 0.4375 1260
0.875 0.4375 789
0.9166666666666666 0.4375 853
0.9583333333333333 0.4375 1201
1.0 0.4375 1349
0.0 0.4583333333333333 1320
0.041666666666666664 0.4583333333333333 1195
0.08333333333333333 0.4583333333333333 1301
0.125 0.4583333333333333 1187
0.16666666666666666 0.4583333333333333 1225
0.20833333333333331 0.4583333333333333 1254
0.25 0.4583333333333333 1127
0.29166666666666663 0.4583333333333333 1207
0.3333333333333333 0.4583333333333333 1194
0.375 0.4583333333333333 1200
0.41666666666666663 0.4583333333333333 1172
0.4583333333333333 0.4583333333333333 1286
0.5 0.4583333333333333 1292
0.5416666666666666 0.4583333333333333 1085
0.5833333333333333 0.4583333333333333 1106
0.625 0.4583333333333333 1252
0.6666666666666666 0.4583333333333333 1261
0.7083333333333333 0.4583333333333333 1326
0.75 0.4583333333333333 981
0.7916666666666666 0.4583333333333333 1218
0.8333333333333333 0.4583333333333333 1325
0.875 0.4583333333333333 1027
0.9166666666666666 0.4583333333333333 1306
0.9583333333333333 0.4583333333333333 907
1.0 0.4583333333333333 1209
0.0 0.47916666666666663 1302
0.041666666666666664 0.47916666666666663 1210
0.08333333333333333 0.47916666666666663 1332
0.125 0.47916666666666663 1240
0.16666666666666666 0.47916666666666663 1238
0.20833333333333331 0.47916666666666663 1222
0.25 0.47916666666666663 1151
0.29166666666666663 0.47916666666666663 1298
0.3333333333333333 0.47916666666666663 1225
0.375 0.47916666666666663 1214
0.41666666666666663 0.47916666666666663 1234
0.4583333333333333 0.47916666666666663 1245
0.5 0.47916666666666663 1310
0.5416666666666666 0.47916666666666663 1127
0.5833333333333333 0.47916666666666663 1180
0.625 0.47916666666666663 1109
0.6666666666666666 0.47916666666666663 1232
0.7083333333333333 0.47916666666666663 1264
0.75 0.47916666666666663 1278
0.7916666666666666 0.47916666666666663 946
0.8333333333333333 0.47916666666666663 1282
0.875 0.47916666666666663 1166
0.9166666666666666 0.47916666666666663 1079
0.9583333333333333 0.47916666666666663 1065
1.0 0.47916666666666663 1240
0.0 0.5 1195
0.041666666666666664 0.5 1193
0.08333333333333333 0.5 1292
0.125 0.5 1205
0.16666666666666666 0.5 1157
0.20833333333333331 0.5 1285
0.25 0.5 1200
0.29166666666666663 0.5 1276
0.3333333333333333 0.5 1106
0.375 0.5 1160
0.41666666666666663 0.5 1152
0.4583333333333333 0.5 1275
0.5 0.5 1300
0.5416666666666666 0.5 1261
0.5833333333333333 0.5 1191
0.625 0.5 1189
0.6666666666666666 0.5 1183
0.7083333333333333 0.5 1100
0.75 0.5 1308
0.7916666666666666 0.5 1055
0.8333333333333333 0.5 917
0.875 0.5 1267
0.9166666666666666 0.5 1267
0.9583333333333333 0.5 1230
1.0 0.5 1303
