0.0 0.0 1291
0.041666666666666664 0.0 1288
0.08333333333333333 0.0 1225
0.125 0.0 1159
0.16666666666666666 0.0 1220
0.20833333333333331 0.0 1254
0.25 0.0 1221
0.29166666666666663 0.0 1254
0.3333333333333333 0.0 1173
0.375 0.0 1104
0.41666666666666663 0.0 1175
0.4583333333333333 0.0 1064
0.5 0.0 1
0.5416666666666666 0.0 1088
0.5833333333333333 0.0 997
0.625 0.0 1041
0.6666666666666666 0.0 910
0.7083333333333333 0.0 884
0.75 0.0 901
0.7916666666666666 0.0 691
0.8333333333333333 0.0 691
0.875 0.0 563
0.9166666666666666 0.0 0
0.9583333333333333 0.0 0
1.0 0.0 0
0.0 0.020833333333333332 1207
0.041666666666666664 0.020833333333333332 1163
0.08333333333333333 0.020833333333333332 1226
0.125 0.020833333333333332 1208
0.16666666666666666 0.020833333333333332 1122
0.20833333333333331 0.020833333333333332 1153
0.25 0.020833333333333332 1209
0.29166666666666663 0.020833333333333332 1190
0.3333333333333333 0.020833333333333332 1208
0.375 0.020833333333333332 1150
0.41666666666666663 0.020833333333333332 1114
0.4583333333333333 0.020833333333333332 1116
0.5 0.020833333333333332 1105
0.5416666666666666 0.020833333333333332 985
0.5833333333333333 0.020833333333333332 1035
0.625 0.020833333333333332 997
0.6666666666666666 0.020833333333333332 959
0.7083333333333333 0.020833333333333332 922
0.75 0.020833333333333332 876
0.7916666666666666 0.020833333333333332 750
0.8333333333333333 0.020833333333333332 673
0.875 0.020833333333333332 596
0.9166666666666666 0.020833333333333332 466
0.9583333333333333 0.020833333333333332 280
1.0 0.020833333333333332 167
0.0 0.041666666666666664 1297
0.041666666666666664 0.041666666666666664 1314
0.08333333333333333 0.041666666666666664 1181
0.125 0.041666666666666664 1271
0.16666666666666666 0.041666666666666664 1214
0.20833333333333331 0.041666666666666664 1177
0.25 0.041666666666666664 1211
0.29166666666666663 0.041666666666666664 1181
0.3333333333333333 0.041666666666666664 1211
0.375 0.041666666666666664 1136
0.41666666666666663 0.041666666666666664 1139
0.4583333333333333 0.041666666666666664 1051
0.5 0.041666666666666664 1061
0.5416666666666666 0.041666666666666664 1069
0.5833333333333333 0.041666666666666664 1004
0.625 0.041666666666666664 989
0.6666666666666666 0.041666666666666664 944
0.7083333333333333 0.041666666666666664 924
0.75 0.041666666666666664 882
0.7916666666666666 0.041666666666666664 797
0.8333333333333333 0.041666666666666664 744
0.875 0.041666666666666664 619
0.9166666666666666 0.041666666666666664 610
0.9583333333333333 0.041666666666666664 275
1.0 0.041666666666666664 141
0.0 0.0625 1316
0.041666666666666664 0.0625 1285
0.08333333333333333 0.0625 1199
0.125 0.0625 1217
0.16666666666666666 0.0625 1286
0.20833333333333331 0.0625 1244
0.25 0.0625 1129
0.29166666666666663 0.0625 1194
0.3333333333333333 0.0625 1092
0.375 0.0625 1217
0.41666666666666663 0.0625 1072
0.4583333333333333 0.0625 1162
0.5 0.0625 1085
0.5416666666666666 0.0625 1113
0.5833333333333333 0.0625 1004
0.625 0.0625 1035
0.6666666666666666 0.0625 952
0.7083333333333333 0.0625 988
0.75 0.0625 856
0.7916666666666666 0.0625 838
0.8333333333333333 0.0625 746
0.875 0.0625 661
0.9166666666666666 0.0625 753
0.9583333333333333 0.0625 268
1.0 0.0625 327
0.0 0.08333333333333333 1293
0.041666666666666664 0.08333333333333333 1267
0.08333333333333333 0.08333333333333333 1185
0.125 0.08333333333333333 1102
0.16666666666666666 0.08333333333333333 0
0.20833333333333331 0.08333333333333333 1283
0.25 0.08333333333333333 1138
0.29166666666666663 0.08333333333333333 1095
0.3333333333333333 0.08333333333333333 1255
0.375 0.08333333333333333 1179
0.41666666666666663 0.08333333333333333 1093
0.4583333333333333 0.08333333333333333 1149
0.5 0.08333333333333333 1124
0.5416666666666666 0.08333333333333333 1022
0.5833333333333333 0.08333333333333333 990
0.625 0.08333333333333333 990
0.6666666666666666 0.08333333333333333 963
0.7083333333333333 0.08333333333333333 884
0.75 0.08333333333333333 1015
0.7916666666666666 0.08333333333333333 838
0.8333333333333333 0.08333333333333333 689
0.875 0.08333333333333333 589
0.9166666666666666 0.08333333333333333 569
0.9583333333333333 0.08333333333333333 233
1.0 0.08333333333333333 329
0.0 0.10416666666666666 1256
0.041666666666666664 0.10416666666666666 1295
0.08333333333333333 0.10416666666666666 1197
0.125 0.10416666666666666 1210
0.16666666666666666 0.10416666666666666 1219
0.20833333333333331 0.10416666666666666 1249
0.25 0.10416666666666666 1125
0.29166666666666663 0.10416666666666666 1195
0.3333333333333333 0.10416666666666666 1156
0.375 0.10416666666666666 1141
0.41666666666666663 0.10416666666666666 1189
0.4583333333333333 0.10416666666666666 1095
0.5 0.10416666666666666 1075
0.5416666666666666 0.10416666666666666 1029
0.5833333333333333 0.10416666666666666 1147
0.625 0.10416666666666666 1094
0.6666666666666666 0.10416666666666666 986
0.7083333333333333 0.10416666666666666 1020
0.75 0.10416666666666666 860
0.7916666666666666 0.10416666666666666 902
0.8333333333333333 0.10416666666666666 777
0.875 0.10416666666666666 628
0.9166666666666666 0.10416666666666666 532
0.9583333333333333 0.10416666666666666 557
1.0 0.10416666666666666 497
0.0 0.125 1285
0.041666666666666664 0.125 1308
0.08333333333333333 0.125 1273
0.125 0.125 1204
0.16666666666666666 0.125 1092
0.20833333333333331 0.125 1104
0.25 0.125 1123
0.29166666666666663 0.125 1235
0.3333333333333333 0.125 1145
0.375 0.125 1198
0.41666666666666663 0.125 1049
0.4583333333333333 0.125 1175
0.5 0.125 1120
0.5416666666666666 0.125 1055
0.5833333333333333 0.125 1019
0.625 0.125 1024
0.6666666666666666 0.125 962
0.7083333333333333 0.125 941
0.75 0.125 913
0.7916666666666666 0.125 846
0.8333333333333333 0.125 909
0.875 0.125 659
0.9166666666666666 0.125 538
0.9583333333333333 0.125 814
1.0 0.125 808
0.0 0.14583333333333331 1157
0.041666666666666664 0.14583333333333331 1321
0.08333333333333333 0.14583333333333331 1242
0.125 0.14583333333333331 1223
0.16666666666666666 0.14583333333333331 1172
0.20833333333333331 0.14583333333333331 1147
0.25 0.14583333333333331 1080
0.29166666666666663 0.14583333333333331 1091
0.3333333333333333 0.14583333333333331 1144
0.375 0.14583333333333331 1104
0.41666666666666663 0.14583333333333331 1150
0.4583333333333333 0.14583333333333331 1118
0.5 0.14583333333333331 1103
0.5416666666666666 0.14583333333333331 1102
0.5833333333333333 0.14583333333333331 1019
0.625 0.14583333333333331 1052
0.6666666666666666 0.14583333333333331 951
0.7083333333333333 0.14583333333333331 917
0.75 0.14583333333333331 855
0.7916666666666666 0.14583333333333331 840
0.8333333333333333 0.14583333333333331 756
0.875 0.14583333333333331 612
0.9166666666666666 0.14583333333333331 574
0.9583333333333333 0.14583333333333331 354
1.0 0.14583333333333331 1133
0.0 0.16666666666666666 1144
0.041666666666666664 0.16666666666666666 1154
0.08333333333333333 0.16666666666666666 1290
0.125 0.16666666666666666 1226
0.16666666666666666 0.16666666666666666 1269
0.20833333333333331 0.16666666666666666 1179
0.25 0.16666666666666666 1227
0.29166666666666663 0.16666666666666666 1156
0.3333333333333333 0.16666666666666666 1140
0.375 0.16666666666666666 1128
0.41666666666666663 0.16666666666666666 1169
0.4583333333333333 0.16666666666666666 1112
0.5 0.16666666666666666 1125
0.5416666666666666 0.16666666666666666 1077
0.5833333333333333 0.16666666666666666 1177
0.625 0.16666666666666666 1029
0.6666666666666666 0.16666666666666666 1034
0.7083333333333333 0.16666666666666666 968
0.75 0.16666666666666666 897
0.7916666666666666 0.16666666666666666 801
0.8333333333333333 0.16666666666666666 1065
0.875 0.16666666666666666 749
0.9166666666666666 0.16666666666666666 994
0.9583333333333333 0.16666666666666666 313
1.0 0.16666666666666666 504
0.0 0.1875 1229
0.041666666666666664 0.1875 1222
0.08333333333333333 0.1875 1186
0.125 0.1875 1154
0.16666666666666666 0.1875 1192
0.20833333333333331 0.1875 1207
0.25 0.1875 1229
0.29166666666666663 0.1875 1211
0.3333333333333333 0.1875 1101
0.375 0.1875 1154
0.41666666666666663 0.1875 1133
0.4583333333333333 0.1875 1038
0.5 0.1875 1036
0.5416666666666666 0.1875 1142
0.5833333333333333 0.1875 1079
0.625 0.1875 974
0.6666666666666666 0.1875 1181
0.7083333333333333 0.1875 1002
0.75 0.1875 869
0.7916666666666666 0.1875 934
0.8333333333333333 0.1875 899
0.875 0.1875 799
0.9166666666666666 0.1875 885
0.9583333333333333 0.1875 367
1.0 0.1875 584
0.0 0.20833333333333331 1297
0.041666666666666664 0.20833333333333331 1198
0.08333333333333333 0.20833333333333331 1230
0.125 0.20833333333333331 1178
0.16666666666666666 0.20833333333333331 1203
0.20833333333333331 0.20833333333333331 1142
0.25 0.20833333333333331 1232
0.29166666666666663 0.20833333333333331 1283
0.3333333333333333 0.20833333333333331 1206
0.375 0.20833333333333331 1172
0.41666666666666663 0.20833333333333331 1082
0.4583333333333333 0.20833333333333331 1167
0.5 0.20833333333333331 1111
0.5416666666666666 0.20833333333333331 1149
0.5833333333333333 0.20833333333333331 1134
0.625 0.20833333333333331 1179
0.6666666666666666 0.20833333333333331 1012
0.7083333333333333 0.20833333333333331 915
0.75 0.20833333333333331 902
0.7916666666666666 0.20833333333333331 1134
0.8333333333333333 0.20833333333333331 905
0.875 0.20833333333333331 903
0.9166666666666666 0.20833333333333331 1008
0.9583333333333333 0.20833333333333331 1180
1.0 0.20833333333333331 1101
0.0 0.22916666666666666 1173
0.041666666666666664 0.22916666666666666 1239
0.08333333333333333 0.22916666666666666 1285
0.125 0.22916666666666666 1177
0.16666666666666666 0.22916666666666666 1186
0.20833333333333331 0.22916666666666666 1279
0.25 0.22916666666666666 1158
0.29166666666666663 0.22916666666666666 1159
0.3333333333333333 0.22916666666666666 1148
0.375 0.22916666666666666 1148
0.41666666666666663 0.22916666666666666 1109
0.4583333333333333 0.22916666666666666 1187
0.5 0.22916666666666666 1147
0.5416666666666666 0.22916666666666666 997
0.5833333333333333 0.22916666666666666 1047
0.625 0.22916666666666666 1163
0.6666666666666666 0.22916666666666666 1103
0.7083333333333333 0.22916666666666666 1030
0.75 0.22916666666666666 1105
0.7916666666666666 0.22916666666666666 795
0.8333333333333333 0.22916666666666666 835
0.875 0.22916666666666666 970
0.9166666666666666 0.22916666666666666 898
0.9583333333333333 0.22916666666666666 454
1.0 0.22916666666666666 1037
0.0 0.25 1288
0.041666666666666664 0.25 1305
0.08333333333333333 0.25 1276
0.125 0.25 1248
0.16666666666666666 0.25 1284
0.20833333333333331 0.25 1168
0.25 0.25 1232
0.29166666666666663 0.25 1228
0.3333333333333333 0.25 1222
0.375 0.25 1292
0.41666666666666663 0.25 1175
0.4583333333333333 0.25 1261
0.5 0.25 1082
0.5416666666666666 0.25 1117
0.5833333333333333 0.25 1234
0.625 0.25 1151
0.6666666666666666 0.25 1091
0.7083333333333333 0.25 1025
0.75 0.25 998
0.7916666666666666 0.25 808
0.8333333333333333 0.25 732
0.875 0.25 649
0.9166666666666666 0.25 945
0.9583333333333333 0.25 871
1.0 0.25 1287
0.0 0.2708333333333333 1315
0.041666666666666664 0.2708333333333333 1231
0.08333333333333333 0.2708333333333333 1253
0.125 0.2708333333333333 1262
0.16666666666666666 0.2708333333333333 1173
0.20833333333333331 0.2708333333333333 1239
0.25 0.2708333333333333 1235
0.29166666666666663 0.2708333333333333 1242
0.3333333333333333 0.2708333333333333 1204
0.375 0.2708333333333333 1160
0.41666666666666663 0.2708333333333333 1129
0.4583333333333333 0.2708333333333333 1148
0.5 0.2708333333333333 1114
0.5416666666666666 0.2708333333333333 1111
0.5833333333333333 0.2708333333333333 1089
0.625 0.2708333333333333 1241
0.6666666666666666 0.2708333333333333 1150
0.7083333333333333 0.2708333333333333 909
0.75 0.2708333333333333 852
0.7916666666666666 0.2708333333333333 1207
0.8333333333333333 0.2708333333333333 975
0.875 0.2708333333333333 874
0.9166666666666666 0.2708333333333333 1217
0.9583333333333333 0.2708333333333333 1309
1.0 0.2708333333333333 773
0.0 0.29166666666666663 1165
0.041666666666666664 0.29166666666666663 1324
0.08333333333333333 0.29166666666666663 1229
0.125 0.29166666666666663 1332
0.16666666666666666 0.29166666666666663 1223
0.20833333333333331 0.29166666666666663 1188
0.25 0.29166666666666663 1230
0.29166666666666663 0.29166666666666663 1172
0.3333333333333333 0.29166666666666663 1188
0.375 0.29166666666666663 1241
0.41666666666666663 0.29166666666666663 1142
0.4583333333333333 0.29166666666666663 1151
0.5 0.29166666666666663 1247
0.5416666666666666 0.29166666666666663 1214
0.5833333333333333 0.29166666666666663 1251
0.625 0.29166666666666663 1280
0.6666666666666666 0.29166666666666663 1119
0.7083333333333333 0.29166666666666663 884
0.75 0.29166666666666663 863
0.7916666666666666 0.29166666666666663 1210
0.8333333333333333 0.29166666666666663 883
0.875 0.29166666666666663 1215
0.9166666666666666 0.29166666666666663 1153
0.9583333333333333 0.29166666666666663 851
1.0 0.29166666666666663 480
0.0 0.3125 1
0.041666666666666664 0.3125 1244
0.08333333333333333 0.3125 1200
0.125 0.3125 1200
0.16666666666666666 0.3125 1283
0.20833333333333331 0.3125 1200
0.25 0.3125 1211
0.29166666666666663 0.3125 1219
0.3333333333333333 0.3125 1227
0.375 0.3125 1245
0.41666666666666663 0.3125 1166
0.4583333333333333 0.3125 1213
0.5 0.3125 1233
0.5416666666666666 0.3125 1123
0.5833333333333333 0.3125 1072
0.625 0.3125 1105
0.6666666666666666 0.3125 1191
0.7083333333333333 0.3125 1294
0.75 0.3125 893
0.7916666666666666 0.3125 924
0.8333333333333333 0.3125 853
0.875 0.3125 1239
0.9166666666666666 0.3125 1225
0.9583333333333333 0.3125 1005
1.0 0.3125 1307
0.0 0.3333333333333333 1259
0.041666666666666664 0.3333333333333333 1279
0.08333333333333333 0.3333333333333333 1242
0.125 0.3333333333333333 1327
0.16666666666666666 0.3333333333333333 1191
0.20833333333333331 0.3333333333333333 1241
0.25 0.3333333333333333 1243
0.29166666666666663 0.3333333333333333 1220
0.3333333333333333 0.3333333333333333 1184
0.375 0.3333333333333333 1206
0.41666666666666663 0.3333333333333333 1343
0.4583333333333333 0.3333333333333333 1097
0.5 0.3333333333333333 1088
0.5416666666666666 0.3333333333333333 1193
0.5833333333333333 0.3333333333333333 1202
0.625 0.3333333333333333 1140
0.6666666666666666 0.3333333333333333 1068
0.7083333333333333 0.3333333333333333 974
0.75 0.3333333333333333 1175
0.7916666666666666 0.3333333333333333 1291
0.8333333333333333 0.3333333333333333 1306
0.875 0.3333333333333333 700
0.9166666666666666 0.3333333333333333 1253
0.9583333333333333 0.3333333333333333 1118
1.0 0.3333333333333333 952
0.0 0.35416666666666663 1223
0.041666666666666664 0.35416666666666663 1232
0.08333333333333333 0.35416666666666663 1266
0.125 0.35416666666666663 1227
0.16666666666666666 0.35416666666666663 1278
0.20833333333333331 0.35416666666666663 1301
0.25 0.35416666666666663 1290
0.29166666666666663 0.35416666666666663 1217
0.3333333333333333 0.35416666666666663 1223
0.375 0.35416666666666663 1247
0.41666666666666663 0.35416666666666663 1287
0.4583333333333333 0.35416666666666663 1132
0.5 0.35416666666666663 1324
0.5416666666666666 0.35416666666666663 1334
0.5833333333333333 0.35416666666666663 1108
0.625 0.35416666666666663 1083
0.6666666666666666 0.35416666666666663 960
0.7083333333333333 0.35416666666666663 991
0.75 0.35416666666666663 1144
0.7916666666666666 0.35416666666666663 940
0.8333333333333333 0.35416666666666663 1159
0.875 0.35416666666666663 1301
0.9166666666666666 0.35416666666666663 910
0.9583333333333333 0.35416666666666663 957
1.0 0.35416666666666663 1264
0.0 0.375 1208
0.041666666666666664 0.375 1210
0.08333333333333333 0.375 1154
0.125 0.375 1278
0.16666666666666666 0.375 1150
0.20833333333333331 0.375 1241
0.25 0.375 1254
0.29166666666666663 0.375 1298
0.3333333333333333 0.375 1167
0.375 0.375 1213
0.41666666666666663 0.375 1150
0.4583333333333333 0.375 1287
0.5 0.375 1112
0.5416666666666666 0.375 1137
0.5833333333333333 0.375 1276
0.625 0.375 1293
0.6666666666666666 0.375 1224
0.7083333333333333 0.375 959
0.75 0.375 1213
0.7916666666666666 0.375 921
0.8333333333333333 0.375 853
0.875 0.375 726
0.9166666666666666 0.375 868
0.9583333333333333 0.375 1182
1.0 0.375 1060
0.0 0.3958333333333333 1237
0.041666666666666664 0.3958333333333333 1263
0.08333333333333333 0.3958333333333333 1265
0.125 0.3958333333333333 1206
0.16666666666666666 0.3958333333333333 1142
0.20833333333333331 0.3958333333333333 1226
0.25 0.3958333333333333 1175
0.29166666666666663 0.3958333333333333 1353
0.3333333333333333 0.3958333333333333 1221
0.375 0.3958333333333333 1149
0.41666666666666663 0.3958333333333333 1280
0.4583333333333333 0.3958333333333333 1122
0.5 0.3958333333333333 1237
0.5416666666666666 0.3958333333333333 1133
0.5833333333333333 0.3958333333333333 1264
0.625 0.3958333333333333 1239
0.6666666666666666 0.3958333333333333 1216
0.7083333333333333 0.3958333333333333 1338
0.75 0.3958333333333333 1073
0.7916666666666666 0.3958333333333333 892
0.8333333333333333 0.3958333333333333 1223
0.875 0.3958333333333333 1318
0.9166666666666666 0.3958333333333333 1269
0.9583333333333333 0.3958333333333333 1220
1.0 0.3958333333333333 1096
0.0 0.41666666666666663 1142
0.041666666666666664 0.41666666666666663 1283
0.08333333333333333 0.41666666666666663 1283
0.125 0.41666666666666663 1260
0.16666666666666666 0.41666666666666663 1220
0.20833333333333331 0.41666666666666663 1179
0.25 0.41666666666666663 1330
0.29166666666666663 0.41666666666666663 1215
0.3333333333333333 0.41666666666666663 1289
0.375 0.41666666666666663 1207
0.41666666666666663 0.41666666666666663 1277
0.4583333333333333 0.41666666666666663 1119
0.5 0.41666666666666663 1312
0.5416666666666666 0.41666666666666663 1102
0.5833333333333333 0.41666666666666663 1348
0.625 0.41666666666666663 1296
0.6666666666666666 0.41666666666666663 1255
0.7083333333333333 0.41666666666666663 943
0.75 0.41666666666666663 1193
0.7916666666666666 0.41666666666666663 1297
0.8333333333333333 0.41666666666666663 1320
0.875 0.41666666666666663 1151
0.9166666666666666 0.41666666666666663 1265
0.9583333333333333 0.41666666666666663 1299
1.0 0.41666666666666663 747
0.0 0.4375 1210
0.041666666666666664 0.4375 1283
0.08333333333333333 0.4375 1311
0.125 0.4375 1189
0.16666666666666666 0.4375 1272
0.20833333333333331 0.4375 1204
0.25 0.4375 1193
0.29166666666666663 0.4375 1308
0.3333333333333333 0.4375 1314
0.375 0.4375 1188
0.41666666666666663 0.4375 1259
0.4583333333333333 0.4375 1253
0.5 0.4375 1325
0.5416666666666666 0.4375 1181
0.5833333333333333 0.4375 1336
0.625 0.4375 1187
0.6666666666666666 0.4375 1074
0.7083333333333333 0.4375 1054
0.75 0.4375 1319
0.7916666666666666 0.4375 1188
0.8333333333333333 0.4375 854
0.875 0.4375 1222
0.9166666666666666 0.4375 1279
0.9583333333333333 0.4375 1174
1.0 0.4375 1187
0.0 0.4583333333333333 1249
0.041666666666666664 0.4583333333333333 1289
0.08333333333333333 0.4583333333333333 1283
0.125 0.4583333333333333 1223
0.16666666666666666 0.4583333333333333 1253
0.20833333333333331 0.4583333333333333 1346
0.25 0.4583333333333333 1195
0.29166666666666663 0.4583333333333333 1186
0.3333333333333333 0.4583333333333333 1231
0.375 0.4583333333333333 1135
0.41666666666666663 0.4583333333333333 1287
0.4583333333333333 0.4583333333333333 1094
0.5 0.4583333333333333 1288
0.5416666666666666 0.4583333333333333 1061
0.5833333333333333 0.4583333333333333 1275
0.625 0.4583333333333333 1237
0.6666666666666666 0.4583333333333333 1286
0.7083333333333333 0.4583333333333333 1063
0.75 0.4583333333333333 1288
0.7916666666666666 0.4583333333333333 1246
0.8333333333333333 0.4583333333333333 885
0.875 0.4583333333333333 1294
0.9166666666666666 0.4583333333333333 846
0.9583333333333333 0.4583333333333333 1246
1.0 0.4583333333333333 858
0.0 0.47916666666666663 1253
0.041666666666666664 0.47916666666666663 1329
0.08333333333333333 0.47916666666666663 1250
0.125 0.47916666666666663 1277
0.16666666666666666 0.47916666666666663 1280
0.20833333333333331 0.47916666666666663 1138
0.25 0.47916666666666663 1223
0.29166666666666663 0.47916666666666663 1316
0.3333333333333333 0.47916666666666663 1203
0.375 0.47916666666666663 1247
0.41666666666666663 0.47916666666666663 1305
0.4583333333333333 0.47916666666666663 1311
0.5 0.47916666666666663 1244
0.5416666666666666 0.47916666666666663 1113
0.5833333333333333 0.47916666666666663 1120
0.625 0.47916666666666663 1334
0.6666666666666666 0.47916666666666663 1126
0.7083333333333333 0.47916666666666663 1112
0.75 0.47916666666666663 985
0.7916666666666666 0.47916666666666663 1298
0.8333333333333333 0.47916666666666663 1213
0.875 0.47916666666666663 1313
0.9166666666666666 0.47916666666666663 1021
0.9583333333333333 0.47916666666666663 0
1.0 0.47916666666666663 984
0.0 0.5 1259
0.041666666666666664 0.5 1184
0.08333333333333333 0.5 1312
0.125 0.5 1175
0.16666666666666666 0.5 1174
0.20833333333333331 0.5 1290
0.25 0.5 1317
0.29166666666666663 0.5 1256
0.3333333333333333 0.5 1241
0.375 0.5 1214
0.41666666666666663 0.5 1327
0.4583333333333333 0.5 1157
0.5 0.5 1220
0.5416666666666666 0.5 1077
0.5833333333333333 0.5 1277
0.625 0.5 1080
0.6666666666666666 0.5 1041
0.7083333333333333 0.5 1280
0.75 0.5 1186
0.7916666666666666 0.5 1191
0.8333333333333333 0.5 1214
0.875 0.5 1275
0.9166666666666666 0.5 1140
0.9583333333333333 0.5 1127
1.0 0.5 956
