0.0 0.0 1290
0.041666666666666664 0.0 1281
0.08333333333333333 0.0 1258
0.125 0.0 1259
0.16666666666666666 0.0 1269
0.20833333333333331 0.0 1228
0.25 0.0 1213
0.29166666666666663 0.0 1166
0.3333333333333333 0.0 1141
0.375 0.0 1141
0.41666666666666663 0.0 1140
0.4583333333333333 0.0 1192
0.5 0.0 1073
0.5416666666666666 0.0 1143
0.5833333333333333 0.0 1037
0.625 0.0 1010
0.6666666666666666 0.0 0
0.7083333333333333 0.0 1
0.75 0.0 846
0.7916666666666666 0.0 801
0.8333333333333333 0.0 695
0.875 0.0 619
0.9166666666666666 0.0 1
0.9583333333333333 0.0 209
1.0 0.0 1
0.0 0.020833333333333332 1169
0.041666666666666664 0.020833333333333332 1240
0.08333333333333333 0.020833333333333332 1333
0.125 0.020833333333333332 1261
0.16666666666666666 0.020833333333333332 1170
0.20833333333333331 0.020833333333333332 1124
0.25 0.020833333333333332 1247
0.29166666666666663 0.020833333333333332 1253
0.3333333333333333 0.020833333333333332 1200
0.375 0.020833333333333332 1165
0.41666666666666663 0.020833333333333332 1168
0.4583333333333333 0.020833333333333332 1106
0.5 0.020833333333333332 1097
0.5416666666666666 0.020833333333333332 1170
0.5833333333333333 0.020833333333333332 1075
0.625 0.020833333333333332 1019
0.6666666666666666 0.020833333333333332 1013
0.7083333333333333 0.020833333333333332 964
0.75 0.020833333333333332 869
0.7916666666666666 0.020833333333333332 814
0.8333333333333333 0.020833333333333332 715
0.875 0.020833333333333332 608
0.9166666666666666 0.020833333333333332 480
0.9583333333333333 0.020833333333333332 224
1.0 0.020833333333333332 342
0.0 0.041666666666666664 1132
0.041666666666666664 0.041666666666666664 1237
0.08333333333333333 0.041666666666666664 1305
0.125 0.041666666666666664 1181
0.16666666666666666 0.041666666666666664 1200
0.20833333333333331 0.041666666666666664 1128
0.25 0.041666666666666664 1252
0.29166666666666663 0.041666666666666664 1179
0.3333333333333333 0.041666666666666664 1137
0.375 0.041666666666666664 1198
0.41666666666666663 0.041666666666666664 1085
0.4583333333333333 0.041666666666666664 1123
0.5 0.041666666666666664 1061
0.5416666666666666 0.041666666666666664 977
0.5833333333333333 0.041666666666666664 1007
0.625 0.041666666666666664 940
0.6666666666666666 0.041666666666666664 964
0.7083333333333333 0.041666666666666664 918
0.75 0.041666666666666664 851
0.7916666666666666 0.041666666666666664 857
0.8333333333333333 0.041666666666666664 739
0.875 0.041666666666666664 582
0.9166666666666666 0.041666666666666664 562
0.9583333333333333 0.041666666666666664 335
1.0 0.041666666666666664 291
0.0 0.0625 1171
0.041666666666666664 0.0625 1236
0.08333333333333333 0.0625 1248
0.125 0.0625 1154
0.16666666666666666 0.0625 1131
0.20833333333333331 0.0625 1193
0.25 0.0625 1137
0.29166666666666663 0.0625 1157
0.3333333333333333 0.0625 1209
0.375 0.0625 1119
0.41666666666666663 0.0625 1128
0.4583333333333333 0.0625 1173
0.5 0.0625 1106
0.5416666666666666 0.0625 1065
0.5833333333333333 0.0625 1001
0.625 0.0625 970
0.6666666666666666 0.0625 981
0.7083333333333333 0.0625 930
0.75 0.0625 984
0.7916666666666666 0.0625 828
0.8333333333333333 0.0625 761
0.875 0.0625 616
0.9166666666666666 0.0625 554
0.9583333333333333 0.0625 255
1.0 0.0625 666
0.0 0.08333333333333333 1259
0.041666666666666664 0.08333333333333333 1181
0.08333333333333333 0.08333333333333333 1166
0.125 0.08333333333333333 1186
0.16666666666666666 0.08333333333333333 1184
0.20833333333333331 0.08333333333333333 1259
0.25 0.08333333333333333 1130
0.29166666666666663 0.08333333333333333 1116
0.3333333333333333 0.08333333333333333 1164
0.375 0.08333333333333333 1175
0.41666666666666663 0.08333333333333333 1152
0.4583333333333333 0.08333333333333333 1117
0.5 0.08333333333333333 1081
0.5416666666666666 0.08333333333333333 1038
0.5833333333333333 0.08333333333333333 1024
0.625 0.08333333333333333 978
0.6666666666666666 0.08333333333333333 929
0.7083333333333333 0.08333333333333333 971
0.75 0.08333333333333333 929
0.7916666666666666 0.08333333333333333 846
0.8333333333333333 0.08333333333333333 829
0.875 0.08333333333333333 638
0.9166666666666666 0.08333333333333333 548
0.9583333333333333 0.08333333333333333 503
1.0 0.08333333333333333 387
0.0 0.10416666666666666 1364
0.041666666666666664 0.10416666666666666 1307
0.08333333333333333 0.10416666666666666 1164
0.125 0.10416666666666666 1220
0.16666666666666666 0.10416666666666666 1176
0.20833333333333331 0.10416666666666666 1218
0.25 0.10416666666666666 1209
0.29166666666666663 0.10416666666666666 1145
0.3333333333333333 0.10416666666666666 1114
0.375 0.10416666666666666 1159
0.41666666666666663 0.10416666666666666 1261
0.4583333333333333 0.10416666666666666 1132
0.5 0.10416666666666666 1077
0.5416666666666666 0.10416666666666666 1084
0.5833333333333333 0.10416666666666666 1035
0.625 0.10416666666666666 981
0.6666666666666666 0.10416666666666666 958
0.7083333333333333 0.10416666666666666 965
0.75 0.10416666666666666 976
0.7916666666666666 0.10416666666666666 805
0.8333333333333333 0.10416666666666666 875
0.875 0.10416666666666666 846
0.9166666666666666 0.10416666666666666 559
0.9583333333333333 0.10416666666666666 669
1.0 0.10416666666666666 368
0.0 0.125 1249
0.041666666666666664 0.125 1190
0.08333333333333333 0.125 1240
0.125 0.125 1234
0.16666666666666666 0.125 1161
0.20833333333333331 0.125 1121
0.25 0.125 1168
0.29166666666666663 0.125 1103
0.3333333333333333 0.125 1149
0.375 0.125 1211
0.41666666666666663 0.125 1152
0.4583333333333333 0.125 1125
0.5 0.125 1031
0.5416666666666666 0.125 992
0.5833333333333333 0.125 1077
0.625 0.125 1067
0.6666666666666666 0.125 1044
0.7083333333333333 0.125 977
0.75 0.125 935
0.7916666666666666 0.125 865
0.8333333333333333 0.125 920
0.875 0.125 630
0.9166666666666666 0.125 512
0.9583333333333333 0.125 858
1.0 0.125 441
0.0 0.14583333333333331 1196
0.041666666666666664 0.14583333333333331 1142
0.08333333333333333 0.14583333333333331 1245
0.125 0.14583333333333331 1277
0.16666666666666666 0.14583333333333331 1200
0.20833333333333331 0.14583333333333331 1145
0.25 0.14583333333333331 1268
0.29166666666666663 0.14583333333333331 1197
0.3333333333333333 0.14583333333333331 1106
0.375 0.14583333333333331 1188
0.41666666666666663 0.14583333333333331 1144
0.4583333333333333 0.14583333333333331 1061
0.5 0.14583333333333331 1058
0.5416666666666666 0.14583333333333331 1072
0.5833333333333333 0.14583333333333331 1020
0.625 0.14583333333333331 1071
0.6666666666666666 0.14583333333333331 1080
0.7083333333333333 0.14583333333333331 922
0.75 0.14583333333333331 1047
0.7916666666666666 0.14583333333333331 913
0.8333333333333333 0.14583333333333331 883
0.875 0.14583333333333331 856
0.9166666666666666 0.14583333333333331 538
0.9583333333333333 0.14583333333333331 316
1.0 0.14583333333333331 800
0.0 0.16666666666666666 1337
0.041666666666666664 0.16666666666666666 1290
0.08333333333333333 0.16666666666666666 1194
0.125 0.16666666666666666 1108
0.16666666666666666 0.16666666666666666 1198
0.20833333333333331 0.16666666666666666 1267
0.25 0.16666666666666666 1262
0.29166666666666663 0.16666666666666666 1130
0.3333333333333333 0.16666666666666666 1154
0.375 0.16666666666666666 1110
0.41666666666666663 0.16666666666666666 1073
0.4583333333333333 0.16666666666666666 1078
0.5 0.16666666666666666 1057
0.5416666666666666 0.16666666666666666 1062
0.5833333333333333 0.16666666666666666 1176
0.625 0.16666666666666666 1043
0.6666666666666666 0.16666666666666666 944
0.7083333333333333 0.16666666666666666 1043
0.75 0.16666666666666666 978
0.7916666666666666 0.16666666666666666 869
0.8333333333333333 0.16666666666666666 733
0.875 0.16666666666666666 736
0.9166666666666666 0.16666666666666666 1056
0.9583333333333333 0.16666666666666666 885
1.0 0.16666666666666666 563
0.0 0.1875 1291
0.041666666666666664 0.1875 1262
0.08333333333333333 0.1875 1245
0.125 0.1875 1318
0.16666666666666666 0.1875 1200
0.20833333333333331 0.1875 1218
0.25 0.1875 1204
0.29166666666666663 0.1875 1158
0.3333333333333333 0.1875 1176
0.375 0.1875 1151
0.41666666666666663 0.1875 1154
0.4583333333333333 0.1875 1145
0.5 0.1875 1051
0.5416666666666666 0.1875 1060
0.5833333333333333 0.1875 1054
0.625 0.1875 1180
0.6666666666666666 0.1875 1173
0.7083333333333333 0.1875 915
0.75 0.1875 908
0.7916666666666666 0.1875 921
0.8333333333333333 0.1875 770
0.875 0.1875 1168
0.9166666666666666 0.1875 586
0.9583333333333333 0.1875 608
1.0 0.1875 435
0.0 0.20833333333333331 1301
0.041666666666666664 0.20833333333333331 1262
0.08333333333333333 0.20833333333333331 1294
0.125 0.20833333333333331 1265
0.16666666666666666 0.20833333333333331 1263
0.20833333333333331 0.20833333333333331 1249
0.25 0.20833333333333331 1215
0.29166666666666663 0.20833333333333331 1115
0.3333333333333333 0.20833333333333331 1157
0.375 0.20833333333333331 1143
0.41666666666666663 0.20833333333333331 1155
0.4583333333333333 0.20833333333333331 1152
0.5 0.20833333333333331 1092
0.5416666666666666 0.20833333333333331 1181
0.5833333333333333 0.20833333333333331 1022
0.625 0.20833333333333331 1050
0.6666666666666666 0.20833333333333331 955
0.7083333333333333 0.20833333333333331 1131
0.75 0.20833333333333331 980
0.7916666666666666 0.20833333333333331 1209
0.8333333333333333 0.20833333333333331 732
0.875 0.20833333333333331 658
0.9166666666666666 0.20833333333333331 508
0.9583333333333333 0.20833333333333331 365
1.0 0.20833333333333331 529
0.0 0.22916666666666666 1197
0.041666666666666664 0.22916666666666666 1250
0.08333333333333333 0.22916666666666666 1283
0.125 0.22916666666666666 1305
0.16666666666666666 0.22916666666666666 1124
0.20833333333333331 0.22916666666666666 1214
0.25 0.22916666666666666 1225
0.29166666666666663 0.22916666666666666 1232
0.3333333333333333 0.22916666666666666 1173
0.375 0.22916666666666666 1141
0.41666666666666663 0.22916666666666666 1156
0.4583333333333333 0.22916666666666666 1196
0.5 0.22916666666666666 1073
0.5416666666666666 0.22916666666666666 1209
0.5833333333333333 0.22916666666666666 1044
0.625 0.22916666666666666 1057
0.6666666666666666 0.22916666666666666 1065
0.7083333333333333 0.22916666666666666 1005
0.75 0.22916666666666666 850
0.7916666666666666 0.22916666666666666 1046
0.8333333333333333 0.22916666666666666 849
0.875 0.22916666666666666 687
0.9166666666666666 0.22916666666666666 645
0.9583333333333333 0.22916666666666666 615
1.0 0.22916666666666666 1191
0.0 0.25 1261
0.041666666666666664 0.25 1296
0.08333333333333333 0.25 1288
0.125 0.25 1235
0.16666666666666666 0.25 1259
0.20833333333333331 0.25 1236
0.25 0.25 1258
0.29166666666666663 0.25 1138
0.3333333333333333 0.25 1157
0.375 0.25 1247
0.41666666666666663 0.25 1154
0.4583333333333333 0.25 1110
0.5 0.25 1090
0.5416666666666666 0.25 1017
0.5833333333333333 0.25 1163
0.625 0.25 1187
0.6666666666666666 0.25 977
0.7083333333333333 0.25 1029
0.75 0.25 1004
0.7916666666666666 0.25 854
0.8333333333333333 0.25 1120
0.875 0.25 670
0.9166666666666666 0.25 656
0.9583333333333333 0.25 1086
1.0 0.25 934
0.0 0.2708333333333333 1339
0.041666666666666664 0.2708333333333333 1264
0.08333333333333333 0.2708333333333333 1279
0.125 0.2708333333333333 1237
0.16666666666666666 0.2708333333333333 1247
0.20833333333333331 0.2708333333333333 1254
0.25 0.2708333333333333 1206
0.29166666666666663 0.2708333333333333 1234
0.3333333333333333 0.2708333333333333 1196
0.375 0.2708333333333333 1149
0.41666666666666663 0.2708333333333333 1164
0.4583333333333333 0.2708333333333333 1178
0.5 0.2708333333333333 1079
0.5416666666666666 0.2708333333333333 1225
0.5833333333333333 0.2708333333333333 1077
0.625 0.2708333333333333 1086
0.6666666666666666 0.2708333333333333 1081
0.7083333333333333 0.2708333333333333 1307
0.75 0.2708333333333333 1019
0.7916666666666666 0.2708333333333333 939
0.8333333333333333 0.2708333333333333 808
0.875 0.2708333333333333 714
0.9166666666666666 0.2708333333333333 1135
0.9583333333333333 0.2708333333333333 545
1.0 0.2708333333333333 1139
0.0 0.29166666666666663 1324
0.041666666666666664 0.29166666666666663 0
0.08333333333333333 0.29166666666666663 1214
0.125 0.29166666666666663 1331
0.16666666666666666 0.29166666666666663 1264
0.20833333333333331 0.29166666666666663 1239
0.25 0.29166666666666663 1208
0.29166666666666663 0.29166666666666663 1209
0.3333333333333333 0.29166666666666663 1280
0.375 0.29166666666666663 1206
0.41666666666666663 0.29166666666666663 1137
0.4583333333333333 0.29166666666666663 1146
0.5 0.29166666666666663 1092
0.5416666666666666 0.29166666666666663 1045
0.5833333333333333 0.29166666666666663 1093
0.625 0.29166666666666663 1239
0.6666666666666666 0.29166666666666663 1238
0.7083333333333333 0.29166666666666663 988
0.75 0.29166666666666663 1161
0.7916666666666666 0.29166666666666663 1139
0.8333333333333333 0.29166666666666663 838
0.875 0.29166666666666663 935
0.9166666666666666 0.29166666666666663 664
0.9583333333333333 0.29166666666666663 1279
1.0 0.29166666666666663 1268
0.0 0.3125 1261
0.041666666666666664 0.3125 1314
0.08333333333333333 0.3125 1157
0.125 0.3125 1151
0.16666666666666666 0.3125 1312
0.20833333333333331 0.3125 1210
0.25 0.3125 1226
0.29166666666666663 0.3125 1245
0.3333333333333333 0.3125 1177
0.375 0.3125 1142
0.41666666666666663 0.3125 1305
0.4583333333333333 0.3125 1164
0.5 0.3125 1229
0.5416666666666666 0.3125 1180
0.5833333333333333 0.3125 1313
0.625 0.3125 1076
0.6666666666666666 0.3125 1029
0.7083333333333333 0.3125 1030
0.75 0.3125 915
0.7916666666666666 0.3125 1137
0.8333333333333333 0.3125 1056
0.875 0.3125 1060
0.9166666666666666 0.3125 675
0.9583333333333333 0.3125 1157
1.0 0.3125 798
0.0 0.3333333333333333 0
0.041666666666666664 0.3333333333333333 1146
0.08333333333333333 0.3333333333333333 1236
0.125 0.3333333333333333 1189
0.16666666666666666 0.3333333333333333 1161
0.20833333333333331 0.3333333333333333 1228
0.25 0.3333333333333333 1259
0.29166666666666663 0.3333333333333333 1154
0.3333333333333333 0.3333333333333333 1198
0.375 0.3333333333333333 1182
0.41666666666666663 0.3333333333333333 1118
0.4583333333333333 0.3333333333333333 1117
0.5 0.3333333333333333 1296
0.5416666666666666 0.3333333333333333 1078
0.5833333333333333 0.3333333333333333 1358
0.625 0.3333333333333333 1074
0.6666666666666666 0.3333333333333333 989
0.7083333333333333 0.3333333333333333 1164
0.75 0.3333333333333333 1264
0.7916666666666666 0.3333333333333333 1034
0.8333333333333333 0.3333333333333333 1331
0.875 0.3333333333333333 1214
0.9166666666666666 0.3333333333333333 1188
0.9583333333333333 0.3333333333333333 1163
1.0 0.3333333333333333 1149
0.0 0.35416666666666663 1320
0.041666666666666664 0.35416666666666663 1226
0.08333333333333333 0.35416666666666663 1205
0.125 0.35416666666666663 1299
0.16666666666666666 0.35416666666666663 1278
0.20833333333333331 0.35416666666666663 1247
0.25 0.35416666666666663 1295
0.29166666666666663 0.35416666666666663 1209
0.3333333333333333 0.35416666666666663 1218
0.375 0.35416666666666663 1240
0.41666666666666663 0.35416666666666663 1305
0.4583333333333333 0.35416666666666663 1187
0.5 0.35416666666666663 1223
0.5416666666666666 0.35416666666666663 1053
0.5833333333333333 0.35416666666666663 1151
0.625 0.35416666666666663 1086
0.6666666666666666 0.35416666666666663 1088
0.7083333333333333 0.35416666666666663 1013
0.75 0.35416666666666663 1008
0.7916666666666666 0.35416666666666663 1262
0.8333333333333333 0.35416666666666663 1296
0.875 0.35416666666666663 1206
0.9166666666666666 0.35416666666666663 1260
0.9583333333333333 0.35416666666666663 1222
1.0 0.35416666666666663 884
0.0 0.375 1180
0.041666666666666664 0.375 1203
0.08333333333333333 0.375 1138
0.125 0.375 1239
0.16666666666666666 0.375 1254
0.20833333333333331 0.375 1230
0.25 0.375 1271
0.29166666666666663 0.375 1186
0.3333333333333333 0.375 1317
0.375 0.375 1158
0.41666666666666663 0.375 1247
0.4583333333333333 0.375 1296
0.5 0.375 1307
0.5416666666666666 0.375 1275
0.5833333333333333 0.375 1259
0.625 0.375 1026
0.6666666666666666 0.375 1290
0.7083333333333333 0.375 1031
0.75 0.375 955
0.7916666666666666 0.375 1131
0.8333333333333333 0.375 1287
0.875 0.375 1243
0.9166666666666666 0.375 1278
0.9583333333333333 0.375 1284
1.0 0.375 1102
0.0 0.3958333333333333 1274
0.041666666666666664 0.3958333333333333 1386
0.08333333333333333 0.3958333333333333 1173
0.125 0.3958333333333333 1189
0.16666666666666666 0.3958333333333333 1219
0.20833333333333331 0.3958333333333333 1340
0.25 0.3958333333333333 1162
0.29166666666666663 0.3958333333333333 1209
0.3333333333333333 0.3958333333333333 1300
0.375 0.3958333333333333 1234
0.41666666666666663 0.3958333333333333 1135
0.4583333333333333 0.3958333333333333 1138
0.5 0.3958333333333333 1168
0.5416666666666666 0.3958333333333333 1302
0.5833333333333333 0.3958333333333333 1096
0.625 0.3958333333333333 1210
0.6666666666666666 0.3958333333333333 1323
0.7083333333333333 0.3958333333333333 999
0.75 0.3958333333333333 1278
0.7916666666666666 0.3958333333333333 1113
0.8333333333333333 0.3958333333333333 1077
0.875 0.3958333333333333 1220
0.9166666666666666 0.3958333333333333 1241
0.9583333333333333 0.3958333333333333 1223
1.0 0.3958333333333333 1208
0.0 0.41666666666666663 1296
0.041666666666666664 0.41666666666666663 1145
0.08333333333333333 0.41666666666666663 1254
0.125 0.41666666666666663 1216
0.16666666666666666 0.41666666666666663 1258
0.20833333333333331 0.41666666666666663 1287
0.25 0.41666666666666663 1304
0.29166666666666663 0.41666666666666663 1089
0.3333333333333333 0.41666666666666663 1313
0.375 0.41666666666666663 1140
0.41666666666666663 0.41666666666666663 1171
0.4583333333333333 0.41666666666666663 1207
0.5 0.41666666666666663 1281
0.5416666666666666 0.41666666666666663 1218
0.5833333333333333 0.41666666666666663 1156
0.625 0.41666666666666663 1309
0.6666666666666666 0.41666666666666663 1228
0.7083333333333333 0.41666666666666663 1293
0.75 0.41666666666666663 981
0.7916666666666666 0.41666666666666663 1063
0.8333333333333333 0.41666666666666663 1262
0.875 0.41666666666666663 1301
0.9166666666666666 0.41666666666666663 1057
0.9583333333333333 0.41666666666666663 1208
1.0 0.41666666666666663 1259
0.0 0.4375 1259
0.041666666666666664 0.4375 1278
0.08333333333333333 0.4375 1243
0.125 0.4375 1218
0.16666666666666666 0.4375 1107
0.20833333333333331 0.4375 1257
0.25 0.4375 1135
0.29166666666666663 0.4375 1253
0.3333333333333333 0.4375 1309
0.375 0.4375 1198
0.41666666666666663 0.4375 1194
0.4583333333333333 0.4375 1241
0.5 0.4375 1300
0.5416666666666666 0.4375 1126
0.5833333333333333 0.4375 1118
0.625 0.4375 1162
0.6666666666666666 0.4375 1285
0.7083333333333333 0.4375 1313
0.75 0.4375 937
0.7916666666666666 0.4375 1313
0.8333333333333333 0.4375 858
0.875 0.4375 1224
0.9166666666666666 0.4375 813
0.9583333333333333 0.4375 1151
1.0 0.4375 1314
0.0 0.4583333333333333 1302
0.041666666666666664 0.4583333333333333 1207
0.08333333333333333 0.4583333333333333 1218
0.125 0.4583333333333333 1259
0.16666666666666666 0.4583333333333333 1220
0.20833333333333331 0.4583333333333333 1249
0.25 0.4583333333333333 1280
0.29166666666666663 0.4583333333333333 1225
0.3333333333333333 0.4583333333333333 1134
0.375 0.4583333333333333 1262
0.41666666666666663 0.4583333333333333 1185
0.4583333333333333 0.4583333333333333 1129
0.5 0.4583333333333333 1284
0.5416666666666666 0.4583333333333333 1113
0.5833333333333333 0.4583333333333333 1285
0.625 0.4583333333333333 1282
0.6666666666666666 0.4583333333333333 1045
0.7083333333333333 0.4583333333333333 1016
0.75 0.4583333333333333 1014
0.7916666666666666 0.4583333333333333 1033
0.8333333333333333 0.4583333333333333 1304
0.875 0.4583333333333333 1235
0.9166666666666666 0.4583333333333333 1295
0.9583333333333333 0.4583333333333333 1321
1.0 0.4583333333333333 754
0.0 0.47916666666666663 1140
0.041666666666666664 0.47916666666666663 1270
0.08333333333333333 0.47916666666666663 1235
0.125 0.47916666666666663 1248
0.16666666666666666 0.47916666666666663 1184
0.20833333333333331 0.47916666666666663 1247
0.25 0.47916666666666663 1237
0.29166666666666663 0.47916666666666663 1149
0.3333333333333333 0.47916666666666663 1224
0.375 0.47916666666666663 1296
0.41666666666666663 0.47916666666666663 1283
0.4583333333333333 0.47916666666666663 1131
0.5 0.47916666666666663 1168
0.5416666666666666 0.47916666666666663 1107
0.5833333333333333 0.47916666666666663 1060
0.625 0.47916666666666663 1049
0.6666666666666666 0.47916666666666663 1227
0.7083333333333333 0.47916666666666663 1085
0.75 0.47916666666666663 1307
0.7916666666666666 0.47916666666666663 1304
0.8333333333333333 0.47916666666666663 1249
0.875 0.47916666666666663 1238
0.9166666666666666 0.47916666666666663 821
0.9583333333333333 0.47916666666666663 1297
1.0 0.47916666666666663 1076
0.0 0.5 1242
0.041666666666666664 0.5 1245
0.08333333333333333 0.5 1155
0.125 0.5 1282
0.16666666666666666 0.5 1258
0.20833333333333331 0.5 0
0.25 0.5 1154
0.29166666666666663 0.5 1198
0.3333333333333333 0.5 1277
0.375 0.5 1097
0.41666666666666663 0.5 1232
0.4583333333333333 0.5 1133
0.5 0.5 1106
0.5416666666666666 0.5 1104
0.5833333333333333 0.5 1282
0.625 0.5 1239
0.6666666666666666 0.5 1029
0.7083333333333333 0.5 1157
0.75 0.5 1290
0.7916666666666666 0.5 1263
0.8333333333333333 0.5 1131
0.875 0.5 1255
0.9166666666666666 0.5 1272
0.9583333333333333 0.5 774
1.0 0.5 799
