0.0 0.0 1376
0.041666666666666664 0.0 1204
0.08333333333333333 0.0 1242
0.125 0.0 1187
0.16666666666666666 0.0 1221
0.20833333333333331 0.0 1237
0.25 0.0 1172
0.29166666666666663 0.0 1196
0.3333333333333333 0.0 1164
0.375 0.0 1117
0.41666666666666663 0.0 1068
0.4583333333333333 0.0 1082
0.5 0.0 1046
0.5416666666666666 0.0 1086
0.5833333333333333 0.0 970
0.625 0.0 1027
0.6666666666666666 0.0 935
0.7083333333333333 0.0 920
0.75 0.0 879
0.7916666666666666 0.0 801
0.8333333333333333 0.0 704
0.875 0.0 585
0.9166666666666666 0.0 0
0.9583333333333333 0.0 176
1.0 0.0 1
0.0 0.020833333333333332 1325
0.041666666666666664 0.020833333333333332 1141
0.08333333333333333 0.020833333333333332 1197
0.125 0.020833333333333332 1304
0.16666666666666666 0.020833333333333332 1202
0.20833333333333331 0.020833333333333332 1173
0.25 0.020833333333333332 1077
0.29166666666666663 0.020833333333333332 1160
0.3333333333333333 0.020833333333333332 1169
0.375 0.020833333333333332 1128
0.41666666666666663 0.020833333333333332 1115
0.4583333333333333 0.020833333333333332 1150
0.5 0.020833333333333332 1084
0.5416666666666666 0.020833333333333332 1052
0.5833333333333333 0.020833333333333332 1045
0.625 0.020833333333333332 989
0.6666666666666666 0.020833333333333332 948
0.7083333333333333 0.020833333333333332 914
0.75 0.020833333333333332 910
0.7916666666666666 0.020833333333333332 766
0.8333333333333333 0.020833333333333332 691
0.875 0.020833333333333332 602
0.9166666666666666 0.020833333333333332 447
0.9583333333333333 0.020833333333333332 204
1.0 0.020833333333333332 87
0.0 0.041666666666666664 1322
0.041666666666666664 0.041666666666666664 1229
0.08333333333333333 0.041666666666666664 1264
0.125 0.041666666666666664 1190
0.16666666666666666 0.041666666666666664 1222
0.20833333333333331 0.041666666666666664 1204
0.25 0.041666666666666664 1159
0.29166666666666663 0.041666666666666664 1169
0.3333333333333333 0.041666666666666664 1136
0.375 0.041666666666666664 1170
0.41666666666666663 0.041666666666666664 1045
0.4583333333333333 0.041666666666666664 1045
0.5 0.041666666666666664 1139
0.5416666666666666 0.041666666666666664 1054
0.5833333333333333 0.041666666666666664 1006
0.625 0.041666666666666664 965
0.6666666666666666 0.041666666666666664 949
0.7083333333333333 0.041666666666666664 928
0.75 0.041666666666666664 837
0.7916666666666666 0.041666666666666664 785
0.8333333333333333 0.041666666666666664 730
0.875 0.041666666666666664 620
0.9166666666666666 0.041666666666666664 518
0.9583333333333333 0.041666666666666664 243
1.0 0.041666666666666664 296
0.0 0.0625 1360
0.041666666666666664 0.0625 1215
0.08333333333333333 0.0625 1244
0.125 0.0625 1256
0.16666666666666666 0.0625 1157
0.20833333333333331 0.0625 1232
0.25 0.0625 1096
0.29166666666666663 0.0625 1258
0.3333333333333333 0.0625 1173
0.375 0.0625 1194
0.41666666666666663 0.0625 1229
0.4583333333333333 0.0625 1114
0.5 0.0625 1042
0.5416666666666666 0.0625 1114
0.5833333333333333 0.0625 1009
0.625 0.0625 988
0.6666666666666666 0.0625 930
0.7083333333333333 0.0625 989
0.75 0.0625 885
0.7916666666666666 0.0625 848
0.8333333333333333 0.0625 708
0.875 0.0625 598
0.9166666666666666 0.0625 501
0.9583333333333333 0.0625 526
1.0 0.0625 117
0.0 0.08333333333333333 1263
0.041666666666666664 0.08333333333333333 1250
0.08333333333333333 0.08333333333333333 1232
0.125 0.08333333333333333 1241
0.16666666666666666 0.08333333333333333 1257
0.20833333333333331 0.08333333333333333 1219
0.25 0.08333333333333333 1207
0.29166666666666663 0.08333333333333333 1130
0.3333333333333333 0.08333333333333333 1223
0.375 0.08333333333333333 1119
0.41666666666666663 0.08333333333333333 1079
0.4583333333333333 0.08333333333333333 1090
0.5 0.08333333333333333 1099
0.5416666666666666 0.08333333333333333 1036
0.5833333333333333 0.08333333333333333 1056
0.625 0.08333333333333333 981
0.6666666666666666 0.08333333333333333 977
0.7083333333333333 0.08333333333333333 930
0.75 0.08333333333333333 983
0.7916666666666666 0.08333333333333333 813
0.8333333333333333 0.08333333333333333 786
0.875 0.08333333333333333 655
0.9166666666666666 0.08333333333333333 670
0.9583333333333333 0.08333333333333333 314
1.0 0.08333333333333333 215
0.0 0.10416666666666666 1191
0.041666666666666664 0.10416666666666666 1278
0.08333333333333333 0.10416666666666666 1240
0.125 0.10416666666666666 1327
0.16666666666666666 0.10416666666666666 1184
0.20833333333333331 0.10416666666666666 1155
0.25 0.10416666666666666 1124
0.29166666666666663 0.10416666666666666 1104
0.3333333333333333 0.10416666666666666 1154
0.375 0.10416666666666666 1101
0.41666666666666663 0.10416666666666666 1173
0.4583333333333333 0.10416666666666666 1133
0.5 0.10416666666666666 1120
0.5416666666666666 0.10416666666666666 1091
0.5833333333333333 0.10416666666666666 1030
0.625 0.10416666666666666 992
0.6666666666666666 0.10416666666666666 971
0.7083333333333333 0.10416666666666666 868
0.75 0.10416666666666666 999
0.7916666666666666 0.10416666666666666 799
0.8333333333333333 0.10416666666666666 743
0.875 0.10416666666666666 723
0.9166666666666666 0.10416666666666666 840
0.9583333333333333 0.10416666666666666 876
1.0 0.10416666666666666 212
0.0 0.125 1177
0.041666666666666664 0.125 1248
0.08333333333333333 0.125 1282
0.125 0.125 1281
0.16666666666666666 0.125 1170
0.20833333333333331 0.125 1119
0.25 0.125 1160
0.29166666666666663 0.125 1157
0.3333333333333333 0.125 1136
0.375 0.125 1083
0.41666666666666663 0.125 1133
0.4583333333333333 0.125 1200
0.5 0.125 1076
0.5416666666666666 0.125 0
0.5833333333333333 0.125 1058
0.625 0.125 1072
0.6666666666666666 0.125 935
0.7083333333333333 0.125 896
0.75 0.125 928
0.7916666666666666 0.125 783
0.8333333333333333 0.125 705
0.875 0.125 712
0.9166666666666666 0.125 563
0.9583333333333333 0.125 353
1.0 0.125 928
0.0 0.14583333333333331 1251
0.041666666666666664 0.14583333333333331 1224
0.08333333333333333 0.14583333333333331 1251
0.125 0.14583333333333331 1291
0.16666666666666666 0.14583333333333331 1243
0.20833333333333331 0.14583333333333331 1154
0.25 0.14583333333333331 1295
0.29166666666666663 0.14583333333333331 1237
0.3333333333333333 0.14583333333333331 1196
0.375 0.14583333333333331 1197
0.41666666666666663 0.14583333333333331 1127
0.4583333333333333 0.14583333333333331 1075
0.5 0.14583333333333331 1077
0.5416666666666666 0.14583333333333331 1095
0.5833333333333333 0.14583333333333331 1093
0.625 0.14583333333333331 989
0.6666666666666666 0.14583333333333331 932
0.7083333333333333 0.14583333333333331 975
0.75 0.14583333333333331 1106
0.7916666666666666 0.14583333333333331 1077
0.8333333333333333 0.14583333333333331 734
0.875 0.14583333333333331 670
0.9166666666666666 0.14583333333333331 588
0.9583333333333333 0.14583333333333331 919
1.0 0.14583333333333331 260
0.0 0.16666666666666666 1299
0.041666666666666664 0.16666666666666666 1168
0.08333333333333333 0.16666666666666666 1156
0.125 0.16666666666666666 1132
0.16666666666666666 0.16666666666666666 1154
0.20833333333333331 0.16666666666666666 1168
0.25 0.16666666666666666 1156
0.29166666666666663 0.16666666666666666 1174
0.3333333333333333 0.16666666666666666 1143
0.375 0.16666666666666666 1213
0.41666666666666663 0.16666666666666666 1173
0.4583333333333333 0.16666666666666666 1137
0.5 0.16666666666666666 1143
0.5416666666666666 0.16666666666666666 1100
0.5833333333333333 0.16666666666666666 1108
0.625 0.16666666666666666 1102
0.6666666666666666 0.16666666666666666 1010
0.7083333333333333 0.16666666666666666 1120
0.75 0.16666666666666666 870
0.7916666666666666 0.16666666666666666 1096
0.8333333333333333 0.16666666666666666 1180
0.875 0.16666666666666666 663
0.9166666666666666 0.16666666666666666 529
0.9583333333333333 0.16666666666666666 482
1.0 0.16666666666666666 1019
0.0 0.1875 1246
0.041666666666666664 0.1875 1197
0.08333333333333333 0.1875 1227
0.125 0.1875 1286
0.16666666666666666 0.1875 1154
0.20833333333333331 0.1875 1177
0.25 0.1875 1203
0.29166666666666663 0.1875 1173
0.3333333333333333 0.1875 1222
0.375 0.1875 1164
0.41666666666666663 0.1875 1178
0.4583333333333333 0.1875 1080
0.5 0.1875 1168
0.5416666666666666 0.1875 1098
0.5833333333333333 0.1875 1036
0.625 0.1875 1030
0.6666666666666666 0.1875 987
0.7083333333333333 0.1875 961
0.75 0.1875 1248
0.7916666666666666 0.1875 1177
0.8333333333333333 0.1875 1234
0.875 0.1875 723
0.9166666666666666 0.1875 573
0.9583333333333333 0.1875 445
1.0 0.1875 1083
0.0 0.20833333333333331 1279
0.041666666666666664 0.20833333333333331 1220
0.08333333333333333 0.20833333333333331 1251
0.125 0.20833333333333331 1230
0.16666666666666666 0.20833333333333331 1253
0.20833333333333331 0.20833333333333331 1186
0.25 0.20833333333333331 1203
0.29166666666666663 0.20833333333333331 1147
0.3333333333333333 0.20833333333333331 1224
0.375 0.20833333333333331 1121
0.41666666666666663 0.20833333333333331 1195
0.4583333333333333 0.20833333333333331 1134
0.5 0.20833333333333331 1117
0.5416666666666666 0.20833333333333331 1118
0.5833333333333333 0.20833333333333331 1088
0.625 0.20833333333333331 1043
0.6666666666666666 0.20833333333333331 934
0.7083333333333333 0.20833333333333331 1172
0.75 0.20833333333333331 937
0.7916666666666666 0.20833333333333331 1154
0.8333333333333333 0.20833333333333331 744
0.875 0.20833333333333331 1163
0.9166666666666666 0.20833333333333331 934
0.9583333333333333 0.20833333333333331 510
1.0 0.20833333333333331 704
0.0 0.22916666666666666 1275
0.041666666666666664 0.22916666666666666 1304
0.08333333333333333 0.22916666666666666 1260
0.125 0.22916666666666666 1281
0.16666666666666666 0.22916666666666666 1198
0.20833333333333331 0.22916666666666666 1199
0.25 0.22916666666666666 1256
0.29166666666666663 0.22916666666666666 1187
0.3333333333333333 0.22916666666666666 1219
0.375 0.22916666666666666 1130
0.41666666666666663 0.22916666666666666 1168
0.4583333333333333 0.22916666666666666 1083
0.5 0.22916666666666666 1142
0.5416666666666666 0.22916666666666666 1088
0.5833333333333333 0.22916666666666666 999
0.625 0.22916666666666666 1035
0.6666666666666666 0.22916666666666666 1033
0.7083333333333333 0.22916666666666666 989
0.75 0.22916666666666666 868
0.7916666666666666 0.22916666666666666 805
0.8333333333333333 0.22916666666666666 842
0.875 0.22916666666666666 909
0.9166666666666666 0.22916666666666666 829
0.9583333333333333 0.22916666666666666 769
1.0 0.22916666666666666 789
0.0 0.25 1271
0.041666666666666664 0.25 1144
0.08333333333333333 0.25 1267
0.125 0.25 1212
0.16666666666666666 0.25 1231
0.20833333333333331 0.25 1180
0.25 0.25 1227
0.29166666666666663 0.25 1219
0.3333333333333333 0.25 1177
0.375 0.25 1172
0.41666666666666663 0.25 1072
0.4583333333333333 0.25 1086
0.5 0.25 1119
0.5416666666666666 0.25 1089
0.5833333333333333 0.25 1080
0.625 0.25 1107
0.6666666666666666 0.25 1059
0.7083333333333333 0.25 1271
0.75 0.25 878
0.7916666666666666 0.25 904
0.8333333333333333 0.25 756
0.875 0.25 667
0.9166666666666666 0.25 1171
0.9583333333333333 0.25 1104
1.0 0.25 530
0.0 0.2708333333333333 1278
0.041666666666666664 0.2708333333333333 1271
0.08333333333333333 0.2708333333333333 1255
0.125 0.2708333333333333 1230
0.16666666666666666 0.2708333333333333 1219
0.20833333333333331 0.2708333333333333 1239
0.25 0.2708333333333333 1203
0.29166666666666663 0.2708333333333333 1201
0.3333333333333333 0.2708333333333333 1195
0.375 0.2708333333333333 1147
0.41666666666666663 0.2708333333333333 1188
0.4583333333333333 0.2708333333333333 1123
0.5 0.2708333333333333 1127
0.5416666666666666 0.2708333333333333 1264
0.5833333333333333 0.2708333333333333 1039
0.625 0.2708333333333333 1119
0.6666666666666666 0.2708333333333333 1160
0.7083333333333333 0.2708333333333333 934
0.75 0.2708333333333333 1227
0.7916666666666666 0.2708333333333333 806
0.8333333333333333 0.2708333333333333 915
0.875 0.2708333333333333 691
0.9166666666666666 0.2708333333333333 1145
0.9583333333333333 0.2708333333333333 1297
1.0 0.2708333333333333 1243
0.0 0.29166666666666663 1214
0.041666666666666664 0.29166666666666663 1192
0.08333333333333333 0.29166666666666663 1218
0.125 0.29166666666666663 1120
0.16666666666666666 0.29166666666666663 1273
0.20833333333333331 0.29166666666666663 1134
0.25 0.29166666666666663 1279
0.29166666666666663 0.29166666666666663 1247
0.3333333333333333 0.29166666666666663 1170
0.375 0.29166666666666663 1232
0.41666666666666663 0.29166666666666663 1213
0.4583333333333333 0.29166666666666663 1190
0.5 0.29166666666666663 1179
0.5416666666666666 0.29166666666666663 1227
0.5833333333333333 0.29166666666666663 1004
0.625 0.29166666666666663 1263
0.6666666666666666 0.29166666666666663 1299
0.7083333333333333 0.29166666666666663 1259
0.75 0.29166666666666663 1196
0.7916666666666666 0.29166666666666663 1187
0.8333333333333333 0.29166666666666663 762
0.875 0.29166666666666663 715
0.9166666666666666 0.29166666666666663 1131
0.9583333333333333 0.29166666666666663 569
1.0 0.29166666666666663 1079
0.0 0.3125 1219
0.041666666666666664 0.3125 1299
0.08333333333333333 0.3125 1157
0.125 0.3125 1226
0.16666666666666666 0.3125 1317
0.20833333333333331 0.3125 1167
0.25 0.3125 1240
0.29166666666666663 0.3125 1222
0.3333333333333333 0.3125 1196
0.375 0.3125 1207
0.41666666666666663 0.3125 1214
0.4583333333333333 0.3125 1119
0.5 0.3125 1139
0.5416666666666666 0.3125 1247
0.5833333333333333 0.3125 1133
0.625 0.3125 1150
0.6666666666666666 0.3125 1045
0.7083333333333333 0.3125 1011
0.75 0.3125 1310
0.7916666666666666 0.3125 1283
0.8333333333333333 0.3125 881
0.875 0.3125 1270
0.9166666666666666 0.3125 1121
0.9583333333333333 0.3125 934
1.0 0.3125 786
0.0 0.3333333333333333 1308
0.041666666666666664 0.3333333333333333 1322
0.08333333333333333 0.3333333333333333 1203
0.125 0.3333333333333333 1271
0.16666666666666666 0.3333333333333333 1257
0.20833333333333331 0.3333333333333333 1239
0.25 0.3333333333333333 1183
0.29166666666666663 0.3333333333333333 1308
0.3333333333333333 0.3333333333333333 1220
0.375 0.3333333333333333 1345
0.41666666666666663 0.3333333333333333 1222
0.4583333333333333 0.3333333333333333 1174
0.5 0.3333333333333333 1123
0.5416666666666666 0.3333333333333333 1120
0.5833333333333333 0.3333333333333333 1119
0.625 0.3333333333333333 985
0.6666666666666666 0.3333333333333333 1224
0.7083333333333333 0.3333333333333333 1071
0.75 0.3333333333333333 979
0.7916666666666666 0.3333333333333333 1084
0.8333333333333333 0.3333333333333333 1288
0.875 0.3333333333333333 1285
0.9166666666666666 0.3333333333333333 1188
0.9583333333333333 0.3333333333333333 1228
1.0 0.3333333333333333 1068
0.0 0.35416666666666663 1242
0.041666666666666664 0.35416666666666663 1276
0.08333333333333333 0.35416666666666663 1179
0.125 0.35416666666666663 1280
0.16666666666666666 0.35416666666666663 1279
0.20833333333333331 0.35416666666666663 1226
0.25 0.35416666666666663 1168
0.29166666666666663 0.35416666666666663 1262
0.3333333333333333 0.35416666666666663 1288
0.375 0.35416666666666663 1235
0.41666666666666663 0.35416666666666663 1
0.4583333333333333 0.35416666666666663 1161
0.5 0.35416666666666663 1112
0.5416666666666666 0.35416666666666663 1180
0.5833333333333333 0.35416666666666663 1073
0.625 0.35416666666666663 1228
0.6666666666666666 0.35416666666666663 1267
0.7083333333333333 0.35416666666666663 1203
0.75 0.35416666666666663 1272
0.7916666666666666 0.35416666666666663 1256
0.8333333333333333 0.35416666666666663 933
0.875 0.35416666666666663 1244
0.9166666666666666 0.35416666666666663 881
0.9583333333333333 0.35416666666666663 1110
1.0 0.35416666666666663 1093
0.0 0.375 1207
0.041666666666666664 0.375 1230
0.08333333333333333 0.375 1252
0.125 0.375 1130
0.16666666666666666 0.375 1258
0.20833333333333331 0.375 1257
0.25 0.375 1247
0.29166666666666663 0.375 1238
0.3333333333333333 0.375 1281
0.375 0.375 1173
0.41666666666666663 0.375 1144
0.4583333333333333 0.375 1266
0.5 0.375 1127
0.5416666666666666 0.375 1221
0.5833333333333333 0.375 1272
0.625 0.375 1317
0.6666666666666666 0.375 1024
0.7083333333333333 0.375 1226
0.75 0.375 945
0.7916666666666666 0.375 1257
0.8333333333333333 0.375 1053
0.875 0.375 1228
0.9166666666666666 0.375 744
0.9583333333333333 0.375 653
1.0 0.375 1282
0.0 0.3958333333333333 1225
0.041666666666666664 0.3958333333333333 1176
0.08333333333333333 0.3958333333333333 1272
0.125 0.3958333333333333 1152
0.16666666666666666 0.3958333333333333 1130
0.20833333333333331 0.3958333333333333 1268
0.25 0.3958333333333333 1287
0.29166666666666663 0.3958333333333333 1225
0.3333333333333333 0.3958333333333333 1317
0.375 0.3958333333333333 1220
0.41666666666666663 0.3958333333333333 1151
0.4583333333333333 0.3958333333333333 1184
0.5 0.3958333333333333 1185
0.5416666666666666 0.3958333333333333 1249
0.5833333333333333 0.3958333333333333 1163
0.625 0.3958333333333333 1118
0.6666666666666666 0.3958333333333333 1042
0.7083333333333333 0.3958333333333333 1017
0.75 0.3958333333333333 1211
0.7916666666666666 0.3958333333333333 1098
0.8333333333333333 0.3958333333333333 1358
0.875 0.3958333333333333 1314
0.9166666666666666 0.3958333333333333 973
0.9583333333333333 0.3958333333333333 1303
1.0 0.3958333333333333 738
0.0 0.41666666666666663 1196
0.041666666666666664 0.41666666666666663 1312
0.08333333333333333 0.41666666666666663 1286
0.125 0.41666666666666663 1234
0.16666666666666666 0.41666666666666663 1176
0.20833333333333331 0.41666666666666663 1174
0.25 0.41666666666666663 1138
0.29166666666666663 0.41666666666666663 1234
0.3333333333333333 0.41666666666666663 1290
0.375 0.41666666666666663 1123
0.41666666666666663 0.41666666666666663 1206
0.4583333333333333 0.41666666666666663 1131
0.5 0.41666666666666663 1257
0.5416666666666666 0.41666666666666663 1192
0.5833333333333333 0.41666666666666663 1137
0.625 0.41666666666666663 1049
0.6666666666666666 0.41666666666666663 1028
0.7083333333333333 0.41666666666666663 1233
0.75 0.41666666666666663 957
0.7916666666666666 0.41666666666666663 1015
0.8333333333333333 0.41666666666666663 1340
0.875 0.41666666666666663 1309
0.9166666666666666 0.41666666666666663 1070
0.9583333333333333 0.41666666666666663 887
1.0 0.41666666666666663 1010
0.0 0.4375 1215
0.041666666666666664 0.4375 1273
0.08333333333333333 0.4375 1238
0.125 0.4375 1165
0.16666666666666666 0.4375 1167
0.20833333333333331 0.4375 1233
0.25 0.4375 1173
0.29166666666666663 0.4375 1174
0.3333333333333333 0.4375 1244
0.375 0.4375 1309
0.41666666666666663 0.4375 1302
0.4583333333333333 0.4375 1135
0.5 0.4375 1259
0.5416666666666666 0.4375 1128
0.5833333333333333 0.4375 1176
0.625 0.4375 1057
0.6666666666666666 0.4375 1007
0.7083333333333333 0.4375 1242
0.75 0.4375 1125
0.7916666666666666 0.4375 965
0.8333333333333333 0.4375 878
0.875 0.4375 851
0.9166666666666666 0.4375 1240
0.9583333333333333 0.4375 1046
1.0 0.4375 1251
0.0 0.4583333333333333 1273
0.041666666666666664 0.4583333333333333 1276
0.08333333333333333 0.4583333333333333 1121
0.125 0.4583333333333333 1154
0.16666666666666666 0.4583333333333333 1192
0.20833333333333331 0.4583333333333333 1144
0.25 0.4583333333333333 1178
0.29166666666666663 0.4583333333333333 1130
0.3333333333333333 0.4583333333333333 1268
0.375 0.4583333333333333 1128
0.41666666666666663 0.4583333333333333 1256
0.4583333333333333 0.4583333333333333 1169
0.5 0.4583333333333333 1278
0.5416666666666666 0.4583333333333333 1170
0.5833333333333333 0.4583333333333333 1329
0.625 0.4583333333333333 1280
0.6666666666666666 0.4583333333333333 1261
0.7083333333333333 0.4583333333333333 1193
0.75 0.4583333333333333 1060
0.7916666666666666 0.4583333333333333 1187
0.8333333333333333 0.4583333333333333 1078
0.875 0.4583333333333333 945
0.9166666666666666 0.4583333333333333 1137
0.9583333333333333 0.4583333333333333 963
1.0 0.4583333333333333 1021
0.0 0.47916666666666663 1297
0.041666666666666664 0.47916666666666663 1293
0.08333333333333333 0.47916666666666663 1177
0.125 0.47916666666666663 1270
0.16666666666666666 0.47916666666666663 1330
0.20833333333333331 0.47916666666666663 1140
0.25 0.47916666666666663 1267
0.29166666666666663 0.47916666666666663 1319
0.3333333333333333 0.47916666666666663 1140
0.375 0.47916666666666663 1102
0.41666666666666663 0.47916666666666663 1146
0.4583333333333333 0.47916666666666663 1241
0.5 0.47916666666666663 1162
0.5416666666666666 0.47916666666666663 1299
0.5833333333333333 0.47916666666666663 1063
0.625 0.47916666666666663 1104
0.6666666666666666 0.47916666666666663 1112
0.7083333333333333 0.47916666666666663 1090
0.75 0.47916666666666663 1207
0.7916666666666666 0.47916666666666663 1135
0.8333333333333333 0.47916666666666663 1069
0.875 0.47916666666666663 1259
0.9166666666666666 0.47916666666666663 1086
0.9583333333333333 0.47916666666666663 1062
1.0 0.47916666666666663 1322
0.0 0.5 1317
0.041666666666666664 0.5 1198
0.08333333333333333 0.5 1279
0.125 0.5 1203
0.16666666666666666 0.5 1105
0.20833333333333331 0.5 1334
0.25 0.5 1323
0.29166666666666663 0.5 1225
0.3333333333333333 0.5 1210
0.375 0.5 1196
0.41666666666666663 0.5 1161
0.4583333333333333 0.5 1276
0.5 0.5 1296
0.5416666666666666 0.5 1170
0.5833333333333333 0.5 1145
0.625 0.5 1248
0.6666666666666666 0.5 1279
0.7083333333333333 0.5 1289
0.75 0.5 1223
0.7916666666666666 0.5 1079
0.8333333333333333 0.5 1283
0.875 0.5 848
0.9166666666666666 0.5 1231
0.9583333333333333 0.5 1290
1.0 0.5 1275
