0.0 0.0 1246.3
0.04166666666666666 0.0 1261.3
0.08333333333333333 0.0 1211.0
0.125 0.0 1058.0
0.16666666666666666 0.0 1105.6
0.2083333333333333 0.0 1188.4
0.25 0.0 1204.6
0.29166666666666663 0.0 1179.4
0.3333333333333333 0.0 1045.2
0.375 0.0 1118.1
0.4166666666666666 0.0 1121.9
0.4583333333333333 0.0 1004.7
0.5 0.0 971.9
0.5416666666666666 0.0 1073.8
0.5833333333333333 0.0 1012.8
0.625 0.0 1005.0
0.6666666666666666 0.0 755.4
0.7083333333333333 0.0 816.0
0.75 0.0 872.0
0.7916666666666666 0.0 681.1
0.8333333333333333 0.0 610.7
0.875 0.0 463.5
0.9166666666666666 0.0 303.5
0.9583333333333331 0.0 77.3
1.0 0.0 0.2
0.0 0.02083333333333333 1246.5
0.04166666666666666 0.02083333333333333 1246.0
0.08333333333333333 0.02083333333333333 1230.7
0.125 0.02083333333333333 1227.7
0.16666666666666666 0.02083333333333333 1171.5
0.2083333333333333 0.02083333333333333 1155.5
0.25 0.02083333333333333 1180.3
0.29166666666666663 0.02083333333333333 1199.4
0.3333333333333333 0.02083333333333333 1161.5
0.375 0.02083333333333333 1132.8
0.4166666666666666 0.02083333333333333 1119.0
0.4583333333333333 0.02083333333333333 1111.2
0.5 0.02083333333333333 1101.7
0.5416666666666666 0.02083333333333333 1061.9
0.5833333333333333 0.02083333333333333 1041.6
0.625 0.02083333333333333 1006.2
0.6666666666666666 0.02083333333333333 972.6
0.7083333333333333 0.02083333333333333 917.2
0.75 0.02083333333333333 868.6
0.7916666666666666 0.02083333333333333 798.6
0.8333333333333333 0.02083333333333333 714.7
0.875 0.02083333333333333 601.3
0.9166666666666666 0.02083333333333333 474.0
0.9583333333333331 0.02083333333333333 250.3
1.0 0.02083333333333333 172.2
0.0 0.04166666666666666 1253.6
0.04166666666666666 0.04166666666666666 1256.9
0.08333333333333333 0.04166666666666666 1228.5
0.125 0.04166666666666666 1247.6
0.16666666666666666 0.04166666666666666 1195.7
0.2083333333333333 0.04166666666666666 1183.9
0.25 0.04166666666666666 1185.5
0.29166666666666663 0.04166666666666666 1144.4
0.3333333333333333 0.04166666666666666 1169.3
0.375 0.04166666666666666 1155.4
0.4166666666666666 0.04166666666666666 1095.7
0.4583333333333333 0.04166666666666666 1091.7
0.5 0.04166666666666666 1086.4
0.5416666666666666 0.04166666666666666 1050.4
0.5833333333333333 0.04166666666666666 1025.4
0.625 0.04166666666666666 992.0
0.6666666666666666 0.04166666666666666 951.4
0.7083333333333333 0.04166666666666666 937.8
0.75 0.04166666666666666 860.9
0.7916666666666666 0.04166666666666666 800.8
0.8333333333333333 0.04166666666666666 741.4
0.875 0.04166666666666666 623.7
0.9166666666666666 0.04166666666666666 536.4
0.9583333333333331 0.04166666666666666 319.1
1.0 0.04166666666666666 272.2
0.0 0.0625 1253.2
0.04166666666666666 0.0625 1221.5
0.08333333333333333 0.0625 1239.4
0.125 0.0625 1208.4
0.16666666666666666 0.0625 1206.0
0.2083333333333333 0.0625 1214.6
0.25 0.0625 1169.2
0.29166666666666663 0.0625 1183.5
0.3333333333333333 0.0625 1146.8
0.375 0.0625 1146.3
0.4166666666666666 0.0625 1137.2
0.4583333333333333 0.0625 1123.5
0.5 0.0625 1099.0
0.5416666666666666 0.0625 1072.9
0.5833333333333333 0.0625 1047.1
0.625 0.0625 1011.6
0.6666666666666666 0.0625 960.8
0.7083333333333333 0.0625 939.3
0.75 0.0625 893.2
0.7916666666666666 0.0625 829.3
0.8333333333333333 0.0625 746.1
0.875 0.0625 658.5
0.9166666666666666 0.0625 529.7
0.9583333333333331 0.0625 400.6
1.0 0.0625 346.2
0.0 0.08333333333333333 1219.3
0.04166666666666666 0.08333333333333333 1250.9
0.08333333333333333 0.08333333333333333 1214.1
0.125 0.08333333333333333 1216.7
0.16666666666666666 0.08333333333333333 1079.8
0.2083333333333333 0.08333333333333333 1213.1
0.25 0.08333333333333333 1165.4
0.29166666666666663 0.08333333333333333 1146.5
0.3333333333333333 0.08333333333333333 1176.4
0.375 0.08333333333333333 1164.7
0.4166666666666666 0.08333333333333333 1104.2
0.4583333333333333 0.08333333333333333 1129.2
0.5 0.08333333333333333 1116.8
0.5416666666666666 0.08333333333333333 1072.9
0.5833333333333333 0.08333333333333333 1032.4
0.625 0.08333333333333333 1019.3
0.6666666666666666 0.08333333333333333 988.6
0.7083333333333333 0.08333333333333333 954.8
0.75 0.08333333333333333 928.9
0.7916666666666666 0.08333333333333333 821.8
0.8333333333333333 0.08333333333333333 755.5
0.875 0.08333333333333333 658.6
0.9166666666666666 0.08333333333333333 540.1
0.9583333333333331 0.08333333333333333 385.5
1.0 0.08333333333333333 388.8
0.0 0.10416666666666666 1254.0
0.04166666666666666 0.10416666666666666 1249.0
0.08333333333333333 0.10416666666666666 1200.9
0.125 0.10416666666666666 1210.4
0.16666666666666666 0.10416666666666666 1220.5
0.2083333333333333 0.10416666666666666 1181.4
0.25 0.10416666666666666 1178.0
0.29166666666666663 0.10416666666666666 1178.6
0.3333333333333333 0.10416666666666666 1143.3
0.375 0.10416666666666666 1128.5
0.4166666666666666 0.10416666666666666 1118.5
0.4583333333333333 0.10416666666666666 1133.0
0.5 0.10416666666666666 1109.2
0.5416666666666666 0.10416666666666666 1067.0
0.5833333333333333 0.10416666666666666 1043.8
0.625 0.10416666666666666 914.8
0.6666666666666666 0.10416666666666666 980.6
0.7083333333333333 0.10416666666666666 952.8
0.75 0.10416666666666666 928.2
0.7916666666666666 0.10416666666666666 826.6
0.8333333333333333 0.10416666666666666 772.3
0.875 0.10416666666666666 676.3
0.9166666666666666 0.10416666666666666 580.9
0.9583333333333331 0.10416666666666666 617.3
1.0 0.10416666666666666 510.0
0.0 0.125 1248.1
0.04166666666666666 0.125 1205.9
0.08333333333333333 0.125 1224.7
0.125 0.125 1237.4
0.16666666666666666 0.125 1169.8
0.2083333333333333 0.125 1169.4
0.25 0.125 1204.9
0.29166666666666663 0.125 1190.6
0.3333333333333333 0.125 1154.1
0.375 0.125 1164.8
0.4166666666666666 0.125 1125.4
0.4583333333333333 0.125 1116.7
0.5 0.125 1106.4
0.5416666666666666 0.125 976.4
0.5833333333333333 0.125 1057.5
0.625 0.125 1020.7
0.6666666666666666 0.125 1005.3
0.7083333333333333 0.125 961.1
0.75 0.125 926.9
0.7916666666666666 0.125 858.0
0.8333333333333333 0.125 872.5
0.875 0.125 737.7
0.9166666666666666 0.125 656.0
0.9583333333333331 0.125 614.0
1.0 0.125 747.1
0.0 0.14583333333333331 1206.6
0.04166666666666666 0.14583333333333331 1242.8
0.08333333333333333 0.14583333333333331 1251.0
0.125 0.14583333333333331 1241.8
0.16666666666666666 0.14583333333333331 1197.2
0.2083333333333333 0.14583333333333331 1166.6
0.25 0.14583333333333331 1188.3
0.29166666666666663 0.14583333333333331 1177.6
0.3333333333333333 0.14583333333333331 1160.8
0.375 0.14583333333333331 1157.1
0.4166666666666666 0.14583333333333331 1151.8
0.4583333333333333 0.14583333333333331 1087.2
0.5 0.14583333333333331 1093.3
0.5416666666666666 0.14583333333333331 1084.7
0.5833333333333333 0.14583333333333331 1068.9
0.625 0.14583333333333331 1014.3
0.6666666666666666 0.14583333333333331 990.1
0.7083333333333333 0.14583333333333331 977.8
0.75 0.14583333333333331 968.0
0.7916666666666666 0.14583333333333331 794.0
0.8333333333333333 0.14583333333333331 822.9
0.875 0.14583333333333331 771.6
0.9166666666666666 0.14583333333333331 630.2
0.9583333333333331 0.14583333333333331 484.0
1.0 0.14583333333333331 653.1
0.0 0.16666666666666666 1265.7
0.04166666666666666 0.16666666666666666 1239.2
0.08333333333333333 0.16666666666666666 1208.2
0.125 0.16666666666666666 1219.5
0.16666666666666666 0.16666666666666666 1197.1
0.2083333333333333 0.16666666666666666 1192.3
0.25 0.16666666666666666 1205.5
0.29166666666666663 0.16666666666666666 1179.6
0.3333333333333333 0.16666666666666666 1151.8
0.375 0.16666666666666666 1125.6
0.4166666666666666 0.16666666666666666 1133.2
0.4583333333333333 0.16666666666666666 1127.1
0.5 0.16666666666666666 1098.7
0.5416666666666666 0.16666666666666666 972.3
0.5833333333333333 0.16666666666666666 1086.8
0.625 0.16666666666666666 1040.5
0.6666666666666666 0.16666666666666666 1016.5
0.7083333333333333 0.16666666666666666 984.1
0.75 0.16666666666666666 931.9
0.7916666666666666 0.16666666666666666 887.0
0.8333333333333333 0.16666666666666666 939.2
0.875 0.16666666666666666 769.3
0.9166666666666666 0.16666666666666666 790.4
0.9583333333333331 0.16666666666666666 615.6
1.0 0.16666666666666666 713.8
0.0 0.1875 1216.8
0.04166666666666666 0.1875 1225.7
0.08333333333333333 0.1875 1252.6
0.125 0.1875 1231.1
0.16666666666666666 0.1875 1192.7
0.2083333333333333 0.1875 1217.6
0.25 0.1875 1058.2
0.29166666666666663 0.1875 1163.0
0.3333333333333333 0.1875 1169.3
0.375 0.1875 1164.1
0.4166666666666666 0.1875 1147.7
0.4583333333333333 0.1875 1121.2
0.5 0.1875 1123.7
0.5416666666666666 0.1875 1119.2
0.5833333333333333 0.1875 1060.7
0.625 0.1875 1082.2
0.6666666666666666 0.1875 1053.8
0.7083333333333333 0.1875 990.0
0.75 0.1875 1006.1
0.7916666666666666 0.1875 992.0
0.8333333333333333 0.1875 959.1
0.875 0.1875 952.5
0.9166666666666666 0.1875 825.7
0.9583333333333331 0.1875 569.8
1.0 0.1875 696.6
0.0 0.2083333333333333 1254.8
0.04166666666666666 0.2083333333333333 1225.9
0.08333333333333333 0.2083333333333333 1224.4
0.125 0.2083333333333333 1208.5
0.16666666666666666 0.2083333333333333 1221.5
0.2083333333333333 0.2083333333333333 1187.2
0.25 0.2083333333333333 1203.9
0.29166666666666663 0.2083333333333333 1166.6
0.3333333333333333 0.2083333333333333 1174.3
0.375 0.2083333333333333 1141.8
0.4166666666666666 0.2083333333333333 1140.2
0.4583333333333333 0.2083333333333333 1136.3
0.5 0.2083333333333333 1127.3
0.5416666666666666 0.2083333333333333 1102.5
0.5833333333333333 0.2083333333333333 1082.6
0.625 0.2083333333333333 1122.5
0.6666666666666666 0.2083333333333333 1038.4
0.7083333333333333 0.2083333333333333 1032.0
0.75 0.2083333333333333 1016.4
0.7916666666666666 0.2083333333333333 1033.3
0.8333333333333333 0.2083333333333333 906.6
0.875 0.2083333333333333 941.7
0.9166666666666666 0.2083333333333333 698.5
0.9583333333333331 0.2083333333333333 810.2
1.0 0.2083333333333333 853.1
0.0 0.22916666666666666 1247.6
0.04166666666666666 0.22916666666666666 1235.5
0.08333333333333333 0.22916666666666666 1252.4
0.125 0.22916666666666666 1234.9
0.16666666666666666 0.22916666666666666 1204.6
0.2083333333333333 0.22916666666666666 1211.6
0.25 0.22916666666666666 1215.3
0.29166666666666663 0.22916666666666666 1195.1
0.3333333333333333 0.22916666666666666 1072.0
0.375 0.22916666666666666 1146.0
0.4166666666666666 0.22916666666666666 1169.5
0.4583333333333333 0.22916666666666666 1133.8
0.5 0.22916666666666666 1111.0
0.5416666666666666 0.22916666666666666 1105.0
0.5833333333333333 0.22916666666666666 1052.7
0.625 0.22916666666666666 1071.3
0.6666666666666666 0.22916666666666666 1120.0
0.7083333333333333 0.22916666666666666 1036.5
0.75 0.22916666666666666 1015.7
0.7916666666666666 0.22916666666666666 974.6
0.8333333333333333 0.22916666666666666 921.5
0.875 0.22916666666666666 945.3
0.9166666666666666 0.22916666666666666 903.8
0.9583333333333331 0.22916666666666666 752.5
1.0 0.22916666666666666 871.7
0.0 0.25 1263.4
0.04166666666666666 0.25 1261.5
0.08333333333333333 0.25 1228.8
0.125 0.25 1221.2
0.16666666666666666 0.25 1211.5
0.2083333333333333 0.25 1197.4
0.25 0.25 1091.8
0.29166666666666663 0.25 1179.5
0.3333333333333333 0.25 1200.1
0.375 0.25 1197.3
0.4166666666666666 0.25 1148.4
0.4583333333333333 0.25 1154.5
0.5 0.25 1160.2
0.5416666666666666 0.25 1125.0
0.5833333333333333 0.25 1127.1
0.625 0.25 1117.9
0.6666666666666666 0.25 1032.7
0.7083333333333333 0.25 1028.1
0.75 0.25 889.3
0.7916666666666666 0.25 1008.6
0.8333333333333333 0.25 756.2
0.875 0.25 853.4
0.9166666666666666 0.25 954.7
0.9583333333333331 0.25 1083.3
1.0 0.25 908.8
0.0 0.2708333333333333 1278.2
0.04166666666666666 0.2708333333333333 1249.6
0.08333333333333333 0.2708333333333333 1255.0
0.125 0.2708333333333333 1110.1
0.16666666666666666 0.2708333333333333 1227.5
0.2083333333333333 0.2708333333333333 1196.0
0.25 0.2708333333333333 1205.8
0.29166666666666663 0.2708333333333333 1189.2
0.3333333333333333 0.2708333333333333 1227.6
0.375 0.2708333333333333 1160.1
0.4166666666666666 0.2708333333333333 1187.8
0.4583333333333333 0.2708333333333333 1148.8
0.5 0.2708333333333333 1121.7
0.5416666666666666 0.2708333333333333 1160.7
0.5833333333333333 0.2708333333333333 1124.9
0.625 0.2708333333333333 1105.1
0.6666666666666666 0.2708333333333333 1132.5
0.7083333333333333 0.2708333333333333 1064.9
0.75 0.2708333333333333 1078.2
0.7916666666666666 0.2708333333333333 1034.9
0.8333333333333333 0.2708333333333333 913.0
0.875 0.2708333333333333 942.4
0.9166666666666666 0.2708333333333333 1044.7
0.9583333333333331 0.2708333333333333 952.0
1.0 0.2708333333333333 1069.7
0.0 0.29166666666666663 1247.0
0.04166666666666666 0.29166666666666663 1106.3
0.08333333333333333 0.29166666666666663 1231.2
0.125 0.29166666666666663 1235.3
0.16666666666666666 0.29166666666666663 1244.4
0.2083333333333333 0.29166666666666663 1195.4
0.25 0.29166666666666663 1257.2
0.29166666666666663 0.29166666666666663 1230.8
0.3333333333333333 0.29166666666666663 1208.5
0.375 0.29166666666666663 1175.6
0.4166666666666666 0.29166666666666663 1175.1
0.4583333333333333 0.29166666666666663 1185.7
0.5 0.29166666666666663 1155.4
0.5416666666666666 0.29166666666666663 1031.4
0.5833333333333333 0.29166666666666663 1113.4
0.625 0.29166666666666663 1150.7
0.6666666666666666 0.29166666666666663 1148.0
0.7083333333333333 0.29166666666666663 1074.0
0.75 0.29166666666666663 1048.2
0.7916666666666666 0.29166666666666663 1088.6
0.8333333333333333 0.29166666666666663 951.2
0.875 0.29166666666666663 992.2
0.9166666666666666 0.29166666666666663 1053.1
0.9583333333333331 0.29166666666666663 893.4
1.0 0.29166666666666663 886.7
0.0 0.3125 1116.1
0.04166666666666666 0.3125 1257.2
0.08333333333333333 0.3125 1222.1
0.125 0.3125 1223.8
0.16666666666666666 0.3125 1257.6
0.2083333333333333 0.3125 1214.4
0.25 0.3125 1221.0
0.29166666666666663 0.3125 1200.7
0.3333333333333333 0.3125 1194.1
0.375 0.3125 1223.6
0.4166666666666666 0.3125 1184.7
0.4583333333333333 0.3125 1197.7
0.5 0.3125 1162.8
0.5416666666666666 0.3125 1195.1
0.5833333333333333 0.3125 1144.8
0.625 0.3125 1085.0
0.6666666666666666 0.3125 1169.2
0.7083333333333333 0.3125 1130.1
0.75 0.3125 1080.7
0.7916666666666666 0.3125 1109.1
0.8333333333333333 0.3125 1076.6
0.875 0.3125 1099.9
0.9166666666666666 0.3125 924.3
0.9583333333333331 0.3125 918.2
1.0 0.3125 977.0
0.0 0.3333333333333333 1143.4
0.04166666666666666 0.3333333333333333 1250.9
0.08333333333333333 0.3333333333333333 1214.4
0.125 0.3333333333333333 1246.8
0.16666666666666666 0.3333333333333333 1106.1
0.2083333333333333 0.3333333333333333 1199.5
0.25 0.3333333333333333 1234.2
0.29166666666666663 0.3333333333333333 1104.6
0.3333333333333333 0.3333333333333333 1212.2
0.375 0.3333333333333333 1212.3
0.4166666666666666 0.3333333333333333 1207.6
0.4583333333333333 0.3333333333333333 1186.4
0.5 0.3333333333333333 1162.6
0.5416666666666666 0.3333333333333333 1149.3
0.5833333333333333 0.3333333333333333 1216.8
0.625 0.3333333333333333 1129.3
0.6666666666666666 0.3333333333333333 1116.9
0.7083333333333333 0.3333333333333333 1118.5
0.75 0.3333333333333333 1148.1
0.7916666666666666 0.3333333333333333 1097.7
0.8333333333333333 0.3333333333333333 1183.8
0.875 0.3333333333333333 897.9
0.9166666666666666 0.3333333333333333 1072.0
0.9583333333333331 0.3333333333333333 978.5
1.0 0.3333333333333333 1058.4
0.0 0.35416666666666663 1262.9
0.04166666666666666 0.35416666666666663 1226.6
0.08333333333333333 0.35416666666666663 1248.1
0.125 0.35416666666666663 1245.2
0.16666666666666666 0.35416666666666663 1232.8
0.2083333333333333 0.35416666666666663 1243.3
0.25 0.35416666666666663 1257.6
0.29166666666666663 0.35416666666666663 1226.8
0.3333333333333333 0.35416666666666663 1207.8
0.375 0.35416666666666663 1233.7
0.4166666666666666 0.35416666666666663 1122.9
0.4583333333333333 0.35416666666666663 1165.5
0.5 0.35416666666666663 1161.6
0.5416666666666666 0.35416666666666663 1161.3
0.5833333333333333 0.35416666666666663 1145.6
0.625 0.35416666666666663 1111.8
0.6666666666666666 0.35416666666666663 1091.2
0.7083333333333333 0.35416666666666663 1074.0
0.75 0.35416666666666663 1140.9
0.7916666666666666 0.35416666666666663 1036.2
0.8333333333333333 0.35416666666666663 1093.0
0.875 0.35416666666666663 1031.5
0.9166666666666666 0.35416666666666663 1076.7
0.9583333333333331 0.35416666666666663 1150.0
1.0 0.35416666666666663 1024.9
0.0 0.375 1223.1
0.04166666666666666 0.375 1235.4
0.08333333333333333 0.375 1239.0
0.125 0.375 1251.4
0.16666666666666666 0.375 1233.5
0.2083333333333333 0.375 1225.6
0.25 0.375 1203.9
0.29166666666666663 0.375 1247.2
0.3333333333333333 0.375 1247.0
0.375 0.375 1195.3
0.4166666666666666 0.375 1186.5
0.4583333333333333 0.375 1251.9
0.5 0.375 1176.0
0.5416666666666666 0.375 1158.6
0.5833333333333333 0.375 1195.9
0.625 0.375 1180.7
0.6666666666666666 0.375 1134.9
0.7083333333333333 0.375 1154.0
0.75 0.375 1084.0
0.7916666666666666 0.375 1141.0
0.8333333333333333 0.375 1021.2
0.875 0.375 1051.7
0.9166666666666666 0.375 969.4
0.9583333333333331 0.375 1091.7
1.0 0.375 1070.3
0.0 0.3958333333333333 1252.9
0.04166666666666666 0.3958333333333333 1248.1
0.08333333333333333 0.3958333333333333 1232.8
0.125 0.3958333333333333 1223.5
0.16666666666666666 0.3958333333333333 1231.1
0.2083333333333333 0.3958333333333333 1228.0
0.25 0.3958333333333333 1230.5
0.29166666666666663 0.3958333333333333 1242.0
0.3333333333333333 0.3958333333333333 1252.8
0.375 0.3958333333333333 1223.0
0.4166666666666666 0.3958333333333333 1167.8
0.4583333333333333 0.3958333333333333 1192.3
0.5 0.3958333333333333 1171.0
0.5416666666666666 0.3958333333333333 1111.3
0.5833333333333333 0.3958333333333333 1198.5
0.625 0.3958333333333333 1167.9
0.6666666666666666 0.3958333333333333 1179.8
0.7083333333333333 0.3958333333333333 1165.9
0.75 0.3958333333333333 1144.0
0.7916666666666666 0.3958333333333333 969.9
0.8333333333333333 0.3958333333333333 1236.2
0.875 0.3958333333333333 1210.3
0.9166666666666666 0.3958333333333333 1118.5
0.9583333333333331 0.3958333333333333 1165.5
1.0 0.3958333333333333 1059.8
0.0 0.4166666666666666 1220.3
0.04166666666666666 0.4166666666666666 1237.1
0.08333333333333333 0.4166666666666666 1248.4
0.125 0.4166666666666666 1255.0
0.16666666666666666 0.4166666666666666 1228.8
0.2083333333333333 0.4166666666666666 1227.7
0.25 0.4166666666666666 1263.9
0.29166666666666663 0.4166666666666666 1195.6
0.3333333333333333 0.4166666666666666 1273.9
0.375 0.4166666666666666 1207.9
0.4166666666666666 0.4166666666666666 1186.4
0.4583333333333333 0.4166666666666666 1217.6
0.5 0.4166666666666666 1229.7
0.5416666666666666 0.4166666666666666 1177.6
0.5833333333333333 0.4166666666666666 1195.6
0.625 0.4166666666666666 1193.3
0.6666666666666666 0.4166666666666666 1135.2
0.7083333333333333 0.4166666666666666 1168.3
0.75 0.4166666666666666 1142.3
0.7916666666666666 0.4166666666666666 1219.2
0.8333333333333333 0.4166666666666666 1191.6
0.875 0.4166666666666666 1145.4
0.9166666666666666 0.4166666666666666 1110.3
0.9583333333333331 0.4166666666666666 1140.0
1.0 0.4166666666666666 972.7
0.0 0.4375 1235.9
0.04166666666666666 0.4375 1261.9
0.08333333333333333 0.4375 1244.5
0.125 0.4375 1252.1
0.16666666666666666 0.4375 1211.3
0.2083333333333333 0.4375 1235.4
0.25 0.4375 1201.8
0.29166666666666663 0.4375 1246.1
0.3333333333333333 0.4375 1276.5
0.375 0.4375 1215.7
0.4166666666666666 0.4375 1232.1
0.4583333333333333 0.4375 1236.8
0.5 0.4375 1203.5
0.5416666666666666 0.4375 1150.0
0.5833333333333333 0.4375 1205.1
0.625 0.4375 1173.6
0.6666666666666666 0.4375 1157.4
0.7083333333333333 0.4375 1209.7
0.75 0.4375 1183.2
0.7916666666666666 0.4375 1160.1
0.8333333333333333 0.4375 1114.3
0.875 0.4375 1065.2
0.9166666666666666 0.4375 1120.5
0.9583333333333331 0.4375 1135.2
1.0 0.4375 1260.5
0.0 0.4583333333333333 1283.7
0.04166666666666666 0.4583333333333333 1228.5
0.08333333333333333 0.4583333333333333 1235.6
0.125 0.4583333333333333 1230.9
0.16666666666666666 0.4583333333333333 1263.5
0.2083333333333333 0.4583333333333333 1245.9
0.25 0.4583333333333333 1234.0
0.29166666666666663 0.4583333333333333 1220.3
0.3333333333333333 0.4583333333333333 1201.3
0.375 0.4583333333333333 1213.7
0.4166666666666666 0.4583333333333333 1215.0
0.4583333333333333 0.4583333333333333 1201.5
0.5 0.4583333333333333 1231.5
0.5416666666666666 0.4583333333333333 1158.0
0.5833333333333333 0.4583333333333333 1223.5
0.625 0.4583333333333333 1203.7
0.6666666666666666 0.4583333333333333 1167.7
0.7083333333333333 0.4583333333333333 1167.1
0.75 0.4583333333333333 1098.9
0.7916666666666666 0.4583333333333333 1194.0
0.8333333333333333 0.4583333333333333 1079.0
0.875 0.4583333333333333 1170.1
0.9166666666666666 0.4583333333333333 1133.7
0.9583333333333331 0.4583333333333333 1212.1
1.0 0.4583333333333333 1054.6
0.0 0.4791666666666666 1269.1
0.04166666666666666 0.4791666666666666 1255.6
0.08333333333333333 0.4791666666666666 1244.2
0.125 0.4791666666666666 1233.6
0.16666666666666666 0.4791666666666666 1238.8
0.2083333333333333 0.4791666666666666 1222.7
0.25 0.4791666666666666 1243.3
0.29166666666666663 0.4791666666666666 1256.4
0.3333333333333333 0.4791666666666666 1206.7
0.375 0.4791666666666666 1215.9
0.4166666666666666 0.4791666666666666 1231.5
0.4583333333333333 0.4791666666666666 1204.8
0.5 0.4791666666666666 1161.0
0.5416666666666666 0.4791666666666666 1218.7
0.5833333333333333 0.4791666666666666 1133.9
0.625 0.4791666666666666 1140.8
0.6666666666666666 0.4791666666666666 1187.7
0.7083333333333333 0.4791666666666666 1191.9
0.75 0.4791666666666666 1152.1
0.7916666666666666 0.4791666666666666 1168.3
0.8333333333333333 0.4791666666666666 1141.8
0.875 0.4791666666666666 1176.2
0.9166666666666666 0.4791666666666666 1059.1
0.9583333333333331 0.4791666666666666 1022.8
1.0 0.4791666666666666 1038.9
0.0 0.5 1251.9
0.04166666666666666 0.5 1228.3
0.08333333333333333 0.5 1245.5
0.125 0.5 1250.7
0.16666666666666666 0.5 1216.6
0.2083333333333333 0.5 1155.1
0.25 0.5 1239.0
0.29166666666666663 0.5 1217.2
0.3333333333333333 0.5 1219.3
0.375 0.5 1217.6
0.4166666666666666 0.5 1185.3
0.4583333333333333 0.5 1231.6
0.5 0.5 1252.9
0.5416666666666666 0.5 1177.1
0.5833333333333333 0.5 1202.1
0.625 0.5 1127.7
0.6666666666666666 0.5 1183.8
0.7083333333333333 0.5 1181.1
0.75 0.5 1202.1
0.7916666666666666 0.5 1189.0
0.8333333333333333 0.5 1095.8
0.875 0.5 1195.2
0.9166666666666666 0.5 1196.6
0.9583333333333331 0.5 1098.5
1.0 0.5 1152.1
