0.0 0.0 3735
0.041666666666666664 0.0 3986
0.08333333333333333 0.0 3971
0.125 0.0 3900
0.16666666666666666 0.0 3809
0.20833333333333331 0.0 3795
0.25 0.0 3883
0.29166666666666663 0.0 3763
0.3333333333333333 0.0 3840
0.375 0.0 3671
0.41666666666666663 0.0 3646
0.4583333333333333 0.0 3502
0.5 0.0 3594
0.5416666666666666 0.0 3469
0.5833333333333333 0.0 3367
0.625 0.0 3175
0.6666666666666666 0.0 3137
0.7083333333333333 0.0 2957
0.75 0.0 2862
0.7916666666666666 0.0 2707
0.8333333333333333 0.0 2353
0.875 0.0 1
0.9166666666666666 0.0 1
0.9583333333333333 0.0 1
1.0 0.0 1
0.0 0.041666666666666664 3914
0.041666666666666664 0.041666666666666664 3979
0.08333333333333333 0.041666666666666664 3926
0.125 0.041666666666666664 3726
0.16666666666666666 0.041666666666666664 4015
0.20833333333333331 0.041666666666666664 3935
0.25 0.041666666666666664 3778
0.29166666666666663 0.041666666666666664 3645
0.3333333333333333 0.041666666666666664 3728
0.375 0.041666666666666664 3556
0.41666666666666663 0.041666666666666664 3763
0.4583333333333333 0.041666666666666664 3645
0.5 0.041666666666666664 3442
0.5416666666666666 0.041666666666666664 3524
0.5833333333333333 0.041666666666666664 3337
0.625 0.041666666666666664 3252
0.6666666666666666 0.041666666666666664 3147
0.7083333333333333 0.041666666666666664 3029
0.75 0.041666666666666664 3013
0.7916666666666666 0.041666666666666664 2720
0.8333333333333333 0.041666666666666664 2459
0.875 0.041666666666666664 2029
0.9166666666666666 0.041666666666666664 1964
0.9583333333333333 0.041666666666666664 1462
1.0 0.041666666666666664 591
0.0 0.08333333333333333 3983
0.041666666666666664 0.08333333333333333 3836
0.08333333333333333 0.08333333333333333 3933
0.125 0.08333333333333333 4021
0.16666666666666666 0.08333333333333333 3710
0.20833333333333331 0.08333333333333333 3902
0.25 0.08333333333333333 3958
0.29166666666666663 0.08333333333333333 3729
0.3333333333333333 0.08333333333333333 3830
0.375 0.08333333333333333 3735
0.41666666666666663 0.08333333333333333 3669
0.4583333333333333 0.08333333333333333 3595
0.5 0.08333333333333333 3534
0.5416666666666666 0.08333333333333333 3404
0.5833333333333333 0.08333333333333333 3321
0.625 0.08333333333333333 3159
0.6666666666666666 0.08333333333333333 3158
0.7083333333333333 0.08333333333333333 3035
0.75 0.08333333333333333 2920
0.7916666666666666 0.08333333333333333 2682
0.8333333333333333 0.08333333333333333 2494
0.875 0.08333333333333333 2002
0.9166666666666666 0.08333333333333333 2364
0.9583333333333333 0.08333333333333333 949
1.0 0.08333333333333333 1416
0.0 0.125 3884
0.041666666666666664 0.125 3884
0.08333333333333333 0.125 3745
0.125 0.125 4032
0.16666666666666666 0.125 3692
0.20833333333333331 0.125 3902
0.25 0.125 3998
0.29166666666666663 0.125 3936
0.3333333333333333 0.125 3751
0.375 0.125 3801
0.41666666666666663 0.125 3618
0.4583333333333333 0.125 3589
0.5 0.125 3551
0.5416666666666666 0.125 3458
0.5833333333333333 0.125 3421
0.625 0.125 3263
0.6666666666666666 0.125 3220
0.7083333333333333 0.125 3052
0.75 0.125 2894
0.7916666666666666 0.125 2774
0.8333333333333333 0.125 2521
0.875 0.125 2725
0.9166666666666666 0.125 2071
0.9583333333333333 0.125 1269
1.0 0.125 900
0.0 0.16666666666666666 4118
0.041666666666666664 0.16666666666666666 4058
0.08333333333333333 0.16666666666666666 4091
0.125 0.16666666666666666 3872
0.16666666666666666 0.16666666666666666 3751
0.20833333333333331 0.16666666666666666 3691
0.25 0.16666666666666666 3859
0.29166666666666663 0.16666666666666666 3683
0.3333333333333333 0.16666666666666666 3714
0.375 0.16666666666666666 3638
0.41666666666666663 0.16666666666666666 3793
0.4583333333333333 0.16666666666666666 3569
0.5 0.16666666666666666 3447
0.5416666666666666 0.16666666666666666 3631
0.5833333333333333 0.16666666666666666 3526
0.625 0.16666666666666666 3445
0.6666666666666666 0.16666666666666666 3249
0.7083333333333333 0.16666666666666666 3071
0.75 0.16666666666666666 2887
0.7916666666666666 0.16666666666666666 2594
0.8333333333333333 0.16666666666666666 2816
0.875 0.16666666666666666 2194
0.9166666666666666 0.16666666666666666 2360
0.9583333333333333 0.16666666666666666 1813
1.0 0.16666666666666666 1296
0.0 0.20833333333333331 4009
0.041666666666666664 0.20833333333333331 4024
0.08333333333333333 0.20833333333333331 4090
0.125 0.20833333333333331 3793
0.16666666666666666 0.20833333333333331 3743
0.20833333333333331 0.20833333333333331 3987
0.25 0.20833333333333331 3867
0.29166666666666663 0.20833333333333331 3658
0.3333333333333333 0.20833333333333331 3865
0.375 0.20833333333333331 3621
0.41666666666666663 0.20833333333333331 3713
0.4583333333333333 0.20833333333333331 3677
0.5 0.20833333333333331 3618
0.5416666666666666 0.20833333333333331 3490
0.5833333333333333 0.20833333333333331 3277
0.625 0.20833333333333331 3775
0.6666666666666666 0.20833333333333331 3374
0.7083333333333333 0.20833333333333331 3278
0.75 0.20833333333333331 3349
0.7916666666666666 0.20833333333333331 3824
0.8333333333333333 0.20833333333333331 2792
0.875 0.20833333333333331 3138
0.9166666666666666 0.20833333333333331 3180
0.9583333333333333 0.20833333333333331 3647
1.0 0.20833333333333331 2883
0.0 0.25 3789
0.041666666666666664 0.25 4115
0.08333333333333333 0.25 3940
0.125 0.25 4012
0.16666666666666666 0.25 3982
0.20833333333333331 0.25 3956
0.25 0.25 3902
0.29166666666666663 0.25 3789
0.3333333333333333 0.25 3837
0.375 0.25 3845
0.41666666666666663 0.25 3761
0.4583333333333333 0.25 3450
0.5 0.25 3684
0.5416666666666666 0.25 3448
0.5833333333333333 0.25 3392
0.625 0.25 3885
0.6666666666666666 0.25 3517
0.7083333333333333 0.25 3081
0.75 0.25 3764
0.7916666666666666 0.25 2907
0.8333333333333333 0.25 2871
0.875 0.25 3097
0.9166666666666666 0.25 3954
0.9583333333333333 0.25 2736
1.0 0.25 3620
0.0 0.29166666666666663 3789
0.041666666666666664 0.29166666666666663 3935
0.08333333333333333 0.29166666666666663 4005
0.125 0.29166666666666663 3809
0.16666666666666666 0.29166666666666663 4013
0.20833333333333331 0.29166666666666663 4027
0.25 0.29166666666666663 3802
0.29166666666666663 0.29166666666666663 3745
0.3333333333333333 0.29166666666666663 3915
0.375 0.29166666666666663 3562
0.41666666666666663 0.29166666666666663 3948
0.4583333333333333 0.29166666666666663 3701
0.5 0.29166666666666663 3882
0.5416666666666666 0.29166666666666663 3998
0.5833333333333333 0.29166666666666663 3458
0.625 0.29166666666666663 3472
0.6666666666666666 0.29166666666666663 3219
0.7083333333333333 0.29166666666666663 3974
0.75 0.29166666666666663 2982
0.7916666666666666 0.29166666666666663 3937
0.8333333333333333 0.29166666666666663 3159
0.875 0.29166666666666663 3091
0.9166666666666666 0.29166666666666663 2760
0.9583333333333333 0.29166666666666663 3653
1.0 0.29166666666666663 2518
0.0 0.3333333333333333 4035
0.041666666666666664 0.3333333333333333 3768
0.08333333333333333 0.3333333333333333 3958
0.125 0.3333333333333333 3868
0.16666666666666666 0.3333333333333333 3815
0.20833333333333331 0.3333333333333333 3943
0.25 0.3333333333333333 3679
0.29166666666666663 0.3333333333333333 3785
0.3333333333333333 0.3333333333333333 3840
0.375 0.3333333333333333 3803
0.41666666666666663 0.3333333333333333 3968
0.4583333333333333 0.3333333333333333 3687
0.5 0.3333333333333333 3645
0.5416666666666666 0.3333333333333333 3709
0.5833333333333333 0.3333333333333333 3571
0.625 0.3333333333333333 3619
0.6666666666666666 0.3333333333333333 3646
0.7083333333333333 0.3333333333333333 3526
0.75 0.3333333333333333 3351
0.7916666666666666 0.3333333333333333 3255
0.8333333333333333 0.3333333333333333 3845
0.875 0.3333333333333333 2862
0.9166666666666666 0.3333333333333333 3398
0.9583333333333333 0.3333333333333333 3742
1.0 0.3333333333333333 3744
0.0 0.375 3887
0.041666666666666664 0.375 3799
0.08333333333333333 0.375 3804
0.125 0.375 3747
0.16666666666666666 0.375 3942
0.20833333333333331 0.375 3732
0.25 0.375 3892
0.29166666666666663 0.375 3733
0.3333333333333333 0.375 3721
0.375 0.375 3748
0.41666666666666663 0.375 3736
0.4583333333333333 0.375 3747
0.5 0.375 4120
0.5416666666666666 0.375 4007
0.5833333333333333 0.375 3550
0.625 0.375 4103
0.6666666666666666 0.375 3901
0.7083333333333333 0.375 4093
0.75 0.375 3411
0.7916666666666666 0.375 3349
0.8333333333333333 0.375 3917
0.875 0.375 3859
0.9166666666666666 0.375 3995
0.9583333333333333 0.375 4057
1.0 0.375 4066
0.0 0.41666666666666663 3768
0.041666666666666664 0.41666666666666663 4004
0.08333333333333333 0.41666666666666663 4061
0.125 0.41666666666666663 3881
0.16666666666666666 0.41666666666666663 4147
0.20833333333333331 0.41666666666666663 4018
0.25 0.41666666666666663 4106
0.29166666666666663 0.41666666666666663 3881
0.3333333333333333 0.41666666666666663 4020
0.375 0.41666666666666663 4030
0.41666666666666663 0.41666666666666663 4039
0.4583333333333333 0.41666666666666663 3886
0.5 0.41666666666666663 3662
0.5416666666666666 0.41666666666666663 3634
0.5833333333333333 0.41666666666666663 3613
0.625 0.41666666666666663 3987
0.6666666666666666 0.41666666666666663 3606
0.7083333333333333 0.41666666666666663 3424
0.75 0.41666666666666663 4026
0.7916666666666666 0.41666666666666663 3191
0.8333333333333333 0.41666666666666663 2766
0.875 0.41666666666666663 2793
0.9166666666666666 0.41666666666666663 3508
0.9583333333333333 0.41666666666666663 4074
1.0 0.41666666666666663 1
0.0 0.4583333333333333 4010
0.041666666666666664 0.4583333333333333 3728
0.08333333333333333 0.4583333333333333 4058
0.125 0.4583333333333333 3970
0.16666666666666666 0.4583333333333333 3734
0.20833333333333331 0.4583333333333333 3900
0.25 0.4583333333333333 4042
0.29166666666666663 0.4583333333333333 3872
0.3333333333333333 0.4583333333333333 3921
0.375 0.4583333333333333 4083
0.41666666666666663 0.4583333333333333 3678
0.4583333333333333 0.4583333333333333 3624
0.5 0.4583333333333333 3667
0.5416666666666666 0.4583333333333333 4160
0.5833333333333333 0.4583333333333333 4075
0.625 0.4583333333333333 3756
0.6666666666666666 0.4583333333333333 3850
0.7083333333333333 0.4583333333333333 3228
0.75 0.4583333333333333 3819
0.7916666666666666 0.4583333333333333 3831
0.8333333333333333 0.4583333333333333 3818
0.875 0.4583333333333333 3650
0.9166666666666666 0.4583333333333333 2485
0.9583333333333333 0.4583333333333333 3934
1.0 0.4583333333333333 4102
0.0 0.5 3775
0.041666666666666664 0.5 3899
0.08333333333333333 0.5 3845
0.125 0.5 4154
0.16666666666666666 0.5 3974
0.20833333333333331 0.5 3884
0.25 0.5 3930
0.29166666666666663 0.5 3726
0.3333333333333333 0.5 3746
0.375 0.5 3831
0.41666666666666663 0.5 3670
0.4583333333333333 0.5 3673
0.5 0.5 4097
0.5416666666666666 0.5 3975
0.5833333333333333 0.5 3702
0.625 0.5 3523
0.6666666666666666 0.5 4124
0.7083333333333333 0.5 4119
0.75 0.5 3857
0.7916666666666666 0.5 3943
0.8333333333333333 0.5 3511
0.875 0.5 3390
0.9166666666666666 0.5 4150
0.9583333333333333 0.5 3122
1.0 0.5 3526
0.0 0.5416666666666666 3805
0.041666666666666664 0.5416666666666666 3792
0.08333333333333333 0.5416666666666666 4026
0.125 0.5416666666666666 3857
0.16666666666666666 0.5416666666666666 3967
0.20833333333333331 0.5416666666666666 3916
0.25 0.5416666666666666 3765
0.29166666666666663 0.5416666666666666 3818
0.3333333333333333 0.5416666666666666 3988
0.375 0.5416666666666666 4091
0.41666666666666663 0.5416666666666666 3686
0.4583333333333333 0.5416666666666666 4113
0.5 0.5416666666666666 4101
0.5416666666666666 0.5416666666666666 4096
0.5833333333333333 0.5416666666666666 3552
0.625 0.5416666666666666 3516
0.6666666666666666 0.5416666666666666 4076
0.7083333333333333 0.5416666666666666 3926
0.75 0.5416666666666666 4006
0.7916666666666666 0.5416666666666666 4034
0.8333333333333333 0.5416666666666666 4100
0.875 0.5416666666666666 4109
0.9166666666666666 0.5416666666666666 4126
0.9583333333333333 0.5416666666666666 3439
1.0 0.5416666666666666 3349
0.0 0.5833333333333333 4043
0.041666666666666664 0.5833333333333333 3973
0.08333333333333333 0.5833333333333333 3929
0.125 0.5833333333333333 4065
0.16666666666666666 0.5833333333333333 4029
0.20833333333333331 0.5833333333333333 3825
0.25 0.5833333333333333 4060
0.29166666666666663 0.5833333333333333 4156
0.3333333333333333 0.5833333333333333 4132
0.375 0.5833333333333333 4110
0.41666666666666663 0.5833333333333333 4011
0.4583333333333333 0.5833333333333333 3720
0.5 0.5833333333333333 3706
0.5416666666666666 0.5833333333333333 3964
0.5833333333333333 0.5833333333333333 4134
0.625 0.5833333333333333 4109
0.6666666666666666 0.5833333333333333 4086
0.7083333333333333 0.5833333333333333 4127
0.75 0.5833333333333333 3856
0.7916666666666666 0.5833333333333333 4068
0.8333333333333333 0.5833333333333333 4096
0.875 0.5833333333333333 3686
0.9166666666666666 0.5833333333333333 3813
0.9583333333333333 0.5833333333333333 3872
1.0 0.5833333333333333 3887
0.0 0.625 4069
0.041666666666666664 0.625 4032
0.08333333333333333 0.625 4138
0.125 0.625 3939
0.16666666666666666 0.625 3696
0.20833333333333331 0.625 4044
0.25 0.625 3798
0.29166666666666663 0.625 3767
0.3333333333333333 0.625 4100
0.375 0.625 4083
0.41666666666666663 0.625 4113
0.4583333333333333 0.625 4109
0.5 0.625 4138
0.5416666666666666 0.625 4014
0.5833333333333333 0.625 4144
0.625 0.625 4086
0.6666666666666666 0.625 4122
0.7083333333333333 0.625 4065
0.75 0.625 3336
0.7916666666666666 0.625 4100
0.8333333333333333 0.625 3102
0.875 0.625 3887
0.9166666666666666 0.625 4165
0.9583333333333333 0.625 3958
1.0 0.625 3928
0.0 0.6666666666666666 4154
0.041666666666666664 0.6666666666666666 3864
0.08333333333333333 0.6666666666666666 3846
0.125 0.6666666666666666 4007
0.16666666666666666 0.6666666666666666 4058
0.20833333333333331 0.6666666666666666 4105
0.25 0.6666666666666666 3787
0.29166666666666663 0.6666666666666666 3873
0.3333333333333333 0.6666666666666666 4098
0.375 0.6666666666666666 3722
0.41666666666666663 0.6666666666666666 3695
0.4583333333333333 0.6666666666666666 3646
0.5 0.6666666666666666 4056
0.5416666666666666 0.6666666666666666 3528
0.5833333333333333 0.6666666666666666 3559
0.625 0.6666666666666666 4001
0.6666666666666666 0.6666666666666666 3532
0.7083333333333333 0.6666666666666666 3786
0.75 0.6666666666666666 4052
0.7916666666666666 0.6666666666666666 4127
0.8333333333333333 0.6666666666666666 3478
0.875 0.6666666666666666 3864
0.9166666666666666 0.6666666666666666 3972
0.9583333333333333 0.6666666666666666 4080
1.0 0.6666666666666666 4051
0.0 0.7083333333333333 4081
0.041666666666666664 0.7083333333333333 3994
0.08333333333333333 0.7083333333333333 4087
0.125 0.7083333333333333 3821
0.16666666666666666 0.7083333333333333 4129
0.20833333333333331 0.7083333333333333 4087
0.25 0.7083333333333333 3918
0.29166666666666663 0.7083333333333333 3965
0.3333333333333333 0.7083333333333333 3946
0.375 0.7083333333333333 3853
0.41666666666666663 0.7083333333333333 4120
0.4583333333333333 0.7083333333333333 3888
0.5 0.7083333333333333 3611
0.5416666666666666 0.7083333333333333 4106
0.5833333333333333 0.7083333333333333 3891
0.625 0.7083333333333333 3988
0.6666666666666666 0.7083333333333333 3938
0.7083333333333333 0.7083333333333333 3989
0.75 0.7083333333333333 4039
0.7916666666666666 0.7083333333333333 3474
0.8333333333333333 0.7083333333333333 4048
0.875 0.7083333333333333 4034
0.9166666666666666 0.7083333333333333 3980
0.9583333333333333 0.7083333333333333 4030
1.0 0.7083333333333333 4065
0.0 0.75 3918
0.041666666666666664 0.75 4096
0.08333333333333333 0.75 3764
0.125 0.75 4104
0.16666666666666666 0.75 4063
0.20833333333333331 0.75 3978
0.25 0.75 3944
0.29166666666666663 0.75 4054
0.3333333333333333 0.75 3740
0.375 0.75 3690
0.41666666666666663 0.75 3831
0.4583333333333333 0.75 3716
0.5 0.75 3829
0.5416666666666666 0.75 4125
0.5833333333333333 0.75 3825
0.625 0.75 4052
0.6666666666666666 0.75 3835
0.7083333333333333 0.75 3982
0.75 0.75 4128
0.7916666666666666 0.75 3917
0.8333333333333333 0.75 3753
0.875 0.75 3839
0.9166666666666666 0.75 3780
0.9583333333333333 0.75 4028
1.0 0.75 4156
0.0 0.7916666666666666 4111
0.041666666666666664 0.7916666666666666 3700
0.08333333333333333 0.7916666666666666 4131
0.125 0.7916666666666666 4047
0.16666666666666666 0.7916666666666666 3973
0.20833333333333331 0.7916666666666666 3955
0.25 0.7916666666666666 3791
0.29166666666666663 0.7916666666666666 3923
0.3333333333333333 0.7916666666666666 3959
0.375 0.7916666666666666 3778
0.41666666666666663 0.7916666666666666 3833
0.4583333333333333 0.7916666666666666 4090
0.5 0.7916666666666666 3855
0.5416666666666666 0.7916666666666666 4092
0.5833333333333333 0.7916666666666666 4047
0.625 0.7916666666666666 4095
0.6666666666666666 0.7916666666666666 3904
0.7083333333333333 0.7916666666666666 3795
0.75 0.7916666666666666 3802
0.7916666666666666 0.7916666666666666 4089
0.8333333333333333 0.7916666666666666 3807
0.875 0.7916666666666666 3904
0.9166666666666666 0.7916666666666666 4077
0.9583333333333333 0.7916666666666666 3773
1.0 0.7916666666666666 3955
0.0 0.8333333333333333 3929
0.041666666666666664 0.8333333333333333 4005
0.08333333333333333 0.8333333333333333 4053
0.125 0.8333333333333333 4079
0.16666666666666666 0.8333333333333333 3839
0.20833333333333331 0.8333333333333333 4143
0.25 0.8333333333333333 1
0.29166666666666663 0.8333333333333333 4106
0.3333333333333333 0.8333333333333333 3825
0.375 0.8333333333333333 4047
0.41666666666666663 0.8333333333333333 4002
0.4583333333333333 0.8333333333333333 4046
0.5 0.8333333333333333 4139
0.5416666666666666 0.8333333333333333 3971
0.5833333333333333 0.8333333333333333 4062
0.625 0.8333333333333333 4110
0.6666666666666666 0.8333333333333333 4039
0.7083333333333333 0.8333333333333333 4039
0.75 0.8333333333333333 4088
0.7916666666666666 0.8333333333333333 4035
0.8333333333333333 0.8333333333333333 3753
0.875 0.8333333333333333 4029
0.9166666666666666 0.8333333333333333 3974
0.9583333333333333 0.8333333333333333 3722
1.0 0.8333333333333333 4043
0.0 0.875 3974
0.041666666666666664 0.875 3976
0.08333333333333333 0.875 4110
0.125 0.875 4138
0.16666666666666666 0.875 3807
0.20833333333333331 0.875 4002
0.25 0.875 3785
0.29166666666666663 0.875 3802
0.3333333333333333 0.875 3805
0.375 0.875 3961
0.41666666666666663 0.875 3911
0.4583333333333333 0.875 3902
0.5 0.875 3918
0.5416666666666666 0.875 3965
0.5833333333333333 0.875 3833
0.625 0.875 3930
0.6666666666666666 0.875 3771
0.7083333333333333 0.875 4029
0.75 0.875 3923
0.7916666666666666 0.875 3766
0.8333333333333333 0.875 3754
0.875 0.875 3838
0.9166666666666666 0.875 3874
0.9583333333333333 0.875 4099
1.0 0.875 4060
0.0 0.9166666666666666 4093
0.041666666666666664 0.9166666666666666 4020
0.08333333333333333 0.9166666666666666 4140
0.125 0.9166666666666666 3999
0.16666666666666666 0.9166666666666666 4064
0.20833333333333331 0.9166666666666666 3842
0.25 0.9166666666666666 4034
0.29166666666666663 0.9166666666666666 3957
0.3333333333333333 0.9166666666666666 4105
0.375 0.9166666666666666 3789
0.41666666666666663 0.9166666666666666 4125
0.4583333333333333 0.9166666666666666 4030
0.5 0.9166666666666666 4056
0.5416666666666666 0.9166666666666666 4130
0.5833333333333333 0.9166666666666666 4131
0.625 0.9166666666666666 4060
0.6666666666666666 0.9166666666666666 3872
0.7083333333333333 0.9166666666666666 3768
0.75 0.9166666666666666 3790
0.7916666666666666 0.9166666666666666 3737
0.8333333333333333 0.9166666666666666 3860
0.875 0.9166666666666666 3937
0.9166666666666666 0.9166666666666666 4019
0.9583333333333333 0.9166666666666666 4155
1.0 0.9166666666666666 4089
0.0 0.9583333333333333 4110
0.041666666666666664 0.9583333333333333 3963
0.08333333333333333 0.9583333333333333 3771
0.125 0.9583333333333333 4011
0.16666666666666666 0.9583333333333333 3913
0.20833333333333331 0.9583333333333333 4121
0.25 0.9583333333333333 4004
0.29166666666666663 0.9583333333333333 3950
0.3333333333333333 0.9583333333333333 3783
0.375 0.9583333333333333 3856
0.41666666666666663 0.9583333333333333 4099
0.4583333333333333 0.9583333333333333 3808
0.5 0.9583333333333333 4029
0.5416666666666666 0.9583333333333333 3785
0.5833333333333333 0.9583333333333333 4132
0.625 0.9583333333333333 3904
0.6666666666666666 0.9583333333333333 3737
0.7083333333333333 0.9583333333333333 3915
0.75 0.9583333333333333 3763
0.7916666666666666 0.9583333333333333 3910
0.8333333333333333 0.9583333333333333 3916
0.875 0.9583333333333333 3856
0.9166666666666666 0.9583333333333333 3750
0.9583333333333333 0.9583333333333333 3910
1.0 0.9583333333333333 4091
0.0 1.0 3801
0.041666666666666664 1.0 4130
0.08333333333333333 1.0 3975
0.125 1.0 4111
0.16666666666666666 1.0 3963
0.20833333333333331 1.0 3846
0.25 1.0 4058
0.29166666666666663 1.0 3810
0.3333333333333333 1.0 3825
0.375 1.0 3715
0.41666666666666663 1.0 3966
0.4583333333333333 1.0 4017
0.5 1.0 4021
0.5416666666666666 1.0 1
0.5833333333333333 1.0 3720
0.625 1.0 4117
0.6666666666666666 1.0 4021
0.7083333333333333 1.0 3730
0.75 1.0 4080
0.7916666666666666 1.0 3997
0.8333333333333333 1.0 4059
0.875 1.0 4042
0.9166666666666666 1.0 4082
0.9583333333333333 1.0 3848
1.0 1.0 4081
