0.0 0.0 4054
0.041666666666666664 0.0 4028
0.08333333333333333 0.0 4019
0.125 0.0 3671
0.16666666666666666 0.0 3976
0.20833333333333331 0.0 3927
0.25 0.0 3890
0.29166666666666663 0.0 3913
0.3333333333333333 0.0 3716
0.375 0.0 3653
0.41666666666666663 0.0 3712
0.4583333333333333 0.0 3436
0.5 0.0 1
0.5416666666666666 0.0 3576
0.5833333333333333 0.0 3345
0.625 0.0 3324
0.6666666666666666 0.0 3114
0.7083333333333333 0.0 3007
0.75 0.0 2886
0.7916666666666666 0.0 2549
0.8333333333333333 0.0 2336
0.875 0.0 1911
0.9166666666666666 0.0 1
0.9583333333333333 0.0 1
1.0 0.0 1
0.0 0.020833333333333332 3987
0.041666666666666664 0.020833333333333332 3709
0.08333333333333333 0.020833333333333332 3928
0.125 0.020833333333333332 3907
0.16666666666666666 0.020833333333333332 3729
0.20833333333333331 0.020833333333333332 3699
0.25 0.020833333333333332 3987
0.29166666666666663 0.020833333333333332 3685
0.3333333333333333 0.020833333333333332 3764
0.375 0.020833333333333332 3732
0.41666666666666663 0.020833333333333332 3662
0.4583333333333333 0.020833333333333332 3596
0.5 0.020833333333333332 3542
0.5416666666666666 0.020833333333333332 3335
0.5833333333333333 0.020833333333333332 3347
0.625 0.020833333333333332 3271
0.6666666666666666 0.020833333333333332 3142
0.7083333333333333 0.020833333333333332 3042
0.75 0.020833333333333332 2851
0.7916666666666666 0.020833333333333332 2643
0.8333333333333333 0.020833333333333332 2368
0.875 0.020833333333333332 2075
0.9166666666666666 0.020833333333333332 1541
0.9583333333333333 0.020833333333333332 975
1.0 0.020833333333333332 497
0.0 0.041666666666666664 4048
0.041666666666666664 0.041666666666666664 4105
0.08333333333333333 0.041666666666666664 3673
0.125 0.041666666666666664 3975
0.16666666666666666 0.041666666666666664 3860
0.20833333333333331 0.041666666666666664 3814
0.25 0.041666666666666664 3901
0.29166666666666663 0.041666666666666664 3773
0.3333333333333333 0.041666666666666664 3817
0.375 0.041666666666666664 3689
0.41666666666666663 0.041666666666666664 3495
0.4583333333333333 0.041666666666666664 3583
0.5 0.041666666666666664 3390
0.5416666666666666 0.041666666666666664 3478
0.5833333333333333 0.041666666666666664 3426
0.625 0.041666666666666664 3349
0.6666666666666666 0.041666666666666664 3180
0.7083333333333333 0.041666666666666664 3015
0.75 0.041666666666666664 2866
0.7916666666666666 0.041666666666666664 2811
0.8333333333333333 0.041666666666666664 2433
0.875 0.041666666666666664 2186
0.9166666666666666 0.041666666666666664 1959
0.9583333333333333 0.041666666666666664 1029
1.0 0.041666666666666664 449
0.0 0.0625 3993
0.041666666666666664 0.0625 3876
0.08333333333333333 0.0625 3673
0.125 0.0625 3827
0.16666666666666666 0.0625 3951
0.20833333333333331 0.0625 3942
0.25 0.0625 3566
0.29166666666666663 0.0625 3861
0.3333333333333333 0.0625 3568
0.375 0.0625 3655
0.41666666666666663 0.0625 3605
0.4583333333333333 0.0625 3633
0.5 0.0625 3535
0.5416666666666666 0.0625 3549
0.5833333333333333 0.0625 3337
0.625 0.0625 3269
0.6666666666666666 0.0625 3103
0.7083333333333333 0.0625 3134
0.75 0.0625 2838
0.7916666666666666 0.0625 2677
0.8333333333333333 0.0625 2431
0.875 0.0625 2136
0.9166666666666666 0.0625 2276
0.9583333333333333 0.0625 922
1.0 0.0625 992
0.0 0.08333333333333333 3936
0.041666666666666664 0.08333333333333333 3951
0.08333333333333333 0.08333333333333333 3795
0.125 0.08333333333333333 3734
0.16666666666666666 0.08333333333333333 1
0.20833333333333331 0.08333333333333333 3890
0.25 0.08333333333333333 3834
0.29166666666666663 0.08333333333333333 3652
0.3333333333333333 0.08333333333333333 3850
0.375 0.08333333333333333 3757
0.41666666666666663 0.08333333333333333 3477
0.4583333333333333 0.08333333333333333 3653
0.5 0.08333333333333333 3613
0.5416666666666666 0.08333333333333333 3407
0.5833333333333333 0.08333333333333333 3434
0.625 0.08333333333333333 3331
0.6666666666666666 0.08333333333333333 3188
0.7083333333333333 0.08333333333333333 2985
0.75 0.08333333333333333 3258
0.7916666666666666 0.08333333333333333 2693
0.8333333333333333 0.08333333333333333 2407
0.875 0.08333333333333333 2032
0.9166666666666666 0.08333333333333333 1904
0.9583333333333333 0.08333333333333333 834
1.0 0.08333333333333333 971
0.0 0.10416666666666666 4149
0.041666666666666664 0.10416666666666666 4070
0.08333333333333333 0.10416666666666666 3929
0.125 0.10416666666666666 3937
0.16666666666666666 0.10416666666666666 3928
0.20833333333333331 0.10416666666666666 3971
0.25 0.10416666666666666 3685
0.29166666666666663 0.10416666666666666 3867
0.3333333333333333 0.10416666666666666 3724
0.375 0.10416666666666666 3555
0.41666666666666663 0.10416666666666666 3694
0.4583333333333333 0.10416666666666666 3507
0.5 0.10416666666666666 3526
0.5416666666666666 0.10416666666666666 3415
0.5833333333333333 0.10416666666666666 3550
0.625 0.10416666666666666 3588
0.6666666666666666 0.10416666666666666 3184
0.7083333333333333 0.10416666666666666 3338
0.75 0.10416666666666666 2876
0.7916666666666666 0.10416666666666666 2958
0.8333333333333333 0.10416666666666666 2654
0.875 0.10416666666666666 2120
0.9166666666666666 0.10416666666666666 1840
0.9583333333333333 0.10416666666666666 1614
1.0 0.10416666666666666 1576
0.0 0.125 4080
0.041666666666666664 0.125 4054
0.08333333333333333 0.125 3985
0.125 0.125 3989
0.16666666666666666 0.125 3623
0.20833333333333331 0.125 3718
0.25 0.125 3589
0.29166666666666663 0.125 3859
0.3333333333333333 0.125 3653
0.375 0.125 3560
0.41666666666666663 0.125 3549
0.4583333333333333 0.125 3736
0.5 0.125 3565
0.5416666666666666 0.125 3471
0.5833333333333333 0.125 3386
0.625 0.125 3297
0.6666666666666666 0.125 3216
0.7083333333333333 0.125 3165
0.75 0.125 2871
0.7916666666666666 0.125 2717
0.8333333333333333 0.125 2938
0.875 0.125 2166
0.9166666666666666 0.125 1785
0.9583333333333333 0.125 2512
1.0 0.125 2542
0.0 0.14583333333333331 3725
0.041666666666666664 0.14583333333333331 4059
0.08333333333333333 0.14583333333333331 3943
0.125 0.14583333333333331 3832
0.16666666666666666 0.14583333333333331 3693
0.20833333333333331 0.14583333333333331 3714
0.25 0.14583333333333331 3645
0.29166666666666663 0.14583333333333331 3638
0.3333333333333333 0.14583333333333331 3778
0.375 0.14583333333333331 3680
0.41666666666666663 0.14583333333333331 3713
0.4583333333333333 0.14583333333333331 3560
0.5 0.14583333333333331 3600
0.5416666666666666 0.14583333333333331 3514
0.5833333333333333 0.14583333333333331 3392
0.625 0.14583333333333331 3445
0.6666666666666666 0.14583333333333331 3124
0.7083333333333333 0.14583333333333331 3057
0.75 0.14583333333333331 2891
0.7916666666666666 0.14583333333333331 2718
0.8333333333333333 0.14583333333333331 2487
0.875 0.14583333333333331 2104
0.9166666666666666 0.14583333333333331 1838
0.9583333333333333 0.14583333333333331 1115
1.0 0.14583333333333331 3558
0.0 0.16666666666666666 3939
0.041666666666666664 0.16666666666666666 3737
0.08333333333333333 0.16666666666666666 3839
0.125 0.16666666666666666 4005
0.16666666666666666 0.16666666666666666 3995
0.20833333333333331 0.16666666666666666 3868
0.25 0.16666666666666666 3825
0.29166666666666663 0.16666666666666666 3680
0.3333333333333333 0.16666666666666666 3688
0.375 0.16666666666666666 3770
0.41666666666666663 0.16666666666666666 3612
0.4583333333333333 0.16666666666666666 3482
0.5 0.16666666666666666 3483
0.5416666666666666 0.16666666666666666 3567
0.5833333333333333 0.16666666666666666 3558
0.625 0.16666666666666666 3236
0.6666666666666666 0.16666666666666666 3391
0.7083333333333333 0.16666666666666666 3041
0.75 0.16666666666666666 2989
0.7916666666666666 0.16666666666666666 2742
0.8333333333333333 0.16666666666666666 3260
0.875 0.16666666666666666 2475
0.9166666666666666 0.16666666666666666 3044
0.9583333333333333 0.16666666666666666 1101
1.0 0.16666666666666666 1546
0.0 0.1875 3974
0.041666666666666664 0.1875 3989
0.08333333333333333 0.1875 3740
0.125 0.1875 3729
0.16666666666666666 0.1875 3792
0.20833333333333331 0.1875 3922
0.25 0.1875 3871
0.29166666666666663 0.1875 3765
0.3333333333333333 0.1875 3792
0.375 0.1875 3730
0.41666666666666663 0.1875 3720
0.4583333333333333 0.1875 3475
0.5 0.1875 3499
0.5416666666666666 0.1875 3628
0.5833333333333333 0.1875 3570
0.625 0.1875 3234
0.6666666666666666 0.1875 3723
0.7083333333333333 0.1875 3292
0.75 0.1875 2893
0.7916666666666666 0.1875 2945
0.8333333333333333 0.1875 2800
0.875 0.1875 2678
0.9166666666666666 0.1875 2690
0.9583333333333333 0.1875 1209
1.0 0.1875 1786
0.0 0.20833333333333331 4087
0.041666666666666664 0.20833333333333331 3773
0.08333333333333333 0.20833333333333331 3812
0.125 0.20833333333333331 3700
0.16666666666666666 0.20833333333333331 3848
0.20833333333333331 0.20833333333333331 3781
0.25 0.20833333333333331 3908
0.29166666666666663 0.20833333333333331 3862
0.3333333333333333 0.20833333333333331 3811
0.375 0.20833333333333331 3741
0.41666666666666663 0.20833333333333331 3544
0.4583333333333333 0.20833333333333331 3704
0.5 0.20833333333333331 3652
0.5416666666666666 0.20833333333333331 3617
0.5833333333333333 0.20833333333333331 3483
0.625 0.20833333333333331 3816
0.6666666666666666 0.20833333333333331 3251
0.7083333333333333 0.20833333333333331 3127
0.75 0.20833333333333331 2949
0.7916666666666666 0.20833333333333331 3424
0.8333333333333333 0.20833333333333331 2921
0.875 0.20833333333333331 2893
0.9166666666666666 0.20833333333333331 3266
0.9583333333333333 0.20833333333333331 3819
1.0 0.20833333333333331 3453
0.0 0.22916666666666666 3915
0.041666666666666664 0.22916666666666666 3854
0.08333333333333333 0.22916666666666666 3895
0.125 0.22916666666666666 3699
0.16666666666666666 0.22916666666666666 3832
0.20833333333333331 0.22916666666666666 3854
0.25 0.22916666666666666 3606
0.29166666666666663 0.22916666666666666 3866
0.3333333333333333 0.22916666666666666 3800
0.375 0.22916666666666666 3684
0.41666666666666663 0.22916666666666666 3773
0.4583333333333333 0.22916666666666666 3596
0.5 0.22916666666666666 3697
0.5416666666666666 0.22916666666666666 3393
0.5833333333333333 0.22916666666666666 3425
0.625 0.22916666666666666 3535
0.6666666666666666 0.22916666666666666 3534
0.7083333333333333 0.22916666666666666 3200
0.75 0.22916666666666666 3720
0.7916666666666666 0.22916666666666666 2745
0.8333333333333333 0.22916666666666666 2828
0.875 0.22916666666666666 2922
0.9166666666666666 0.22916666666666666 2846
0.9583333333333333 0.22916666666666666 1424
1.0 0.22916666666666666 3276
0.0 0.25 3920
0.041666666666666664 0.25 4081
0.08333333333333333 0.25 3985
0.125 0.25 3842
0.16666666666666666 0.25 3938
0.20833333333333331 0.25 3866
0.25 0.25 3823
0.29166666666666663 0.25 3826
0.3333333333333333 0.25 3782
0.375 0.25 3995
0.41666666666666663 0.25 3690
0.4583333333333333 0.25 3929
0.5 0.25 3450
0.5416666666666666 0.25 3601
0.5833333333333333 0.25 3813
0.625 0.25 3681
0.6666666666666666 0.25 3525
0.7083333333333333 0.25 3251
0.75 0.25 3135
0.7916666666666666 0.25 2755
0.8333333333333333 0.25 2538
0.875 0.25 2214
0.9166666666666666 0.25 2848
0.9583333333333333 0.25 2753
1.0 0.25 3883
0.0 0.2708333333333333 4119
0.041666666666666664 0.2708333333333333 4022
0.08333333333333333 0.2708333333333333 4051
0.125 0.2708333333333333 3884
0.16666666666666666 0.2708333333333333 3970
0.20833333333333331 0.2708333333333333 3866
0.25 0.2708333333333333 3828
0.29166666666666663 0.2708333333333333 3873
0.3333333333333333 0.2708333333333333 3794
0.375 0.2708333333333333 3828
0.41666666666666663 0.2708333333333333 3523
0.4583333333333333 0.2708333333333333 3655
0.5 0.2708333333333333 3577
0.5416666666666666 0.2708333333333333 3547
0.5833333333333333 0.2708333333333333 3577
0.625 0.2708333333333333 3980
0.6666666666666666 0.2708333333333333 3664
0.7083333333333333 0.2708333333333333 3087
0.75 0.2708333333333333 2965
0.7916666666666666 0.2708333333333333 3740
0.8333333333333333 0.2708333333333333 3174
0.875 0.2708333333333333 2717
0.9166666666666666 0.2708333333333333 3815
0.9583333333333333 0.2708333333333333 3888
1.0 0.2708333333333333 2439
0.0 0.29166666666666663 3729
0.041666666666666664 0.29166666666666663 4071
0.08333333333333333 0.29166666666666663 3999
0.125 0.29166666666666663 4029
0.16666666666666666 0.29166666666666663 3998
0.20833333333333331 0.29166666666666663 3798
0.25 0.29166666666666663 3964
0.29166666666666663 0.29166666666666663 3815
0.3333333333333333 0.29166666666666663 3644
0.375 0.29166666666666663 4052
0.41666666666666663 0.29166666666666663 3720
0.4583333333333333 0.29166666666666663 3692
0.5 0.29166666666666663 3796
0.5416666666666666 0.29166666666666663 3718
0.5833333333333333 0.29166666666666663 3964
0.625 0.29166666666666663 3969
0.6666666666666666 0.29166666666666663 3470
0.7083333333333333 0.29166666666666663 3066
0.75 0.29166666666666663 2924
0.7916666666666666 0.29166666666666663 3665
0.8333333333333333 0.29166666666666663 2841
0.875 0.29166666666666663 3838
0.9166666666666666 0.29166666666666663 3583
0.9583333333333333 0.29166666666666663 2575
1.0 0.29166666666666663 1465
0.0 0.3125 1
0.041666666666666664 0.3125 3955
0.08333333333333333 0.3125 3796
0.125 0.3125 3962
0.16666666666666666 0.3125 4035
0.20833333333333331 0.3125 3717
0.25 0.3125 3871
0.29166666666666663 0.3125 3823
0.3333333333333333 0.3125 3833
0.375 0.3125 3750
0.41666666666666663 0.3125 3694
0.4583333333333333 0.3125 3870
0.5 0.3125 3940
0.5416666666666666 0.3125 3532
0.5833333333333333 0.3125 3488
0.625 0.3125 3406
0.6666666666666666 0.3125 3591
0.7083333333333333 0.3125 4045
0.75 0.3125 2931
0.7916666666666666 0.3125 3089
0.8333333333333333 0.3125 2727
0.875 0.3125 3807
0.9166666666666666 0.3125 3920
0.9583333333333333 0.3125 3002
1.0 0.3125 4086
0.0 0.3333333333333333 4005
0.041666666666666664 0.3333333333333333 4022
0.08333333333333333 0.3333333333333333 3963
0.125 0.3333333333333333 4103
0.16666666666666666 0.3333333333333333 3887
0.20833333333333331 0.3333333333333333 3906
0.25 0.3333333333333333 3847
0.29166666666666663 0.3333333333333333 3838
0.3333333333333333 0.3333333333333333 3821
0.375 0.3333333333333333 3849
0.41666666666666663 0.3333333333333333 4124
0.4583333333333333 0.3333333333333333 3580
0.5 0.3333333333333333 3577
0.5416666666666666 0.3333333333333333 3823
0.5833333333333333 0.3333333333333333 3737
0.625 0.3333333333333333 3503
0.6666666666666666 0.3333333333333333 3460
0.7083333333333333 0.3333333333333333 3306
0.75 0.3333333333333333 3598
0.7916666666666666 0.3333333333333333 4012
0.8333333333333333 0.3333333333333333 3978
0.875 0.3333333333333333 2353
0.9166666666666666 0.3333333333333333 4028
0.9583333333333333 0.3333333333333333 3494
1.0 0.3333333333333333 3014
0.0 0.35416666666666663 4049
0.041666666666666664 0.35416666666666663 3971
0.08333333333333333 0.35416666666666663 4033
0.125 0.35416666666666663 4004
0.16666666666666666 0.35416666666666663 4118
0.20833333333333331 0.35416666666666663 3960
0.25 0.35416666666666663 3935
0.29166666666666663 0.35416666666666663 3926
0.3333333333333333 0.35416666666666663 3858
0.375 0.35416666666666663 4023
0.41666666666666663 0.35416666666666663 3825
0.4583333333333333 0.35416666666666663 3632
0.5 0.35416666666666663 4071
0.5416666666666666 0.35416666666666663 4052
0.5833333333333333 0.35416666666666663 3564
0.625 0.35416666666666663 3320
0.6666666666666666 0.35416666666666663 3258
0.7083333333333333 0.35416666666666663 3253
0.75 0.35416666666666663 3542
0.7916666666666666 0.35416666666666663 3130
0.8333333333333333 0.35416666666666663 3435
0.875 0.35416666666666663 4001
0.9166666666666666 0.35416666666666663 2762
0.9583333333333333 0.35416666666666663 3027
1.0 0.35416666666666663 4089
0.0 0.375 3703
0.041666666666666664 0.375 3837
0.08333333333333333 0.375 3781
0.125 0.375 3984
0.16666666666666666 0.375 3764
0.20833333333333331 0.375 3925
0.25 0.375 3966
0.29166666666666663 0.375 4059
0.3333333333333333 0.375 3820
0.375 0.375 3834
0.41666666666666663 0.375 3764
0.4583333333333333 0.375 4020
0.5 0.375 3549
0.5416666666666666 0.375 3609
0.5833333333333333 0.375 3863
0.625 0.375 4147
0.6666666666666666 0.375 4030
0.7083333333333333 0.375 3140
0.75 0.375 3842
0.7916666666666666 0.375 2977
0.8333333333333333 0.375 2774
0.875 0.375 2387
0.9166666666666666 0.375 2660
0.9583333333333333 0.375 3839
1.0 0.375 3284
0.0 0.3958333333333333 3903
0.041666666666666664 0.3958333333333333 4030
0.08333333333333333 0.3958333333333333 3995
0.125 0.3958333333333333 4000
0.16666666666666666 0.3958333333333333 3834
0.20833333333333331 0.3958333333333333 3941
0.25 0.3958333333333333 3848
0.29166666666666663 0.3958333333333333 3898
0.3333333333333333 0.3958333333333333 3999
0.375 0.3958333333333333 3714
0.41666666666666663 0.3958333333333333 3866
0.4583333333333333 0.3958333333333333 3607
0.5 0.3958333333333333 3850
0.5416666666666666 0.3958333333333333 3654
0.5833333333333333 0.3958333333333333 4075
0.625 0.3958333333333333 3998
0.6666666666666666 0.3958333333333333 3652
0.7083333333333333 0.3958333333333333 4037
0.75 0.3958333333333333 3345
0.7916666666666666 0.3958333333333333 2927
0.8333333333333333 0.3958333333333333 3937
0.875 0.3958333333333333 4142
0.9166666666666666 0.3958333333333333 3881
0.9583333333333333 0.3958333333333333 3949
1.0 0.3958333333333333 3323
0.0 0.41666666666666663 3762
0.041666666666666664 0.41666666666666663 4074
0.08333333333333333 0.41666666666666663 4023
0.125 0.41666666666666663 3934
0.16666666666666666 0.41666666666666663 3966
0.20833333333333331 0.41666666666666663 3909
0.25 0.41666666666666663 4077
0.29166666666666663 0.41666666666666663 3911
0.3333333333333333 0.41666666666666663 4035
0.375 0.41666666666666663 3767
0.41666666666666663 0.41666666666666663 3949
0.4583333333333333 0.41666666666666663 3656
0.5 0.41666666666666663 4052
0.5416666666666666 0.41666666666666663 3551
0.5833333333333333 0.41666666666666663 4045
0.625 0.41666666666666663 4066
0.6666666666666666 0.41666666666666663 3903
0.7083333333333333 0.41666666666666663 3164
0.75 0.41666666666666663 3906
0.7916666666666666 0.41666666666666663 4049
0.8333333333333333 0.41666666666666663 4157
0.875 0.41666666666666663 3488
0.9166666666666666 0.41666666666666663 3878
0.9583333333333333 0.41666666666666663 4036
1.0 0.41666666666666663 2300
0.0 0.4375 3902
0.041666666666666664 0.4375 4034
0.08333333333333333 0.4375 4069
0.125 0.4375 3760
0.16666666666666666 0.4375 4042
0.20833333333333331 0.4375 3913
0.25 0.4375 3956
0.29166666666666663 0.4375 4089
0.3333333333333333 0.4375 3981
0.375 0.4375 3827
0.41666666666666663 0.4375 3830
0.4583333333333333 0.4375 4006
0.5 0.4375 4095
0.5416666666666666 0.4375 3692
0.5833333333333333 0.4375 4101
0.625 0.4375 3573
0.6666666666666666 0.4375 3482
0.7083333333333333 0.4375 3372
0.75 0.4375 4085
0.7916666666666666 0.4375 3608
0.8333333333333333 0.4375 2765
0.875 0.4375 3813
0.9166666666666666 0.4375 4086
0.9583333333333333 0.4375 3627
1.0 0.4375 3745
0.0 0.4583333333333333 4066
0.041666666666666664 0.4583333333333333 4046
0.08333333333333333 0.4583333333333333 3942
0.125 0.4583333333333333 3997
0.16666666666666666 0.4583333333333333 4008
0.20833333333333331 0.4583333333333333 4085
0.25 0.4583333333333333 3770
0.29166666666666663 0.4583333333333333 3833
0.3333333333333333 0.4583333333333333 3875
0.375 0.4583333333333333 3737
0.41666666666666663 0.4583333333333333 3957
0.4583333333333333 0.4583333333333333 3708
0.5 0.4583333333333333 4061
0.5416666666666666 0.4583333333333333 3552
0.5833333333333333 0.4583333333333333 3861
0.625 0.4583333333333333 3856
0.6666666666666666 0.4583333333333333 4157
0.7083333333333333 0.4583333333333333 3331
0.75 0.4583333333333333 4088
0.7916666666666666 0.4583333333333333 3873
0.8333333333333333 0.4583333333333333 2886
0.875 0.4583333333333333 4088
0.9166666666666666 0.4583333333333333 2632
0.9583333333333333 0.4583333333333333 3954
1.0 0.4583333333333333 2608
0.0 0.47916666666666663 4116
0.041666666666666664 0.47916666666666663 4016
0.08333333333333333 0.47916666666666663 3997
0.125 0.47916666666666663 3842
0.16666666666666666 0.47916666666666663 3934
0.20833333333333331 0.47916666666666663 3871
0.25 0.47916666666666663 3693
0.29166666666666663 0.47916666666666663 4099
0.3333333333333333 0.47916666666666663 3778
0.375 0.47916666666666663 4050
0.41666666666666663 0.47916666666666663 4103
0.4583333333333333 0.47916666666666663 4129
0.5 0.47916666666666663 3804
0.5416666666666666 0.47916666666666663 3603
0.5833333333333333 0.47916666666666663 3514
0.625 0.47916666666666663 4159
0.6666666666666666 0.47916666666666663 3417
0.7083333333333333 0.47916666666666663 3545
0.75 0.47916666666666663 3139
0.7916666666666666 0.47916666666666663 4141
0.8333333333333333 0.47916666666666663 3671
0.875 0.47916666666666663 4080
0.9166666666666666 0.47916666666666663 3109
0.9583333333333333 0.47916666666666663 1
1.0 0.47916666666666663 3223
0.0 0.5 4084
0.041666666666666664 0.5 3801
0.08333333333333333 0.5 4086
0.125 0.5 3826
0.16666666666666666 0.5 3830
0.20833333333333331 0.5 4050
0.25 0.5 4070
0.29166666666666663 0.5 3965
0.3333333333333333 0.5 4099
0.375 0.5 3724
0.41666666666666663 0.5 4035
0.4583333333333333 0.5 3745
0.5 0.5 3917
0.5416666666666666 0.5 3610
0.5833333333333333 0.5 4098
0.625 0.5 3479
0.6666666666666666 0.5 3403
0.7083333333333333 0.5 4177
0.75 0.5 3906
0.7916666666666666 0.5 3564
0.8333333333333333 0.5 3763
0.875 0.5 4058
0.9166666666666666 0.5 3439
0.9583333333333333 0.5 3507
1.0 0.5 2900
