0.0 0.0 4028
0.041666666666666664 0.0 4037
0.08333333333333333 0.0 3900
0.125 0.0 3668
0.16666666666666666 0.0 3919
0.20833333333333331 0.0 3798
0.25 0.0 3910
0.29166666666666663 0.0 3764
0.3333333333333333 0.0 3682
0.375 0.0 3661
0.41666666666666663 0.0 3580
0.4583333333333333 0.0 3680
0.5 0.0 3649
0.5416666666666666 0.0 3434
0.5833333333333333 0.0 3329
0.625 0.0 3239
0.6666666666666666 0.0 3243
0.7083333333333333 0.0 2905
0.75 0.0 2822
0.7916666666666666 0.0 2623
0.8333333333333333 0.0 1
0.875 0.0 1959
0.9166666666666666 0.0 1455
0.9583333333333333 0.0 1
1.0 0.0 1
0.0 0.020833333333333332 4081
0.041666666666666664 0.020833333333333332 4117
0.08333333333333333 0.020833333333333332 4058
0.125 0.020833333333333332 3677
0.16666666666666666 0.020833333333333332 3767
0.20833333333333331 0.020833333333333332 3783
0.25 0.020833333333333332 3942
0.29166666666666663 0.020833333333333332 3844
0.3333333333333333 0.020833333333333332 3773
0.375 0.020833333333333332 3686
0.41666666666666663 0.020833333333333332 3667
0.4583333333333333 0.020833333333333332 3626
0.5 0.020833333333333332 3550
0.5416666666666666 0.020833333333333332 3513
0.5833333333333333 0.020833333333333332 3329
0.625 0.020833333333333332 3292
0.6666666666666666 0.020833333333333332 3211
0.7083333333333333 0.020833333333333332 2978
0.75 0.020833333333333332 2882
0.7916666666666666 0.020833333333333332 2667
0.8333333333333333 0.020833333333333332 2493
0.875 0.020833333333333332 2147
0.9166666666666666 0.020833333333333332 1623
0.9583333333333333 0.020833333333333332 1337
1.0 0.020833333333333332 133
0.0 0.041666666666666664 4109
0.041666666666666664 0.041666666666666664 3728
0.08333333333333333 0.041666666666666664 4047
0.125 0.041666666666666664 4017
0.16666666666666666 0.041666666666666664 3927
0.20833333333333331 0.041666666666666664 3874
0.25 0.041666666666666664 3614
0.29166666666666663 0.041666666666666664 3580
0.3333333333333333 0.041666666666666664 3555
0.375 0.041666666666666664 3731
0.41666666666666663 0.041666666666666664 3447
0.4583333333333333 0.041666666666666664 3563
0.5 0.041666666666666664 3579
0.5416666666666666 0.041666666666666664 3386
0.5833333333333333 0.041666666666666664 3438
0.625 0.041666666666666664 3331
0.6666666666666666 0.041666666666666664 3143
0.7083333333333333 0.041666666666666664 3130
0.75 0.041666666666666664 2991
0.7916666666666666 0.041666666666666664 2589
0.8333333333333333 0.041666666666666664 2553
0.875 0.041666666666666664 1991
0.9166666666666666 0.041666666666666664 1801
0.9583333333333333 0.041666666666666664 1465
1.0 0.041666666666666664 1447
0.0 0.0625 3888
0.041666666666666664 0.0625 3856
0.08333333333333333 0.0625 4062
0.125 0.0625 3908
0.16666666666666666 0.0625 3990
0.20833333333333331 0.0625 3895
0.25 0.0625 3889
0.29166666666666663 0.0625 3741
0.3333333333333333 0.0625 3609
0.375 0.0625 3564
0.41666666666666663 0.0625 3679
0.4583333333333333 0.0625 3403
0.5 0.0625 3482
0.5416666666666666 0.0625 3387
0.5833333333333333 0.0625 3338
0.625 0.0625 3340
0.6666666666666666 0.0625 3094
0.7083333333333333 0.0625 2958
0.75 0.0625 2882
0.7916666666666666 0.0625 2800
0.8333333333333333 0.0625 2373
0.875 0.0625 2229
0.9166666666666666 0.0625 1654
0.9583333333333333 0.0625 1818
1.0 0.0625 1234
0.0 0.08333333333333333 3784
0.041666666666666664 0.08333333333333333 3775
0.08333333333333333 0.08333333333333333 3800
0.125 0.08333333333333333 3855
0.16666666666666666 0.08333333333333333 3754
0.20833333333333331 0.08333333333333333 3823
0.25 0.08333333333333333 3876
0.29166666666666663 0.08333333333333333 3840
0.3333333333333333 0.08333333333333333 3882
0.375 0.08333333333333333 3815
0.41666666666666663 0.08333333333333333 3630
0.4583333333333333 0.08333333333333333 3639
0.5 0.08333333333333333 3628
0.5416666666666666 0.08333333333333333 3581
0.5833333333333333 0.08333333333333333 3346
0.625 0.08333333333333333 3210
0.6666666666666666 0.08333333333333333 3291
0.7083333333333333 0.08333333333333333 3238
0.75 0.08333333333333333 2825
0.7916666666666666 0.08333333333333333 2625
0.8333333333333333 0.08333333333333333 2372
0.875 0.08333333333333333 2155
0.9166666666666666 0.08333333333333333 1825
0.9583333333333333 0.08333333333333333 962
1.0 0.08333333333333333 846
0.0 0.10416666666666666 3948
0.041666666666666664 0.10416666666666666 3972
0.08333333333333333 0.10416666666666666 4034
0.125 0.10416666666666666 3777
0.16666666666666666 0.10416666666666666 3793
0.20833333333333331 0.10416666666666666 3912
0.25 0.10416666666666666 3917
0.29166666666666663 0.10416666666666666 3791
0.3333333333333333 0.10416666666666666 3608
0.375 0.10416666666666666 3795
0.41666666666666663 0.10416666666666666 3517
0.4583333333333333 0.10416666666666666 3584
0.5 0.10416666666666666 3595
0.5416666666666666 0.10416666666666666 3608
0.5833333333333333 0.10416666666666666 3409
0.625 0.10416666666666666 3280
0.6666666666666666 0.10416666666666666 3130
0.7083333333333333 0.10416666666666666 3029
0.75 0.10416666666666666 2913
0.7916666666666666 0.10416666666666666 2679
0.8333333333333333 0.10416666666666666 2509
0.875 0.10416666666666666 2358
0.9166666666666666 0.10416666666666666 1741
0.9583333333333333 0.10416666666666666 2636
1.0 0.10416666666666666 1588
0.0 0.125 4042
0.041666666666666664 0.125 3801
0.08333333333333333 0.125 3751
0.125 0.125 4012
0.16666666666666666 0.125 3728
0.20833333333333331 0.125 3706
0.25 0.125 3741
0.29166666666666663 0.125 3774
0.3333333333333333 0.125 3730
0.375 0.125 3662
0.41666666666666663 0.125 3669
0.4583333333333333 0.125 3531
0.5 0.125 3633
0.5416666666666666 0.125 3474
0.5833333333333333 0.125 3558
0.625 0.125 3391
0.6666666666666666 0.125 3368
0.7083333333333333 0.125 3157
0.75 0.125 3239
0.7916666666666666 0.125 2665
0.8333333333333333 0.125 3031
0.875 0.125 2154
0.9166666666666666 0.125 1667
0.9583333333333333 0.125 1121
1.0 0.125 2864
0.0 0.14583333333333331 4030
0.041666666666666664 0.14583333333333331 3743
0.08333333333333333 0.14583333333333331 4043
0.125 0.14583333333333331 3965
0.16666666666666666 0.14583333333333331 3902
0.20833333333333331 0.14583333333333331 3784
0.25 0.14583333333333331 3919
0.29166666666666663 0.14583333333333331 3602
0.3333333333333333 0.14583333333333331 3781
0.375 0.14583333333333331 3632
0.41666666666666663 0.14583333333333331 3722
0.4583333333333333 0.14583333333333331 3606
0.5 0.14583333333333331 3434
0.5416666666666666 0.14583333333333331 3459
0.5833333333333333 0.14583333333333331 3266
0.625 0.14583333333333331 3240
0.6666666666666666 0.14583333333333331 3464
0.7083333333333333 0.14583333333333331 3043
0.75 0.14583333333333331 2964
0.7916666666666666 0.14583333333333331 3154
0.8333333333333333 0.14583333333333331 3021
0.875 0.14583333333333331 2368
0.9166666666666666 0.14583333333333331 1941
0.9583333333333333 0.14583333333333331 1137
1.0 0.14583333333333331 1269
0.0 0.16666666666666666 4105
0.041666666666666664 0.16666666666666666 4073
0.08333333333333333 0.16666666666666666 3774
0.125 0.16666666666666666 4021
0.16666666666666666 0.16666666666666666 3827
0.20833333333333331 0.16666666666666666 3657
0.25 0.16666666666666666 3889
0.29166666666666663 0.16666666666666666 3878
0.3333333333333333 0.16666666666666666 3826
0.375 0.16666666666666666 3522
0.41666666666666663 0.16666666666666666 3631
0.4583333333333333 0.16666666666666666 3719
0.5 0.16666666666666666 3541
0.5416666666666666 0.16666666666666666 3608
0.5833333333333333 0.16666666666666666 3378
0.625 0.16666666666666666 3475
0.6666666666666666 0.16666666666666666 3182
0.7083333333333333 0.16666666666666666 3034
0.75 0.16666666666666666 2981
0.7916666666666666 0.16666666666666666 2989
0.8333333333333333 0.16666666666666666 3544
0.875 0.16666666666666666 2169
0.9166666666666666 0.16666666666666666 1636
0.9583333333333333 0.16666666666666666 1473
1.0 0.16666666666666666 2503
0.0 0.1875 3761
0.041666666666666664 0.1875 3780
0.08333333333333333 0.1875 4075
0.125 0.1875 3704
0.16666666666666666 0.1875 3831
0.20833333333333331 0.1875 3899
0.25 0.1875 3718
0.29166666666666663 0.1875 3624
0.3333333333333333 0.1875 3866
0.375 0.1875 3736
0.41666666666666663 0.1875 3564
0.4583333333333333 0.1875 3629
0.5 0.1875 3550
0.5416666666666666 0.1875 3573
0.5833333333333333 0.1875 3555
0.625 0.1875 3609
0.6666666666666666 0.1875 3174
0.7083333333333333 0.1875 3061
0.75 0.1875 3346
0.7916666666666666 0.1875 3244
0.8333333333333333 0.1875 2585
0.875 0.1875 2947
0.9166666666666666 0.1875 3852
0.9583333333333333 0.1875 1165
1.0 0.1875 2652
0.0 0.20833333333333331 4000
0.041666666666666664 0.20833333333333331 3921
0.08333333333333333 0.20833333333333331 3949
0.125 0.20833333333333331 3818
0.16666666666666666 0.20833333333333331 3801
0.20833333333333331 0.20833333333333331 3777
0.25 0.20833333333333331 3878
0.29166666666666663 0.20833333333333331 3678
0.3333333333333333 0.20833333333333331 3627
0.375 0.20833333333333331 3610
0.41666666666666663 0.20833333333333331 3572
0.4583333333333333 0.20833333333333331 3596
0.5 0.20833333333333331 3606
0.5416666666666666 0.20833333333333331 3429
0.5833333333333333 0.20833333333333331 3504
0.625 0.20833333333333331 3804
0.6666666666666666 0.20833333333333331 3161
0.7083333333333333 0.20833333333333331 3362
0.75 0.20833333333333331 3129
0.7916666666666666 0.20833333333333331 2752
0.8333333333333333 0.20833333333333331 2515
0.875 0.20833333333333331 3430
0.9166666666666666 0.20833333333333331 1754
0.9583333333333333 0.20833333333333331 3181
1.0 0.20833333333333331 2898
0.0 0.22916666666666666 3924
0.041666666666666664 0.22916666666666666 3753
0.08333333333333333 0.22916666666666666 4075
0.125 0.22916666666666666 4082
0.16666666666666666 0.22916666666666666 3991
0.20833333333333331 0.22916666666666666 3889
0.25 0.22916666666666666 3692
0.29166666666666663 0.22916666666666666 3839
0.3333333333333333 0.22916666666666666 3920
0.375 0.22916666666666666 3826
0.41666666666666663 0.22916666666666666 3793
0.4583333333333333 0.22916666666666666 3693
0.5 0.22916666666666666 3697
0.5416666666666666 0.22916666666666666 3629
0.5833333333333333 0.22916666666666666 3340
0.625 0.22916666666666666 3257
0.6666666666666666 0.22916666666666666 3488
0.7083333333333333 0.22916666666666666 3093
0.75 0.22916666666666666 2997
0.7916666666666666 0.22916666666666666 3665
0.8333333333333333 0.22916666666666666 2666
0.875 0.22916666666666666 2687
0.9166666666666666 0.22916666666666666 3437
0.9583333333333333 0.22916666666666666 3058
1.0 0.22916666666666666 2194
0.0 0.25 4109
0.041666666666666664 0.25 3816
0.08333333333333333 0.25 3922
0.125 0.25 3760
0.16666666666666666 0.25 3834
0.20833333333333331 0.25 3942
0.25 0.25 3880
0.29166666666666663 0.25 3858
0.3333333333333333 0.25 3883
0.375 0.25 3703
0.41666666666666663 0.25 3574
0.4583333333333333 0.25 3707
0.5 0.25 3549
0.5416666666666666 0.25 3374
0.5833333333333333 0.25 3571
0.625 0.25 3311
0.6666666666666666 0.25 3366
0.7083333333333333 0.25 3091
0.75 0.25 3261
0.7916666666666666 0.25 3805
0.8333333333333333 0.25 2619
0.875 0.25 3516
0.9166666666666666 0.25 3051
0.9583333333333333 0.25 3678
1.0 0.25 2010
0.0 0.2708333333333333 4051
0.041666666666666664 0.2708333333333333 3978
0.08333333333333333 0.2708333333333333 3723
0.125 0.2708333333333333 3749
0.16666666666666666 0.2708333333333333 4026
0.20833333333333331 0.2708333333333333 3835
0.25 0.2708333333333333 3945
0.29166666666666663 0.2708333333333333 3794
0.3333333333333333 0.2708333333333333 3662
0.375 0.2708333333333333 3801
0.41666666666666663 0.2708333333333333 3761
0.4583333333333333 0.2708333333333333 3573
0.5 0.2708333333333333 3674
0.5416666666666666 0.2708333333333333 3606
0.5833333333333333 0.2708333333333333 3539
0.625 0.2708333333333333 3529
0.6666666666666666 0.2708333333333333 3793
0.7083333333333333 0.2708333333333333 3798
0.75 0.2708333333333333 3712
0.7916666666666666 0.2708333333333333 2748
0.8333333333333333 0.2708333333333333 3924
0.875 0.2708333333333333 3892
0.9166666666666666 0.2708333333333333 2482
0.9583333333333333 0.2708333333333333 1468
1.0 0.2708333333333333 3759
0.0 0.29166666666666663 3747
0.041666666666666664 0.29166666666666663 3897
0.08333333333333333 0.29166666666666663 4057
0.125 0.29166666666666663 3953
0.16666666666666666 0.29166666666666663 3987
0.20833333333333331 0.29166666666666663 4014
0.25 0.29166666666666663 3987
0.29166666666666663 0.29166666666666663 3932
0.3333333333333333 0.29166666666666663 3835
0.375 0.29166666666666663 3666
0.41666666666666663 0.29166666666666663 3678
0.4583333333333333 0.29166666666666663 3638
0.5 0.29166666666666663 3660
0.5416666666666666 0.29166666666666663 3613
0.5833333333333333 0.29166666666666663 3434
0.625 0.29166666666666663 3360
0.6666666666666666 0.29166666666666663 3748
0.7083333333333333 0.29166666666666663 3991
0.75 0.29166666666666663 2944
0.7916666666666666 0.29166666666666663 3879
0.8333333333333333 0.29166666666666663 2561
0.875 0.29166666666666663 3971
0.9166666666666666 0.29166666666666663 1960
0.9583333333333333 0.29166666666666663 3888
1.0 0.29166666666666663 3684
0.0 0.3125 3965
0.041666666666666664 0.3125 4017
0.08333333333333333 0.3125 3953
0.125 0.3125 3940
0.16666666666666666 0.3125 3970
0.20833333333333331 0.3125 3904
0.25 0.3125 3925
0.29166666666666663 0.3125 3880
0.3333333333333333 0.3125 3874
0.375 0.3125 3856
0.41666666666666663 0.3125 3894
0.4583333333333333 0.3125 3530
0.5 0.3125 3437
0.5416666666666666 0.3125 3821
0.5833333333333333 0.3125 4052
0.625 0.3125 3367
0.6666666666666666 0.3125 3407
0.7083333333333333 0.3125 3500
0.75 0.3125 3893
0.7916666666666666 0.3125 4043
0.8333333333333333 0.3125 3090
0.875 0.3125 3845
0.9166666666666666 0.3125 3081
0.9583333333333333 0.3125 2361
1.0 0.3125 1919
0.0 0.3333333333333333 4096
0.041666666666666664 0.3333333333333333 3696
0.08333333333333333 0.3333333333333333 4067
0.125 0.3333333333333333 4080
0.16666666666666666 0.3333333333333333 3930
0.20833333333333331 0.3333333333333333 3722
0.25 0.3333333333333333 4108
0.29166666666666663 0.3333333333333333 3894
0.3333333333333333 0.3333333333333333 3727
0.375 0.3333333333333333 3806
0.41666666666666663 0.3333333333333333 4039
0.4583333333333333 0.3333333333333333 3990
0.5 0.3333333333333333 3633
0.5416666666666666 0.3333333333333333 3484
0.5833333333333333 0.3333333333333333 4037
0.625 0.3333333333333333 4068
0.6666666666666666 0.3333333333333333 3979
0.7083333333333333 0.3333333333333333 3543
0.75 0.3333333333333333 3196
0.7916666666666666 0.3333333333333333 2797
0.8333333333333333 0.3333333333333333 3895
0.875 0.3333333333333333 2595
0.9166666666666666 0.3333333333333333 3624
0.9583333333333333 0.3333333333333333 2512
1.0 0.3333333333333333 4080
0.0 0.35416666666666663 4145
0.041666666666666664 0.35416666666666663 3937
0.08333333333333333 0.35416666666666663 3968
0.125 0.35416666666666663 3895
0.16666666666666666 0.35416666666666663 3976
0.20833333333333331 0.35416666666666663 3951
0.25 0.35416666666666663 3872
0.29166666666666663 0.35416666666666663 3962
0.3333333333333333 0.35416666666666663 3765
0.375 0.35416666666666663 3703
0.41666666666666663 0.35416666666666663 3815
0.4583333333333333 0.35416666666666663 3703
0.5 0.35416666666666663 3615
0.5416666666666666 0.35416666666666663 3954
0.5833333333333333 0.35416666666666663 3476
0.625 0.35416666666666663 3335
0.6666666666666666 0.35416666666666663 3151
0.7083333333333333 0.35416666666666663 3323
0.75 0.35416666666666663 3316
0.7916666666666666 0.35416666666666663 2768
0.8333333333333333 0.35416666666666663 3023
0.875 0.35416666666666663 2694
0.9166666666666666 0.35416666666666663 4079
0.9583333333333333 0.35416666666666663 3034
1.0 0.35416666666666663 3625
0.0 0.375 4055
0.041666666666666664 0.375 3998
0.08333333333333333 0.375 4043
0.125 0.375 3747
0.16666666666666666 0.375 4089
0.20833333333333331 0.375 3875
0.25 0.375 3674
0.29166666666666663 0.375 4140
0.3333333333333333 0.375 4089
0.375 0.375 3810
0.41666666666666663 0.375 3763
0.4583333333333333 0.375 3940
0.5 0.375 3697
0.5416666666666666 0.375 3595
0.5833333333333333 0.375 3548
0.625 0.375 3279
0.6666666666666666 0.375 3958
0.7083333333333333 0.375 4088
0.75 0.375 3196
0.7916666666666666 0.375 3195
0.8333333333333333 0.375 3666
0.875 0.375 2728
0.9166666666666666 0.375 2340
0.9583333333333333 0.375 3883
1.0 0.375 3935
0.0 0.3958333333333333 3984
0.041666666666666664 0.3958333333333333 4027
0.08333333333333333 0.3958333333333333 3833
0.125 0.3958333333333333 3931
0.16666666666666666 0.3958333333333333 3678
0.20833333333333331 0.3958333333333333 3725
0.25 0.3958333333333333 3715
0.29166666666666663 0.3958333333333333 3738
0.3333333333333333 0.3958333333333333 3733
0.375 0.3958333333333333 3815
0.41666666666666663 0.3958333333333333 4110
0.4583333333333333 0.3958333333333333 4014
0.5 0.3958333333333333 3653
0.5416666666666666 0.3958333333333333 3765
0.5833333333333333 0.3958333333333333 3954
0.625 0.3958333333333333 3367
0.6666666666666666 0.3958333333333333 4047
0.7083333333333333 0.3958333333333333 3414
0.75 0.3958333333333333 3041
0.7916666666666666 0.3958333333333333 3884
0.8333333333333333 0.3958333333333333 3660
0.875 0.3958333333333333 3813
0.9166666666666666 0.3958333333333333 3812
0.9583333333333333 0.3958333333333333 3628
1.0 0.3958333333333333 1989
0.0 0.41666666666666663 4084
0.041666666666666664 0.41666666666666663 3786
0.08333333333333333 0.41666666666666663 4011
0.125 0.41666666666666663 3946
0.16666666666666666 0.41666666666666663 4010
0.20833333333333331 0.41666666666666663 4103
0.25 0.41666666666666663 3715
0.29166666666666663 0.41666666666666663 3739
0.3333333333333333 0.41666666666666663 4096
0.375 0.41666666666666663 3832
0.41666666666666663 0.41666666666666663 3799
0.4583333333333333 0.41666666666666663 3930
0.5 0.41666666666666663 3676
0.5416666666666666 0.41666666666666663 3631
0.5833333333333333 0.41666666666666663 4118
0.625 0.41666666666666663 4124
0.6666666666666666 0.41666666666666663 3389
0.7083333333333333 0.41666666666666663 4074
0.75 0.41666666666666663 3185
0.7916666666666666 0.41666666666666663 4099
0.8333333333333333 0.41666666666666663 4060
0.875 0.41666666666666663 2847
0.9166666666666666 0.41666666666666663 4004
0.9583333333333333 0.41666666666666663 3931
1.0 0.41666666666666663 2249
0.0 0.4375 3936
0.041666666666666664 0.4375 4128
0.08333333333333333 0.4375 3888
0.125 0.4375 4050
0.16666666666666666 0.4375 3782
0.20833333333333331 0.4375 4006
0.25 0.4375 4113
0.29166666666666663 0.4375 3878
0.3333333333333333 0.4375 3937
0.375 0.4375 4066
0.41666666666666663 0.4375 3737
0.4583333333333333 0.4375 3733
0.5 0.4375 4012
0.5416666666666666 0.4375 3551
0.5833333333333333 0.4375 4124
0.625 0.4375 3800
0.6666666666666666 0.4375 4090
0.7083333333333333 0.4375 3586
0.75 0.4375 3988
0.7916666666666666 0.4375 3438
0.8333333333333333 0.4375 4126
0.875 0.4375 4035
0.9166666666666666 0.4375 3937
0.9583333333333333 0.4375 4031
1.0 0.4375 4100
0.0 0.4583333333333333 3815
0.041666666666666664 0.4583333333333333 3701
0.08333333333333333 0.4583333333333333 3827
0.125 0.4583333333333333 4093
0.16666666666666666 0.4583333333333333 4042
0.20833333333333331 0.4583333333333333 4047
0.25 0.4583333333333333 4122
0.29166666666666663 0.4583333333333333 3831
0.3333333333333333 0.4583333333333333 4129
0.375 0.4583333333333333 3713
0.41666666666666663 0.4583333333333333 3658
0.4583333333333333 0.4583333333333333 3699
0.5 0.4583333333333333 3571
0.5416666666666666 0.4583333333333333 3719
0.5833333333333333 0.4583333333333333 3753
0.625 0.4583333333333333 3508
0.6666666666666666 0.4583333333333333 3420
0.7083333333333333 0.4583333333333333 3973
0.75 0.4583333333333333 3120
0.7916666666666666 0.4583333333333333 4132
0.8333333333333333 0.4583333333333333 3686
0.875 0.4583333333333333 4092
0.9166666666666666 0.4583333333333333 3763
0.9583333333333333 0.4583333333333333 4041
1.0 0.4583333333333333 4100
0.0 0.47916666666666663 4092
0.041666666666666664 0.47916666666666663 4117
0.08333333333333333 0.47916666666666663 4074
0.125 0.47916666666666663 3903
0.16666666666666666 0.47916666666666663 4145
0.20833333333333331 0.47916666666666663 3832
0.25 0.47916666666666663 3909
0.29166666666666663 0.47916666666666663 3928
0.3333333333333333 0.47916666666666663 3724
0.375 0.47916666666666663 3696
0.41666666666666663 0.47916666666666663 3757
0.4583333333333333 0.47916666666666663 3718
0.5 0.47916666666666663 3661
0.5416666666666666 0.47916666666666663 3672
0.5833333333333333 0.47916666666666663 3597
0.625 0.47916666666666663 3805
0.6666666666666666 0.47916666666666663 3463
0.7083333333333333 0.47916666666666663 4144
0.75 0.47916666666666663 3541
0.7916666666666666 0.47916666666666663 3048
0.8333333333333333 0.47916666666666663 2903
0.875 0.47916666666666663 2772
0.9166666666666666 0.47916666666666663 3238
0.9583333333333333 0.47916666666666663 3925
1.0 0.47916666666666663 2480
0.0 0.5 3993
0.041666666666666664 0.5 3993
0.08333333333333333 0.5 3712
0.125 0.5 3994
0.16666666666666666 0.5 3753
0.20833333333333331 0.5 4074
0.25 0.5 3871
0.29166666666666663 0.5 4117
0.3333333333333333 0.5 3887
0.375 0.5 3654
0.41666666666666663 0.5 3758
0.4583333333333333 0.5 4061
0.5 0.5 3802
0.5416666666666666 0.5 3694
0.5833333333333333 0.5 3823
0.625 0.5 3869
0.6666666666666666 0.5 3979
0.7083333333333333 0.5 3417
0.75 0.5 4066
0.7916666666666666 0.5 3136
0.8333333333333333 0.5 4001
0.875 0.5 4100
0.9166666666666666 0.5 3184
0.9583333333333333 0.5 2573
1.0 0.5 4132
