0.0 0.0 3752
0.041666666666666664 0.0 3809
0.08333333333333333 0.0 3955
0.125 0.0 3827
0.16666666666666666 0.0 3875
0.20833333333333331 0.0 3869
0.25 0.0 3795
0.29166666666666663 0.0 3637
0.3333333333333333 0.0 3732
0.375 0.0 3799
0.41666666666666663 0.0 3618
0.4583333333333333 0.0 3481
0.5 0.0 3592
0.5416666666666666 0.0 3449
0.5833333333333333 0.0 3284
0.625 0.0 3259
0.6666666666666666 0.0 3146
0.7083333333333333 0.0 3004
0.75 0.0 2846
0.7916666666666666 0.0 2571
0.8333333333333333 0.0 2363
0.875 0.0 1996
0.9166666666666666 0.0 1550
0.9583333333333333 0.0 1
1.0 0.0 1
0.0 0.020833333333333332 4075
0.041666666666666664 0.020833333333333332 4021
0.08333333333333333 0.020833333333333332 3781
0.125 0.020833333333333332 3795
0.16666666666666666 0.020833333333333332 3904
0.20833333333333331 0.020833333333333332 3705
0.25 0.020833333333333332 3933
0.29166666666666663 0.020833333333333332 3783
0.3333333333333333 0.020833333333333332 3750
0.375 0.020833333333333332 3765
0.41666666666666663 0.020833333333333332 3718
0.4583333333333333 0.020833333333333332 3634
0.5 0.020833333333333332 3601
0.5416666666666666 0.020833333333333332 3407
0.5833333333333333 0.020833333333333332 3431
0.625 0.020833333333333332 3356
0.6666666666666666 0.020833333333333332 3176
0.7083333333333333 0.020833333333333332 2865
0.75 0.020833333333333332 2991
0.7916666666666666 0.020833333333333332 2587
0.8333333333333333 0.020833333333333332 2375
0.875 0.020833333333333332 2109
0.9166666666666666 0.020833333333333332 1638
0.9583333333333333 0.020833333333333332 747
1.0 0.020833333333333332 1003
0.0 0.041666666666666664 4019
0.041666666666666664 0.041666666666666664 4045
0.08333333333333333 0.041666666666666664 3968
0.125 0.041666666666666664 3974
0.16666666666666666 0.041666666666666664 3944
0.20833333333333331 0.041666666666666664 3835
0.25 0.041666666666666664 3909
0.29166666666666663 0.041666666666666664 3696
0.3333333333333333 0.041666666666666664 3566
0.375 0.041666666666666664 3583
0.41666666666666663 0.041666666666666664 3536
0.4583333333333333 0.041666666666666664 3530
0.5 0.041666666666666664 3596
0.5416666666666666 0.041666666666666664 3316
0.5833333333333333 0.041666666666666664 3367
0.625 0.041666666666666664 3317
0.6666666666666666 0.041666666666666664 3243
0.7083333333333333 0.041666666666666664 3041
0.75 0.041666666666666664 2856
0.7916666666666666 0.041666666666666664 2700
0.8333333333333333 0.041666666666666664 2390
0.875 0.041666666666666664 2346
0.9166666666666666 0.041666666666666664 1582
0.9583333333333333 0.041666666666666664 1111
1.0 0.041666666666666664 370
0.0 0.0625 3833
0.041666666666666664 0.0625 3985
0.08333333333333333 0.0625 3663
0.125 0.0625 3947
0.16666666666666666 0.0625 3836
0.20833333333333331 0.0625 3885
0.25 0.0625 3757
0.29166666666666663 0.0625 3884
0.3333333333333333 0.0625 3725
0.375 0.0625 3793
0.41666666666666663 0.0625 3617
0.4583333333333333 0.0625 3564
0.5 0.0625 3426
0.5416666666666666 0.0625 3378
0.5833333333333333 0.0625 3435
0.625 0.0625 3383
0.6666666666666666 0.0625 3125
0.7083333333333333 0.0625 3027
0.75 0.0625 2907
0.7916666666666666 0.0625 2791
0.8333333333333333 0.0625 2387
0.875 0.0625 2145
0.9166666666666666 0.0625 1620
0.9583333333333333 0.0625 2427
1.0 0.0625 995
0.0 0.08333333333333333 3913
0.041666666666666664 0.08333333333333333 3998
0.08333333333333333 0.08333333333333333 3817
0.125 0.08333333333333333 3879
0.16666666666666666 0.08333333333333333 3947
0.20833333333333331 0.08333333333333333 3861
0.25 0.08333333333333333 3792
0.29166666666666663 0.08333333333333333 3665
0.3333333333333333 0.08333333333333333 3605
0.375 0.08333333333333333 3500
0.41666666666666663 0.08333333333333333 3713
0.4583333333333333 0.08333333333333333 3586
0.5 0.08333333333333333 3719
0.5416666666666666 0.08333333333333333 3496
0.5833333333333333 0.08333333333333333 3296
0.625 0.08333333333333333 3394
0.6666666666666666 0.08333333333333333 3116
0.7083333333333333 0.08333333333333333 3120
0.75 0.08333333333333333 3011
0.7916666666666666 0.08333333333333333 2707
0.8333333333333333 0.08333333333333333 2379
0.875 0.08333333333333333 2162
0.9166666666666666 0.08333333333333333 1642
0.9583333333333333 0.08333333333333333 1185
1.0 0.08333333333333333 1133
0.0 0.10416666666666666 3966
0.041666666666666664 0.10416666666666666 3818
0.08333333333333333 0.10416666666666666 4019
0.125 0.10416666666666666 3863
0.16666666666666666 0.10416666666666666 3742
0.20833333333333331 0.10416666666666666 3722
0.25 0.10416666666666666 3777
0.29166666666666663 0.10416666666666666 3823
0.3333333333333333 0.10416666666666666 3596
0.375 0.10416666666666666 3798
0.41666666666666663 0.10416666666666666 3536
0.4583333333333333 0.10416666666666666 3609
0.5 0.10416666666666666 3533
0.5416666666666666 0.10416666666666666 3474
0.5833333333333333 0.10416666666666666 3451
0.625 0.10416666666666666 3395
0.6666666666666666 0.10416666666666666 3247
0.7083333333333333 0.10416666666666666 3143
0.75 0.10416666666666666 2888
0.7916666666666666 0.10416666666666666 2806
0.8333333333333333 0.10416666666666666 2395
0.875 0.10416666666666666 2162
0.9166666666666666 0.10416666666666666 1771
0.9583333333333333 0.10416666666666666 1385
1.0 0.10416666666666666 950
0.0 0.125 3995
0.041666666666666664 0.125 4030
0.08333333333333333 0.125 3740
0.125 0.125 3678
0.16666666666666666 0.125 3959
0.20833333333333331 0.125 3664
0.25 0.125 3710
0.29166666666666663 0.125 3763
0.3333333333333333 0.125 3750
0.375 0.125 3841
0.41666666666666663 0.125 3568
0.4583333333333333 0.125 3462
0.5 0.125 3390
0.5416666666666666 0.125 3640
0.5833333333333333 0.125 3499
0.625 0.125 3288
0.6666666666666666 0.125 3414
0.7083333333333333 0.125 3377
0.75 0.125 2818
0.7916666666666666 0.125 3148
0.8333333333333333 0.125 3119
0.875 0.125 3253
0.9166666666666666 0.125 3101
0.9583333333333333 0.125 1121
1.0 0.125 2983
0.0 0.14583333333333331 3806
0.041666666666666664 0.14583333333333331 3928
0.08333333333333333 0.14583333333333331 3679
0.125 0.14583333333333331 3980
0.16666666666666666 0.14583333333333331 3971
0.20833333333333331 0.14583333333333331 3741
0.25 0.14583333333333331 3725
0.29166666666666663 0.14583333333333331 3839
0.3333333333333333 0.14583333333333331 3606
0.375 0.14583333333333331 3687
0.41666666666666663 0.14583333333333331 3682
0.4583333333333333 0.14583333333333331 3593
0.5 0.14583333333333331 3584
0.5416666666666666 0.14583333333333331 3567
0.5833333333333333 0.14583333333333331 3346
0.625 0.14583333333333331 3305
0.6666666666666666 0.14583333333333331 3170
0.7083333333333333 0.14583333333333331 3219
0.75 0.14583333333333331 2869
0.7916666666666666 0.14583333333333331 2736
0.8333333333333333 0.14583333333333331 2993
0.875 0.14583333333333331 3009
0.9166666666666666 0.14583333333333331 3092
0.9583333333333333 0.14583333333333331 1838
1.0 0.14583333333333331 2725
0.0 0.16666666666666666 3984
0.041666666666666664 0.16666666666666666 4030
0.08333333333333333 0.16666666666666666 3879
0.125 0.16666666666666666 3899
0.16666666666666666 0.16666666666666666 3899
0.20833333333333331 0.16666666666666666 3691
0.25 0.16666666666666666 3895
0.29166666666666663 0.16666666666666666 3635
0.3333333333333333 0.16666666666666666 3636
0.375 0.16666666666666666 3675
0.41666666666666663 0.16666666666666666 3633
0.4583333333333333 0.16666666666666666 3604
0.5 0.16666666666666666 3509
0.5416666666666666 0.16666666666666666 3519
0.5833333333333333 0.16666666666666666 3520
0.625 0.16666666666666666 3222
0.6666666666666666 0.16666666666666666 3211
0.7083333333333333 0.16666666666666666 3369
0.75 0.16666666666666666 3416
0.7916666666666666 0.16666666666666666 3189
0.8333333333333333 0.16666666666666666 3386
0.875 0.16666666666666666 2182
0.9166666666666666 0.16666666666666666 1736
0.9583333333333333 0.16666666666666666 2813
1.0 0.16666666666666666 1629
0.0 0.1875 3882
0.041666666666666664 0.1875 3899
0.08333333333333333 0.1875 3647
0.125 0.1875 3971
0.16666666666666666 0.1875 3920
0.20833333333333331 0.1875 3956
0.25 0.1875 3861
0.29166666666666663 0.1875 3696
0.3333333333333333 0.1875 3723
0.375 0.1875 3682
0.41666666666666663 0.1875 3636
0.4583333333333333 0.1875 3657
0.5 0.1875 3504
0.5416666666666666 0.1875 3577
0.5833333333333333 0.1875 3469
0.625 0.1875 3606
0.6666666666666666 0.1875 3496
0.7083333333333333 0.1875 3376
0.75 0.1875 2820
0.7916666666666666 0.1875 3062
0.8333333333333333 0.1875 3399
0.875 0.1875 2109
0.9166666666666666 0.1875 2433
0.9583333333333333 0.1875 1178
1.0 0.1875 1261
0.0 0.20833333333333331 3945
0.041666666666666664 0.20833333333333331 3899
0.08333333333333333 0.20833333333333331 3791
0.125 0.20833333333333331 3755
0.16666666666666666 0.20833333333333331 4000
0.20833333333333331 0.20833333333333331 3671
0.25 0.20833333333333331 3683
0.29166666666666663 0.20833333333333331 3811
0.3333333333333333 0.20833333333333331 3771
0.375 0.20833333333333331 3646
0.41666666666666663 0.20833333333333331 3695
0.4583333333333333 0.20833333333333331 3575
0.5 0.20833333333333331 3646
0.5416666666666666 0.20833333333333331 3389
0.5833333333333333 0.20833333333333331 3547
0.625 0.20833333333333331 3462
0.6666666666666666 0.20833333333333331 3443
0.7083333333333333 0.20833333333333331 3077
0.75 0.20833333333333331 3265
0.7916666666666666 0.20833333333333331 3877
0.8333333333333333 0.20833333333333331 2822
0.875 0.20833333333333331 2404
0.9166666666666666 0.20833333333333331 2819
0.9583333333333333 0.20833333333333331 1667
1.0 0.20833333333333331 2528
0.0 0.22916666666666666 3999
0.041666666666666664 0.22916666666666666 3799
0.08333333333333333 0.22916666666666666 3967
0.125 0.22916666666666666 3946
0.16666666666666666 0.22916666666666666 3818
0.20833333333333331 0.22916666666666666 3682
0.25 0.22916666666666666 3783
0.29166666666666663 0.22916666666666666 3617
0.3333333333333333 0.22916666666666666 3790
0.375 0.22916666666666666 3587
0.41666666666666663 0.22916666666666666 3511
0.4583333333333333 0.22916666666666666 3532
0.5 0.22916666666666666 3591
0.5416666666666666 0.22916666666666666 3584
0.5833333333333333 0.22916666666666666 3369
0.625 0.22916666666666666 3262
0.6666666666666666 0.22916666666666666 3629
0.7083333333333333 0.22916666666666666 3715
0.75 0.22916666666666666 3545
0.7916666666666666 0.22916666666666666 2833
0.8333333333333333 0.22916666666666666 3539
0.875 0.22916666666666666 2304
0.9166666666666666 0.22916666666666666 2859
0.9583333333333333 0.22916666666666666 1422
1.0 0.22916666666666666 3554
0.0 0.25 3781
0.041666666666666664 0.25 4037
0.08333333333333333 0.25 3892
0.125 0.25 3950
0.16666666666666666 0.25 3842
0.20833333333333331 0.25 3796
0.25 0.25 3866
0.29166666666666663 0.25 3670
0.3333333333333333 0.25 3725
0.375 0.25 3642
0.41666666666666663 0.25 3746
0.4583333333333333 0.25 3664
0.5 0.25 3826
0.5416666666666666 0.25 3612
0.5833333333333333 0.25 3453
0.625 0.25 3713
0.6666666666666666 0.25 3398
0.7083333333333333 0.25 3121
0.75 0.25 3019
0.7916666666666666 0.25 3662
0.8333333333333333 0.25 2608
0.875 0.25 2853
0.9166666666666666 0.25 3844
0.9583333333333333 0.25 3057
1.0 0.25 1334
0.0 0.2708333333333333 4084
0.041666666666666664 0.2708333333333333 3914
0.08333333333333333 0.2708333333333333 3872
0.125 0.2708333333333333 3919
0.16666666666666666 0.2708333333333333 3921
0.20833333333333331 0.2708333333333333 3778
0.25 0.2708333333333333 3822
0.29166666666666663 0.2708333333333333 3719
0.3333333333333333 0.2708333333333333 3869
0.375 0.2708333333333333 3748
0.41666666666666663 0.2708333333333333 3841
0.4583333333333333 0.2708333333333333 3754
0.5 0.2708333333333333 3443
0.5416666666666666 0.2708333333333333 3945
0.5833333333333333 0.2708333333333333 3573
0.625 0.2708333333333333 3464
0.6666666666666666 0.2708333333333333 3375
0.7083333333333333 0.2708333333333333 3569
0.75 0.2708333333333333 3914
0.7916666666666666 0.2708333333333333 3794
0.8333333333333333 0.2708333333333333 2580
0.875 0.2708333333333333 2661
0.9166666666666666 0.2708333333333333 2324
0.9583333333333333 0.2708333333333333 3809
1.0 0.2708333333333333 3996
0.0 0.29166666666666663 3998
0.041666666666666664 0.29166666666666663 3793
0.08333333333333333 0.29166666666666663 4053
0.125 0.29166666666666663 4047
0.16666666666666666 0.29166666666666663 3996
0.20833333333333331 0.29166666666666663 3751
0.25 0.29166666666666663 3869
0.29166666666666663 0.29166666666666663 4039
0.3333333333333333 0.29166666666666663 3795
0.375 0.29166666666666663 3808
0.41666666666666663 0.29166666666666663 3789
0.4583333333333333 0.29166666666666663 3614
0.5 0.29166666666666663 3504
0.5416666666666666 0.29166666666666663 1
0.5833333333333333 0.29166666666666663 3589
0.625 0.29166666666666663 3505
0.6666666666666666 0.29166666666666663 3463
0.7083333333333333 0.29166666666666663 3304
0.75 0.29166666666666663 3761
0.7916666666666666 0.29166666666666663 3389
0.8333333333333333 0.29166666666666663 3711
0.875 0.29166666666666663 2767
0.9166666666666666 0.29166666666666663 3903
0.9583333333333333 0.29166666666666663 1797
1.0 0.29166666666666663 1597
0.0 0.3125 4001
0.041666666666666664 0.3125 3790
0.08333333333333333 0.3125 3819
0.125 0.3125 3982
0.16666666666666666 0.3125 3908
0.20833333333333331 0.3125 3937
0.25 0.3125 3976
0.29166666666666663 0.3125 3751
0.3333333333333333 0.3125 3788
0.375 0.3125 3784
0.41666666666666663 0.3125 3663
0.4583333333333333 0.3125 3616
0.5 0.3125 3580
0.5416666666666666 0.3125 3756
0.5833333333333333 0.3125 3553
0.625 0.3125 3516
0.6666666666666666 0.3125 3970
0.7083333333333333 0.3125 3496
0.75 0.3125 2911
0.7916666666666666 0.3125 3687
0.8333333333333333 0.3125 3352
0.875 0.3125 4022
0.9166666666666666 0.3125 2677
0.9583333333333333 0.3125 2235
1.0 0.3125 2366
0.0 0.3333333333333333 3898
0.041666666666666664 0.3333333333333333 3984
0.08333333333333333 0.3333333333333333 3706
0.125 0.3333333333333333 4049
0.16666666666666666 0.3333333333333333 3952
0.20833333333333331 0.3333333333333333 4028
0.25 0.3333333333333333 3907
0.29166666666666663 0.3333333333333333 3882
0.3333333333333333 0.3333333333333333 4072
0.375 0.3333333333333333 3718
0.41666666666666663 0.3333333333333333 3833
0.4583333333333333 0.3333333333333333 3636
0.5 0.3333333333333333 3559
0.5416666666666666 0.3333333333333333 3496
0.5833333333333333 0.3333333333333333 3526
0.625 0.3333333333333333 3512
0.6666666666666666 0.3333333333333333 3274
0.7083333333333333 0.3333333333333333 3121
0.75 0.3333333333333333 3963
0.7916666666666666 0.3333333333333333 2823
0.8333333333333333 0.3333333333333333 3889
0.875 0.3333333333333333 1
0.9166666666666666 0.3333333333333333 3021
0.9583333333333333 0.3333333333333333 3998
1.0 0.3333333333333333 2578
0.0 0.35416666666666663 4100
0.041666666666666664 0.35416666666666663 4028
0.08333333333333333 0.35416666666666663 3862
0.125 0.35416666666666663 3911
0.16666666666666666 0.35416666666666663 3714
0.20833333333333331 0.35416666666666663 3849
0.25 0.35416666666666663 3789
0.29166666666666663 0.35416666666666663 4112
0.3333333333333333 0.35416666666666663 3850
0.375 0.35416666666666663 4008
0.41666666666666663 0.35416666666666663 3694
0.4583333333333333 0.35416666666666663 3679
0.5 0.35416666666666663 3636
0.5416666666666666 0.35416666666666663 3612
0.5833333333333333 0.35416666666666663 3530
0.625 0.35416666666666663 3757
0.6666666666666666 0.35416666666666663 4027
0.7083333333333333 0.35416666666666663 3181
0.75 0.35416666666666663 3213
0.7916666666666666 0.35416666666666663 2779
0.8333333333333333 0.35416666666666663 3618
0.875 0.35416666666666663 2924
0.9166666666666666 0.35416666666666663 2111
0.9583333333333333 0.35416666666666663 3657
1.0 0.35416666666666663 1777
0.0 0.375 3945
0.041666666666666664 0.375 3883
0.08333333333333333 0.375 3998
0.125 0.375 4025
0.16666666666666666 0.375 3730
0.20833333333333331 0.375 3755
0.25 0.375 3718
0.29166666666666663 0.375 4146
0.3333333333333333 0.375 4007
0.375 0.375 3815
0.41666666666666663 0.375 3780
0.4583333333333333 0.375 3816
0.5 0.375 3663
0.5416666666666666 0.375 3525
0.5833333333333333 0.375 3713
0.625 0.375 3864
0.6666666666666666 0.375 3474
0.7083333333333333 0.375 3263
0.75 0.375 4002
0.7916666666666666 0.375 3409
0.8333333333333333 0.375 2629
0.875 0.375 3983
0.9166666666666666 0.375 3122
0.9583333333333333 0.375 2939
1.0 0.375 2967
0.0 0.3958333333333333 3896
0.041666666666666664 0.3958333333333333 3810
0.08333333333333333 0.3958333333333333 4130
0.125 0.3958333333333333 4016
0.16666666666666666 0.3958333333333333 4092
0.20833333333333331 0.3958333333333333 3849
0.25 0.3958333333333333 4050
0.29166666666666663 0.3958333333333333 3817
0.3333333333333333 0.3958333333333333 3816
0.375 0.3958333333333333 3838
0.41666666666666663 0.3958333333333333 3740
0.4583333333333333 0.3958333333333333 3712
0.5 0.3958333333333333 3910
0.5416666666666666 0.3958333333333333 1
0.5833333333333333 0.3958333333333333 3552
0.625 0.3958333333333333 4041
0.6666666666666666 0.3958333333333333 3401
0.7083333333333333 0.3958333333333333 4101
0.75 0.3958333333333333 3535
0.7916666666666666 0.3958333333333333 2812
0.8333333333333333 0.3958333333333333 3925
0.875 0.3958333333333333 3891
0.9166666666666666 0.3958333333333333 3442
0.9583333333333333 0.3958333333333333 2138
1.0 0.3958333333333333 3871
0.0 0.41666666666666663 3921
0.041666666666666664 0.41666666666666663 3796
0.08333333333333333 0.41666666666666663 3769
0.125 0.41666666666666663 4110
0.16666666666666666 0.41666666666666663 3884
0.20833333333333331 0.41666666666666663 3877
0.25 0.41666666666666663 4127
0.29166666666666663 0.41666666666666663 3759
0.3333333333333333 0.41666666666666663 3758
0.375 0.41666666666666663 4057
0.41666666666666663 0.41666666666666663 3792
0.4583333333333333 0.41666666666666663 3825
0.5 0.41666666666666663 3651
0.5416666666666666 0.41666666666666663 3672
0.5833333333333333 0.41666666666666663 3552
0.625 0.41666666666666663 3886
0.6666666666666666 0.41666666666666663 3480
0.7083333333333333 0.41666666666666663 3314
0.75 0.41666666666666663 3813
0.7916666666666666 0.41666666666666663 3748
0.8333333333333333 0.41666666666666663 3630
0.875 0.41666666666666663 2752
0.9166666666666666 0.41666666666666663 2985
0.9583333333333333 0.41666666666666663 4037
1.0 0.41666666666666663 2573
0.0 0.4375 4023
0.041666666666666664 0.4375 3980
0.08333333333333333 0.4375 4017
0.125 0.4375 4019
0.16666666666666666 0.4375 4043
0.20833333333333331 0.4375 3957
0.25 0.4375 3813
0.29166666666666663 0.4375 3959
0.3333333333333333 0.4375 4105
0.375 0.4375 3615
0.41666666666666663 0.4375 3967
0.4583333333333333 0.4375 4094
0.5 0.4375 3678
0.5416666666666666 0.4375 3564
0.5833333333333333 0.4375 3576
0.625 0.4375 4079
0.6666666666666666 0.4375 3443
0.7083333333333333 0.4375 4090
0.75 0.4375 4097
0.7916666666666666 0.4375 4124
0.8333333333333333 0.4375 3865
0.875 0.4375 2637
0.9166666666666666 0.4375 2613
0.9583333333333333 0.4375 3679
1.0 0.4375 4113
0.0 0.4583333333333333 4051
0.041666666666666664 0.4583333333333333 3890
0.08333333333333333 0.4583333333333333 3989
0.125 0.4583333333333333 3905
0.16666666666666666 0.4583333333333333 4002
0.20833333333333331 0.4583333333333333 3881
0.25 0.4583333333333333 3899
0.29166666666666663 0.4583333333333333 3892
0.3333333333333333 0.4583333333333333 3727
0.375 0.4583333333333333 3784
0.41666666666666663 0.4583333333333333 3721
0.4583333333333333 0.4583333333333333 4083
0.5 0.4583333333333333 4026
0.5416666666666666 0.4583333333333333 3637
0.5833333333333333 0.4583333333333333 3513
0.625 0.4583333333333333 3859
0.6666666666666666 0.4583333333333333 3866
0.7083333333333333 0.4583333333333333 4103
0.75 0.4583333333333333 3214
0.7916666666666666 0.4583333333333333 3979
0.8333333333333333 0.4583333333333333 4063
0.875 0.4583333333333333 3186
0.9166666666666666 0.4583333333333333 4059
0.9583333333333333 0.4583333333333333 2857
1.0 0.4583333333333333 3880
0.0 0.47916666666666663 3989
0.041666666666666664 0.47916666666666663 3875
0.08333333333333333 0.47916666666666663 4124
0.125 0.47916666666666663 3912
0.16666666666666666 0.47916666666666663 3838
0.20833333333333331 0.47916666666666663 3878
0.25 0.47916666666666663 3816
0.29166666666666663 0.47916666666666663 4111
0.3333333333333333 0.47916666666666663 3884
0.375 0.47916666666666663 3832
0.41666666666666663 0.47916666666666663 3973
0.4583333333333333 0.47916666666666663 3972
0.5 0.47916666666666663 4089
0.5416666666666666 0.47916666666666663 3570
0.5833333333333333 0.47916666666666663 3816
0.625 0.47916666666666663 3558
0.6666666666666666 0.47916666666666663 3813
0.7083333333333333 0.47916666666666663 3847
0.75 0.47916666666666663 3929
0.7916666666666666 0.47916666666666663 3099
0.8333333333333333 0.47916666666666663 4087
0.875 0.47916666666666663 3715
0.9166666666666666 0.47916666666666663 3373
0.9583333333333333 0.47916666666666663 3267
1.0 0.47916666666666663 3876
0.0 0.5 3884
0.041666666666666664 0.5 3797
0.08333333333333333 0.5 3978
0.125 0.5 3872
0.16666666666666666 0.5 3789
0.20833333333333331 0.5 4101
0.25 0.5 3933
0.29166666666666663 0.5 4032
0.3333333333333333 0.5 3721
0.375 0.5 3678
0.41666666666666663 0.5 3694
0.4583333333333333 0.5 4056
0.5 0.5 3935
0.5416666666666666 0.5 3949
0.5833333333333333 0.5 3930
0.625 0.5 3771
0.6666666666666666 0.5 3736
0.7083333333333333 0.5 3477
0.75 0.5 3936
0.7916666666666666 0.5 3383
0.8333333333333333 0.5 2946
0.875 0.5 3862
0.9166666666666666 0.5 4014
0.9583333333333333 0.5 3779
1.0 0.5 4070
