0.0 0.0 3942
0.041666666666666664 0.0 4172
0.08333333333333333 0.0 3874
0.125 0.0 3678
0.16666666666666666 0.0 1
0.20833333333333331 0.0 3721
0.25 0.0 3861
0.29166666666666663 0.0 3825
0.3333333333333333 0.0 3799
0.375 0.0 3794
0.41666666666666663 0.0 3621
0.4583333333333333 0.0 1
0.5 0.0 3472
0.5416666666666666 0.0 3485
0.5833333333333333 0.0 3337
0.625 0.0 3271
0.6666666666666666 0.0 1
0.7083333333333333 0.0 3043
0.75 0.0 2835
0.7916666666666666 0.0 2608
0.8333333333333333 0.0 2351
0.875 0.0 2
0.9166666666666666 0.0 1535
0.9583333333333333 0.0 2
1.0 0.0 1
0.0 0.020833333333333332 3905
0.041666666666666664 0.020833333333333332 4039
0.08333333333333333 0.020833333333333332 3933
0.125 0.020833333333333332 4024
0.16666666666666666 0.020833333333333332 3761
0.20833333333333331 0.020833333333333332 3638
0.25 0.020833333333333332 3704
0.29166666666666663 0.020833333333333332 3894
0.3333333333333333 0.020833333333333332 3783
0.375 0.020833333333333332 3753
0.41666666666666663 0.020833333333333332 3526
0.4583333333333333 0.020833333333333332 3587
0.5 0.020833333333333332 3596
0.5416666666666666 0.020833333333333332 3416
0.5833333333333333 0.020833333333333332 3475
0.625 0.020833333333333332 3226
0.6666666666666666 0.020833333333333332 3114
0.7083333333333333 0.020833333333333332 3081
0.75 0.020833333333333332 2883
0.7916666666666666 0.020833333333333332 2716
0.8333333333333333 0.020833333333333332 2325
0.875 0.020833333333333332 2112
0.9166666666666666 0.020833333333333332 1722
0.9583333333333333 0.020833333333333332 754
1.0 0.020833333333333332 658
0.0 0.041666666666666664 4062
0.041666666666666664 0.041666666666666664 4100
0.08333333333333333 0.041666666666666664 3925
0.125 0.041666666666666664 4023
0.16666666666666666 0.041666666666666664 3752
0.20833333333333331 0.041666666666666664 3808
0.25 0.041666666666666664 3895
0.29166666666666663 0.041666666666666664 3673
0.3333333333333333 0.041666666666666664 3811
0.375 0.041666666666666664 3528
0.41666666666666663 0.041666666666666664 3652
0.4583333333333333 0.041666666666666664 3453
0.5 0.041666666666666664 3509
0.5416666666666666 0.041666666666666664 3354
0.5833333333333333 0.041666666666666664 3393
0.625 0.041666666666666664 3291
0.6666666666666666 0.041666666666666664 3189
0.7083333333333333 0.041666666666666664 3102
0.75 0.041666666666666664 2978
0.7916666666666666 0.041666666666666664 2673
0.8333333333333333 0.041666666666666664 2510
0.875 0.041666666666666664 2035
0.9166666666666666 0.041666666666666664 1665
0.9583333333333333 0.041666666666666664 1588
1.0 0.041666666666666664 1072
0.0 0.0625 3908
0.041666666666666664 0.0625 3753
0.08333333333333333 0.0625 3814
0.125 0.0625 3864
0.16666666666666666 0.0625 3754
0.20833333333333331 0.0625 3806
0.25 0.0625 3738
0.29166666666666663 0.0625 3648
0.3333333333333333 0.0625 3649
0.375 0.0625 3730
0.41666666666666663 0.0625 3586
0.4583333333333333 0.0625 3680
0.5 0.0625 3613
0.5416666666666666 0.0625 3444
0.5833333333333333 0.0625 3440
0.625 0.0625 3258
0.6666666666666666 0.0625 3009
0.7083333333333333 0.0625 3070
0.75 0.0625 2977
0.7916666666666666 0.0625 2781
0.8333333333333333 0.0625 2410
0.875 0.0625 2135
0.9166666666666666 0.0625 1659
0.9583333333333333 0.0625 856
1.0 0.0625 912
0.0 0.08333333333333333 3922
0.041666666666666664 0.08333333333333333 4057
0.08333333333333333 0.08333333333333333 4035
0.125 0.08333333333333333 4042
0.16666666666666666 0.08333333333333333 3761
0.20833333333333331 0.08333333333333333 3759
0.25 0.08333333333333333 3873
0.29166666666666663 0.08333333333333333 3609
0.3333333333333333 0.08333333333333333 3596
0.375 0.08333333333333333 3753
0.41666666666666663 0.08333333333333333 3692
0.4583333333333333 0.08333333333333333 3704
0.5 0.08333333333333333 3536
0.5416666666666666 0.08333333333333333 3484
0.5833333333333333 0.08333333333333333 3398
0.625 0.08333333333333333 3242
0.6666666666666666 0.08333333333333333 3170
0.7083333333333333 0.08333333333333333 3175
0.75 0.08333333333333333 2964
0.7916666666666666 0.08333333333333333 2805
0.8333333333333333 0.08333333333333333 2439
0.875 0.08333333333333333 2693
0.9166666666666666 0.08333333333333333 1578
0.9583333333333333 0.08333333333333333 923
1.0 0.08333333333333333 1725
0.0 0.10416666666666666 3803
0.041666666666666664 0.10416666666666666 3937
0.08333333333333333 0.10416666666666666 3857
0.125 0.10416666666666666 3820
0.16666666666666666 0.10416666666666666 3982
0.20833333333333331 0.10416666666666666 3785
0.25 0.10416666666666666 3824
0.29166666666666663 0.10416666666666666 3633
0.3333333333333333 0.10416666666666666 3808
0.375 0.10416666666666666 3767
0.41666666666666663 0.10416666666666666 3592
0.4583333333333333 0.10416666666666666 3715
0.5 0.10416666666666666 3608
0.5416666666666666 0.10416666666666666 3470
0.5833333333333333 0.10416666666666666 3511
0.625 0.10416666666666666 1
0.6666666666666666 0.10416666666666666 3230
0.7083333333333333 0.10416666666666666 3186
0.75 0.10416666666666666 3225
0.7916666666666666 0.10416666666666666 2639
0.8333333333333333 0.10416666666666666 2622
0.875 0.10416666666666666 2157
0.9166666666666666 0.10416666666666666 1965
0.9583333333333333 0.10416666666666666 1389
1.0 0.10416666666666666 1185
0.0 0.125 3849
0.041666666666666664 0.125 3732
0.08333333333333333 0.125 4059
0.125 0.125 3866
0.16666666666666666 0.125 3729
0.20833333333333331 0.125 3846
0.25 0.125 3809
0.29166666666666663 0.125 3896
0.3333333333333333 0.125 3681
0.375 0.125 3783
0.41666666666666663 0.125 3820
0.4583333333333333 0.125 3765
0.5 0.125 3454
0.5416666666666666 0.125 3506
0.5833333333333333 0.125 3364
0.625 0.125 3288
0.6666666666666666 0.125 3167
0.7083333333333333 0.125 3381
0.75 0.125 2918
0.7916666666666666 0.125 2769
0.8333333333333333 0.125 3091
0.875 0.125 2170
0.9166666666666666 0.125 1861
0.9583333333333333 0.125 1433
1.0 0.125 3144
0.0 0.14583333333333331 3853
0.041666666666666664 0.14583333333333331 4082
0.08333333333333333 0.14583333333333331 3959
0.125 0.14583333333333331 3894
0.16666666666666666 0.14583333333333331 3709
0.20833333333333331 0.14583333333333331 3824
0.25 0.14583333333333331 3722
0.29166666666666663 0.14583333333333331 3713
0.3333333333333333 0.14583333333333331 3893
0.375 0.14583333333333331 3606
0.41666666666666663 0.14583333333333331 3653
0.4583333333333333 0.14583333333333331 3533
0.5 0.14583333333333331 3562
0.5416666666666666 0.14583333333333331 3467
0.5833333333333333 0.14583333333333331 3386
0.625 0.14583333333333331 3254
0.6666666666666666 0.14583333333333331 3205
0.7083333333333333 0.14583333333333331 3366
0.75 0.14583333333333331 2922
0.7916666666666666 0.14583333333333331 2804
0.8333333333333333 0.14583333333333331 2554
0.875 0.14583333333333331 3297
0.9166666666666666 0.14583333333333331 1843
0.9583333333333333 0.14583333333333331 1387
1.0 0.14583333333333331 1547
0.0 0.16666666666666666 4095
0.041666666666666664 0.16666666666666666 4004
0.08333333333333333 0.16666666666666666 3682
0.125 0.16666666666666666 4026
0.16666666666666666 0.16666666666666666 3733
0.20833333333333331 0.16666666666666666 3765
0.25 0.16666666666666666 3645
0.29166666666666663 0.16666666666666666 3913
0.3333333333333333 0.16666666666666666 3636
0.375 0.16666666666666666 3816
0.41666666666666663 0.16666666666666666 3759
0.4583333333333333 0.16666666666666666 3750
0.5 0.16666666666666666 3647
0.5416666666666666 0.16666666666666666 3595
0.5833333333333333 0.16666666666666666 3373
0.625 0.16666666666666666 3218
0.6666666666666666 0.16666666666666666 3444
0.7083333333333333 0.16666666666666666 3140
0.75 0.16666666666666666 3173
0.7916666666666666 0.16666666666666666 2771
0.8333333333333333 0.16666666666666666 2658
0.875 0.16666666666666666 2433
0.9166666666666666 0.16666666666666666 1751
0.9583333333333333 0.16666666666666666 1620
1.0 0.16666666666666666 2383
0.0 0.1875 3792
0.041666666666666664 0.1875 3927
0.08333333333333333 0.1875 3881
0.125 0.1875 3881
0.16666666666666666 0.1875 3712
0.20833333333333331 0.1875 3789
0.25 0.1875 3907
0.29166666666666663 0.1875 3670
0.3333333333333333 0.1875 3862
0.375 0.1875 3737
0.41666666666666663 0.1875 3725
0.4583333333333333 0.1875 3625
0.5 0.1875 3636
0.5416666666666666 0.1875 3505
0.5833333333333333 0.1875 3464
0.625 0.1875 3503
0.6666666666666666 0.1875 3174
0.7083333333333333 0.1875 3276
0.75 0.1875 3096
0.7916666666666666 0.1875 3331
0.8333333333333333 0.1875 3614
0.875 0.1875 3492
0.9166666666666666 0.1875 3327
0.9583333333333333 0.1875 3057
1.0 0.1875 2798
0.0 0.20833333333333331 4042
0.041666666666666664 0.20833333333333331 4027
0.08333333333333333 0.20833333333333331 3823
0.125 0.20833333333333331 3998
0.16666666666666666 0.20833333333333331 3987
0.20833333333333331 0.20833333333333331 3704
0.25 0.20833333333333331 3681
0.29166666666666663 0.20833333333333331 3768
0.3333333333333333 0.20833333333333331 3719
0.375 0.20833333333333331 3802
0.41666666666666663 0.20833333333333331 3650
0.4583333333333333 0.20833333333333331 3616
0.5 0.20833333333333331 3740
0.5416666666666666 0.20833333333333331 3639
0.5833333333333333 0.20833333333333331 3379
0.625 0.20833333333333331 3458
0.6666666666666666 0.20833333333333331 3220
0.7083333333333333 0.20833333333333331 3487
0.75 0.20833333333333331 3299
0.7916666666666666 0.20833333333333331 2812
0.8333333333333333 0.20833333333333331 3671
0.875 0.20833333333333331 2281
0.9166666666666666 0.20833333333333331 2025
0.9583333333333333 0.20833333333333331 1432
1.0 0.20833333333333331 1493
0.0 0.22916666666666666 3817
0.041666666666666664 0.22916666666666666 3814
0.08333333333333333 0.22916666666666666 3755
0.125 0.22916666666666666 3813
0.16666666666666666 0.22916666666666666 3991
0.20833333333333331 0.22916666666666666 3853
0.25 0.22916666666666666 3878
0.29166666666666663 0.22916666666666666 3839
0.3333333333333333 0.22916666666666666 3826
0.375 0.22916666666666666 3718
0.41666666666666663 0.22916666666666666 3897
0.4583333333333333 0.22916666666666666 3521
0.5 0.22916666666666666 3658
0.5416666666666666 0.22916666666666666 3600
0.5833333333333333 0.22916666666666666 3436
0.625 0.22916666666666666 3318
0.6666666666666666 0.22916666666666666 3314
0.7083333333333333 0.22916666666666666 3347
0.75 0.22916666666666666 3279
0.7916666666666666 0.22916666666666666 3655
0.8333333333333333 0.22916666666666666 2562
0.875 0.22916666666666666 3773
0.9166666666666666 0.22916666666666666 1898
0.9583333333333333 0.22916666666666666 1518
1.0 0.22916666666666666 3230
0.0 0.25 3883
0.041666666666666664 0.25 3997
0.08333333333333333 0.25 3741
0.125 0.25 3827
0.16666666666666666 0.25 3940
0.20833333333333331 0.25 3853
0.25 0.25 3617
0.29166666666666663 0.25 3748
0.3333333333333333 0.25 3850
0.375 0.25 3666
0.41666666666666663 0.25 3593
0.4583333333333333 0.25 3666
0.5 0.25 3666
0.5416666666666666 0.25 3626
0.5833333333333333 0.25 3415
0.625 0.25 3599
0.6666666666666666 0.25 3197
0.7083333333333333 0.25 3185
0.75 0.25 2994
0.7916666666666666 0.25 3872
0.8333333333333333 0.25 2978
0.875 0.25 2898
0.9166666666666666 0.25 3716
0.9583333333333333 0.25 2242
1.0 0.25 3382
0.0 0.2708333333333333 4023
0.041666666666666664 0.2708333333333333 3921
0.08333333333333333 0.2708333333333333 3944
0.125 0.2708333333333333 3789
0.16666666666666666 0.2708333333333333 3836
0.20833333333333331 0.2708333333333333 3710
0.25 0.2708333333333333 3839
0.29166666666666663 0.2708333333333333 3943
0.3333333333333333 0.2708333333333333 3833
0.375 0.2708333333333333 3833
0.41666666666666663 0.2708333333333333 3784
0.4583333333333333 0.2708333333333333 3682
0.5 0.2708333333333333 3506
0.5416666666666666 0.2708333333333333 3614
0.5833333333333333 0.2708333333333333 3582
0.625 0.2708333333333333 3208
0.6666666666666666 0.2708333333333333 3434
0.7083333333333333 0.2708333333333333 3112
0.75 0.2708333333333333 3915
0.7916666666666666 0.2708333333333333 3381
0.8333333333333333 0.2708333333333333 2627
0.875 0.2708333333333333 4088
0.9166666666666666 0.2708333333333333 3339
0.9583333333333333 0.2708333333333333 1897
1.0 0.2708333333333333 3001
0.0 0.29166666666666663 4071
0.041666666666666664 0.29166666666666663 4062
0.08333333333333333 0.29166666666666663 3870
0.125 0.29166666666666663 3798
0.16666666666666666 0.29166666666666663 3753
0.20833333333333331 0.29166666666666663 3844
0.25 0.29166666666666663 3975
0.29166666666666663 0.29166666666666663 4142
0.3333333333333333 0.29166666666666663 3632
0.375 0.29166666666666663 3721
0.41666666666666663 0.29166666666666663 3740
0.4583333333333333 0.29166666666666663 3716
0.5 0.29166666666666663 3507
0.5416666666666666 0.29166666666666663 3628
0.5833333333333333 0.29166666666666663 3252
0.625 0.29166666666666663 3285
0.6666666666666666 0.29166666666666663 3415
0.7083333333333333 0.29166666666666663 3365
0.75 0.29166666666666663 3179
0.7916666666666666 0.29166666666666663 2814
0.8333333333333333 0.29166666666666663 2597
0.875 0.29166666666666663 3138
0.9166666666666666 0.29166666666666663 4036
0.9583333333333333 0.29166666666666663 2903
1.0 0.29166666666666663 1877
0.0 0.3125 3897
0.041666666666666664 0.3125 3986
0.08333333333333333 0.3125 3773
0.125 0.3125 4045
0.16666666666666666 0.3125 3961
0.20833333333333331 0.3125 3960
0.25 0.3125 3889
0.29166666666666663 0.3125 3990
0.3333333333333333 0.3125 3767
0.375 0.3125 4072
0.41666666666666663 0.3125 3589
0.4583333333333333 0.3125 3828
0.5 0.3125 3737
0.5416666666666666 0.3125 3995
0.5833333333333333 0.3125 3556
0.625 0.3125 3446
0.6666666666666666 0.3125 3652
0.7083333333333333 0.3125 3585
0.75 0.3125 3114
0.7916666666666666 0.3125 2801
0.8333333333333333 0.3125 3248
0.875 0.3125 2770
0.9166666666666666 0.3125 3237
0.9583333333333333 0.3125 2478
1.0 0.3125 3176
0.0 0.3333333333333333 3927
0.041666666666666664 0.3333333333333333 4065
0.08333333333333333 0.3333333333333333 3796
0.125 0.3333333333333333 4007
0.16666666666666666 0.3333333333333333 4066
0.20833333333333331 0.3333333333333333 3686
0.25 0.3333333333333333 3852
0.29166666666666663 0.3333333333333333 3777
0.3333333333333333 0.3333333333333333 3853
0.375 0.3333333333333333 3949
0.41666666666666663 0.3333333333333333 3803
0.4583333333333333 0.3333333333333333 4015
0.5 0.3333333333333333 3933
0.5416666666666666 0.3333333333333333 4061
0.5833333333333333 0.3333333333333333 4024
0.625 0.3333333333333333 3504
0.6666666666666666 0.3333333333333333 3402
0.7083333333333333 0.3333333333333333 3081
0.75 0.3333333333333333 4042
0.7916666666666666 0.3333333333333333 3945
0.8333333333333333 0.3333333333333333 3980
0.875 0.3333333333333333 3726
0.9166666666666666 0.3333333333333333 3983
0.9583333333333333 0.3333333333333333 4085
1.0 0.3333333333333333 1653
0.0 0.35416666666666663 3902
0.041666666666666664 0.35416666666666663 3691
0.08333333333333333 0.35416666666666663 4069
0.125 0.35416666666666663 3824
0.16666666666666666 0.35416666666666663 4069
0.20833333333333331 0.35416666666666663 3935
0.25 0.35416666666666663 4066
0.29166666666666663 0.35416666666666663 3733
0.3333333333333333 0.35416666666666663 3715
0.375 0.35416666666666663 3675
0.41666666666666663 0.35416666666666663 3818
0.4583333333333333 0.35416666666666663 3683
0.5 0.35416666666666663 3588
0.5416666666666666 0.35416666666666663 3663
0.5833333333333333 0.35416666666666663 3603
0.625 0.35416666666666663 3510
0.6666666666666666 0.35416666666666663 3503
0.7083333333333333 0.35416666666666663 3420
0.75 0.35416666666666663 3290
0.7916666666666666 0.35416666666666663 3720
0.8333333333333333 0.35416666666666663 2693
0.875 0.35416666666666663 2903
0.9166666666666666 0.35416666666666663 3902
0.9583333333333333 0.35416666666666663 4119
1.0 0.35416666666666663 3564
0.0 0.375 3787
0.041666666666666664 0.375 3775
0.08333333333333333 0.375 3913
0.125 0.375 4135
0.16666666666666666 0.375 4016
0.20833333333333331 0.375 3931
0.25 0.375 4095
0.29166666666666663 0.375 3988
0.3333333333333333 0.375 4100
0.375 0.375 4066
0.41666666666666663 0.375 4007
0.4583333333333333 0.375 3979
0.5 0.375 3538
0.5416666666666666 0.375 3524
0.5833333333333333 0.375 3800
0.625 0.375 3909
0.6666666666666666 0.375 3445
0.7083333333333333 0.375 4075
0.75 0.375 3976
0.7916666666666666 0.375 4053
0.8333333333333333 0.375 2536
0.875 0.375 3374
0.9166666666666666 0.375 2666
0.9583333333333333 0.375 3403
1.0 0.375 3440
0.0 0.3958333333333333 4091
0.041666666666666664 0.3958333333333333 4039
0.08333333333333333 0.3958333333333333 3948
0.125 0.3958333333333333 3756
0.16666666666666666 0.3958333333333333 3991
0.20833333333333331 0.3958333333333333 3807
0.25 0.3958333333333333 4118
0.29166666666666663 0.3958333333333333 4082
0.3333333333333333 0.3958333333333333 4029
0.375 0.3958333333333333 3844
0.41666666666666663 0.3958333333333333 3652
0.4583333333333333 0.3958333333333333 4137
0.5 0.3958333333333333 3650
0.5416666666666666 0.3958333333333333 4067
0.5833333333333333 0.3958333333333333 3638
0.625 0.3958333333333333 4041
0.6666666666666666 0.3958333333333333 3391
0.7083333333333333 0.3958333333333333 4008
0.75 0.3958333333333333 3234
0.7916666666666666 0.3958333333333333 3575
0.8333333333333333 0.3958333333333333 4082
0.875 0.3958333333333333 4088
0.9166666666666666 0.3958333333333333 2684
0.9583333333333333 0.3958333333333333 3722
1.0 0.3958333333333333 3673
0.0 0.41666666666666663 3789
0.041666666666666664 0.41666666666666663 3891
0.08333333333333333 0.41666666666666663 3913
0.125 0.41666666666666663 3999
0.16666666666666666 0.41666666666666663 3909
0.20833333333333331 0.41666666666666663 3900
0.25 0.41666666666666663 3907
0.29166666666666663 0.41666666666666663 4086
0.3333333333333333 0.41666666666666663 4037
0.375 0.41666666666666663 4094
0.41666666666666663 0.41666666666666663 3688
0.4583333333333333 0.41666666666666663 3937
0.5 0.41666666666666663 3633
0.5416666666666666 0.41666666666666663 4009
0.5833333333333333 0.41666666666666663 3530
0.625 0.41666666666666663 3942
0.6666666666666666 0.41666666666666663 3417
0.7083333333333333 0.41666666666666663 3226
0.75 0.41666666666666663 3324
0.7916666666666666 0.41666666666666663 3791
0.8333333333333333 0.41666666666666663 3031
0.875 0.41666666666666663 4136
0.9166666666666666 0.41666666666666663 2465
0.9583333333333333 0.41666666666666663 3945
1.0 0.41666666666666663 3908
0.0 0.4375 4053
0.041666666666666664 0.4375 3821
0.08333333333333333 0.4375 3892
0.125 0.4375 3928
0.16666666666666666 0.4375 4043
0.20833333333333331 0.4375 3765
0.25 0.4375 3897
0.29166666666666663 0.4375 4133
0.3333333333333333 0.4375 3943
0.375 0.4375 4017
0.41666666666666663 0.4375 4014
0.4583333333333333 0.4375 4091
0.5 0.4375 3577
0.5416666666666666 0.4375 3595
0.5833333333333333 0.4375 3833
0.625 0.4375 3526
0.6666666666666666 0.4375 3417
0.7083333333333333 0.4375 4039
0.75 0.4375 3279
0.7916666666666666 0.4375 3878
0.8333333333333333 0.4375 3778
0.875 0.4375 3545
0.9166666666666666 0.4375 3827
0.9583333333333333 0.4375 3759
1.0 0.4375 4022
0.0 0.4583333333333333 3927
0.041666666666666664 0.4583333333333333 3958
0.08333333333333333 0.4583333333333333 4011
0.125 0.4583333333333333 4133
0.16666666666666666 0.4583333333333333 4071
0.20833333333333331 0.4583333333333333 3785
0.25 0.4583333333333333 4113
0.29166666666666663 0.4583333333333333 4069
0.3333333333333333 0.4583333333333333 3719
0.375 0.4583333333333333 3906
0.41666666666666663 0.4583333333333333 3882
0.4583333333333333 0.4583333333333333 4083
0.5 0.4583333333333333 3942
0.5416666666666666 0.4583333333333333 3562
0.5833333333333333 0.4583333333333333 3966
0.625 0.4583333333333333 3507
0.6666666666666666 0.4583333333333333 3932
0.7083333333333333 0.4583333333333333 3607
0.75 0.4583333333333333 3477
0.7916666666666666 0.4583333333333333 3734
0.8333333333333333 0.4583333333333333 3328
0.875 0.4583333333333333 3454
0.9166666666666666 0.4583333333333333 2474
0.9583333333333333 0.4583333333333333 4169
1.0 0.4583333333333333 3153
0.0 0.47916666666666663 3843
0.041666666666666664 0.47916666666666663 3757
0.08333333333333333 0.47916666666666663 4090
0.125 0.47916666666666663 3740
0.16666666666666666 0.47916666666666663 3719
0.20833333333333331 0.47916666666666663 4134
0.25 0.47916666666666663 4066
0.29166666666666663 0.47916666666666663 4088
0.3333333333333333 0.47916666666666663 3730
0.375 0.47916666666666663 4034
0.41666666666666663 0.47916666666666663 3933
0.4583333333333333 0.47916666666666663 3696
0.5 0.47916666666666663 3585
0.5416666666666666 0.47916666666666663 4102
0.5833333333333333 0.47916666666666663 3565
0.625 0.47916666666666663 3488
0.6666666666666666 0.47916666666666663 4053
0.7083333333333333 0.47916666666666663 3977
0.75 0.47916666666666663 3286
0.7916666666666666 0.47916666666666663 4121
0.8333333333333333 0.47916666666666663 3129
0.875 0.47916666666666663 4091
0.9166666666666666 0.47916666666666663 3822
0.9583333333333333 0.47916666666666663 2511
1.0 0.47916666666666663 2704
0.0 0.5 4001
0.041666666666666664 0.5 3741
0.08333333333333333 0.5 4098
0.125 0.5 4099
0.16666666666666666 0.5 3860
0.20833333333333331 0.5 4007
0.25 0.5 3829
0.29166666666666663 0.5 3692
0.3333333333333333 0.5 3774
0.375 0.5 4078
0.41666666666666663 0.5 3660
0.4583333333333333 0.5 3997
0.5 0.5 4074
0.5416666666666666 0.5 4096
0.5833333333333333 0.5 3808
0.625 0.5 3519
0.6666666666666666 0.5 3694
0.7083333333333333 0.5 4048
0.75 0.5 3196
0.7916666666666666 0.5 3751
0.8333333333333333 0.5 2835
0.875 0.5 3987
0.9166666666666666 0.5 3977
0.9583333333333333 0.5 2822
1.0 0.5 3929
