0.0 0.0 3988
0.041666666666666664 0.0 3813
0.08333333333333333 0.0 3946
0.125 0.0 3958
0.16666666666666666 0.0 3761
0.20833333333333331 0.0 3783
0.25 0.0 3626
0.29166666666666663 0.0 3795
0.3333333333333333 0.0 3588
0.375 0.0 3634
0.41666666666666663 0.0 3593
0.4583333333333333 0.0 3599
0.5 0.0 3526
0.5416666666666666 0.0 3439
0.5833333333333333 0.0 3310
0.625 0.0 3199
0.6666666666666666 0.0 3113
0.7083333333333333 0.0 2952
0.75 0.0 2848
0.7916666666666666 0.0 2606
0.8333333333333333 0.0 2369
0.875 0.0 1994
0.9166666666666666 0.0 1536
0.9583333333333333 0.0 1
1.0 0.0 1
0.0 0.020833333333333332 3776
0.041666666666666664 0.020833333333333332 3998
0.08333333333333333 0.020833333333333332 3733
0.125 0.020833333333333332 3948
0.16666666666666666 0.020833333333333332 3770
0.20833333333333331 0.020833333333333332 3703
0.25 0.020833333333333332 3870
0.29166666666666663 0.020833333333333332 3589
0.3333333333333333 0.020833333333333332 3617
0.375 0.020833333333333332 3588
0.41666666666666663 0.020833333333333332 3613
0.4583333333333333 0.020833333333333332 3629
0.5 0.020833333333333332 3606
0.5416666666666666 0.020833333333333332 3470
0.5833333333333333 0.020833333333333332 3363
0.625 0.020833333333333332 3312
0.6666666666666666 0.020833333333333332 3203
0.7083333333333333 0.020833333333333332 2999
0.75 0.020833333333333332 2754
0.7916666666666666 0.020833333333333332 2690
0.8333333333333333 0.020833333333333332 2458
0.875 0.020833333333333332 1961
0.9166666666666666 0.020833333333333332 1676
0.9583333333333333 0.020833333333333332 707
1.0 0.020833333333333332 360
0.0 0.041666666666666664 3891
0.041666666666666664 0.041666666666666664 3949
0.08333333333333333 0.041666666666666664 3964
0.125 0.041666666666666664 4011
0.16666666666666666 0.041666666666666664 3951
0.20833333333333331 0.041666666666666664 3835
0.25 0.041666666666666664 3854
0.29166666666666663 0.041666666666666664 3702
0.3333333333333333 0.041666666666666664 3731
0.375 0.041666666666666664 3741
0.41666666666666663 0.041666666666666664 3590
0.4583333333333333 0.041666666666666664 3484
0.5 0.041666666666666664 3406
0.5416666666666666 0.041666666666666664 3466
0.5833333333333333 0.041666666666666664 3437
0.625 0.041666666666666664 3334
0.6666666666666666 0.041666666666666664 3227
0.7083333333333333 0.041666666666666664 3024
0.75 0.041666666666666664 2798
0.7916666666666666 0.041666666666666664 2662
0.8333333333333333 0.041666666666666664 2326
0.875 0.041666666666666664 2162
0.9166666666666666 0.041666666666666664 1742
0.9583333333333333 0.041666666666666664 944
1.0 0.041666666666666664 329
0.0 0.0625 3975
0.041666666666666664 0.0625 3835
0.08333333333333333 0.0625 4002
0.125 0.0625 4013
0.16666666666666666 0.0625 4005
0.20833333333333331 0.0625 3994
0.25 0.0625 3776
0.29166666666666663 0.0625 3814
0.3333333333333333 0.0625 3750
0.375 0.0625 3533
0.41666666666666663 0.0625 3715
0.4583333333333333 0.0625 3510
0.5 0.0625 3465
0.5416666666666666 0.0625 3474
0.5833333333333333 0.0625 3456
0.625 0.0625 3244
0.6666666666666666 0.0625 3115
0.7083333333333333 0.0625 3066
0.75 0.0625 2804
0.7916666666666666 0.0625 2697
0.8333333333333333 0.0625 2767
0.875 0.0625 2148
0.9166666666666666 0.0625 1903
0.9583333333333333 0.0625 1014
1.0 0.0625 1457
0.0 0.08333333333333333 3733
0.041666666666666664 0.08333333333333333 3758
0.08333333333333333 0.08333333333333333 3873
0.125 0.08333333333333333 3789
0.16666666666666666 0.08333333333333333 3781
0.20833333333333331 0.08333333333333333 3720
0.25 0.08333333333333333 3794
0.29166666666666663 0.08333333333333333 3661
0.3333333333333333 0.08333333333333333 3869
0.375 0.08333333333333333 3869
0.41666666666666663 0.08333333333333333 3625
0.4583333333333333 0.08333333333333333 3640
0.5 0.08333333333333333 3427
0.5416666666666666 0.08333333333333333 3442
0.5833333333333333 0.08333333333333333 3424
0.625 0.08333333333333333 3285
0.6666666666666666 0.08333333333333333 3186
0.7083333333333333 0.08333333333333333 3165
0.75 0.08333333333333333 2926
0.7916666666666666 0.08333333333333333 3024
0.8333333333333333 0.08333333333333333 2838
0.875 0.08333333333333333 2105
0.9166666666666666 0.08333333333333333 1899
0.9583333333333333 0.08333333333333333 1504
1.0 0.08333333333333333 1057
0.0 0.10416666666666666 3846
0.041666666666666664 0.10416666666666666 3898
0.08333333333333333 0.10416666666666666 3772
0.125 0.10416666666666666 3917
0.16666666666666666 0.10416666666666666 3990
0.20833333333333331 0.10416666666666666 3744
0.25 0.10416666666666666 3640
0.29166666666666663 0.10416666666666666 3703
0.3333333333333333 0.10416666666666666 3588
0.375 0.10416666666666666 3707
0.41666666666666663 0.10416666666666666 3499
0.4583333333333333 0.10416666666666666 3721
0.5 0.10416666666666666 3671
0.5416666666666666 0.10416666666666666 3479
0.5833333333333333 0.10416666666666666 3386
0.625 0.10416666666666666 3283
0.6666666666666666 0.10416666666666666 3165
0.7083333333333333 0.10416666666666666 3149
0.75 0.10416666666666666 2923
0.7916666666666666 0.10416666666666666 2773
0.8333333333333333 0.10416666666666666 2385
0.875 0.10416666666666666 2115
0.9166666666666666 0.10416666666666666 1861
0.9583333333333333 0.10416666666666666 1134
1.0 0.10416666666666666 2563
0.0 0.125 3997
0.041666666666666664 0.125 3742
0.08333333333333333 0.125 3906
0.125 0.125 4002
0.16666666666666666 0.125 3815
0.20833333333333331 0.125 3828
0.25 0.125 3878
0.29166666666666663 0.125 3748
0.3333333333333333 0.125 3810
0.375 0.125 3847
0.41666666666666663 0.125 3756
0.4583333333333333 0.125 3626
0.5 0.125 3617
0.5416666666666666 0.125 3494
0.5833333333333333 0.125 3570
0.625 0.125 3272
0.6666666666666666 0.125 3212
0.7083333333333333 0.125 3019
0.75 0.125 2976
0.7916666666666666 0.125 2736
0.8333333333333333 0.125 2557
0.875 0.125 2184
0.9166666666666666 0.125 1803
0.9583333333333333 0.125 2748
1.0 0.125 2280
0.0 0.14583333333333331 4066
0.041666666666666664 0.14583333333333331 4045
0.08333333333333333 0.14583333333333331 3715
0.125 0.14583333333333331 3833
0.16666666666666666 0.14583333333333331 3920
0.20833333333333331 0.14583333333333331 3723
0.25 0.14583333333333331 3706
0.29166666666666663 0.14583333333333331 3610
0.3333333333333333 0.14583333333333331 3555
0.375 0.14583333333333331 3570
0.41666666666666663 0.14583333333333331 3550
0.4583333333333333 0.14583333333333331 3535
0.5 0.14583333333333331 3723
0.5416666666666666 0.14583333333333331 3446
0.5833333333333333 0.14583333333333331 3611
0.625 0.14583333333333331 3303
0.6666666666666666 0.14583333333333331 3224
0.7083333333333333 0.14583333333333331 3287
0.75 0.14583333333333331 3246
0.7916666666666666 0.14583333333333331 2664
0.8333333333333333 0.14583333333333331 2801
0.875 0.14583333333333331 2321
0.9166666666666666 0.14583333333333331 2037
0.9583333333333333 0.14583333333333331 1450
1.0 0.14583333333333331 1826
0.0 0.16666666666666666 3754
0.041666666666666664 0.16666666666666666 4093
0.08333333333333333 0.16666666666666666 4033
0.125 0.16666666666666666 3880
0.16666666666666666 0.16666666666666666 3812
0.20833333333333331 0.16666666666666666 3917
0.25 0.16666666666666666 3783
0.29166666666666663 0.16666666666666666 3837
0.3333333333333333 0.16666666666666666 3868
0.375 0.16666666666666666 3606
0.41666666666666663 0.16666666666666666 3672
0.4583333333333333 0.16666666666666666 3445
0.5 0.16666666666666666 3472
0.5416666666666666 0.16666666666666666 3435
0.5833333333333333 0.16666666666666666 3516
0.625 0.16666666666666666 3332
0.6666666666666666 0.16666666666666666 3450
0.7083333333333333 0.16666666666666666 3099
0.75 0.16666666666666666 3005
0.7916666666666666 0.16666666666666666 2739
0.8333333333333333 0.16666666666666666 2496
0.875 0.16666666666666666 2717
0.9166666666666666 0.16666666666666666 3476
0.9583333333333333 0.16666666666666666 3424
1.0 0.16666666666666666 1160
0.0 0.1875 3975
0.041666666666666664 0.1875 4001
0.08333333333333333 0.1875 4111
0.125 0.1875 3958
0.16666666666666666 0.1875 3684
0.20833333333333331 0.1875 3846
0.25 0.1875 3741
0.29166666666666663 0.1875 3662
0.3333333333333333 0.1875 3610
0.375 0.1875 3696
0.41666666666666663 0.1875 3744
0.4583333333333333 0.1875 3609
0.5 0.1875 3756
0.5416666666666666 0.1875 3429
0.5833333333333333 0.1875 3561
0.625 0.1875 3488
0.6666666666666666 0.1875 3251
0.7083333333333333 0.1875 3371
0.75 0.1875 3708
0.7916666666666666 0.1875 2735
0.8333333333333333 0.1875 3734
0.875 0.1875 3582
0.9166666666666666 0.1875 2623
0.9583333333333333 0.1875 2581
1.0 0.1875 2123
0.0 0.20833333333333331 4029
0.041666666666666664 0.20833333333333331 3864
0.08333333333333333 0.20833333333333331 4055
0.125 0.20833333333333331 3758
0.16666666666666666 0.20833333333333331 3927
0.20833333333333331 0.20833333333333331 3851
0.25 0.20833333333333331 3759
0.29166666666666663 0.20833333333333331 3727
0.3333333333333333 0.20833333333333331 3840
0.375 0.20833333333333331 3557
0.41666666666666663 0.20833333333333331 3551
0.4583333333333333 0.20833333333333331 3645
0.5 0.20833333333333331 3490
0.5416666666666666 0.20833333333333331 3667
0.5833333333333333 0.20833333333333331 3734
0.625 0.20833333333333331 3795
0.6666666666666666 0.20833333333333331 3362
0.7083333333333333 0.20833333333333331 3648
0.75 0.20833333333333331 3212
0.7916666666666666 0.20833333333333331 2956
0.8333333333333333 0.20833333333333331 3543
0.875 0.20833333333333331 3734
0.9166666666666666 0.20833333333333331 2358
0.9583333333333333 0.20833333333333331 2807
1.0 0.20833333333333331 1227
0.0 0.22916666666666666 4121
0.041666666666666664 0.22916666666666666 3882
0.08333333333333333 0.22916666666666666 3801
0.125 0.22916666666666666 3719
0.16666666666666666 0.22916666666666666 3707
0.20833333333333331 0.22916666666666666 3974
0.25 0.22916666666666666 3922
0.29166666666666663 0.22916666666666666 3870
0.3333333333333333 0.22916666666666666 3675
0.375 0.22916666666666666 3746
0.41666666666666663 0.22916666666666666 3738
0.4583333333333333 0.22916666666666666 3762
0.5 0.22916666666666666 3479
0.5416666666666666 0.22916666666666666 3340
0.5833333333333333 0.22916666666666666 3552
0.625 0.22916666666666666 3567
0.6666666666666666 0.22916666666666666 3802
0.7083333333333333 0.22916666666666666 3161
0.75 0.22916666666666666 3275
0.7916666666666666 0.22916666666666666 2796
0.8333333333333333 0.22916666666666666 2703
0.875 0.22916666666666666 3654
0.9166666666666666 0.22916666666666666 3861
0.9583333333333333 0.22916666666666666 3722
1.0 0.22916666666666666 1387
0.0 0.25 4000
0.041666666666666664 0.25 4065
0.08333333333333333 0.25 3745
0.125 0.25 3967
0.16666666666666666 0.25 4003
0.20833333333333331 0.25 3921
0.25 0.25 1
0.29166666666666663 0.25 3756
0.3333333333333333 0.25 3935
0.375 0.25 4041
0.41666666666666663 0.25 3671
0.4583333333333333 0.25 3925
0.5 0.25 3600
0.5416666666666666 0.25 3938
0.5833333333333333 0.25 3606
0.625 0.25 3287
0.6666666666666666 0.25 3371
0.7083333333333333 0.25 3078
0.75 0.25 3140
0.7916666666666666 0.25 2823
0.8333333333333333 0.25 2523
0.875 0.25 2641
0.9166666666666666 0.25 2324
0.9583333333333333 0.25 3743
1.0 0.25 1716
0.0 0.2708333333333333 3734
0.041666666666666664 0.2708333333333333 3883
0.08333333333333333 0.2708333333333333 3996
0.125 0.2708333333333333 3953
0.16666666666666666 0.2708333333333333 3893
0.20833333333333331 0.2708333333333333 3859
0.25 0.2708333333333333 3962
0.29166666666666663 0.2708333333333333 3748
0.3333333333333333 0.2708333333333333 4016
0.375 0.2708333333333333 3735
0.41666666666666663 0.2708333333333333 3759
0.4583333333333333 0.2708333333333333 3694
0.5 0.2708333333333333 3786
0.5416666666666666 0.2708333333333333 3486
0.5833333333333333 0.2708333333333333 3577
0.625 0.2708333333333333 3443
0.6666666666666666 0.2708333333333333 3700
0.7083333333333333 0.2708333333333333 3983
0.75 0.2708333333333333 2911
0.7916666666666666 0.2708333333333333 3589
0.8333333333333333 0.2708333333333333 2585
0.875 0.2708333333333333 2880
0.9166666666666666 0.2708333333333333 3835
0.9583333333333333 0.2708333333333333 2832
1.0 0.2708333333333333 2208
0.0 0.29166666666666663 3919
0.041666666666666664 0.29166666666666663 3963
0.08333333333333333 0.29166666666666663 3947
0.125 0.29166666666666663 3909
0.16666666666666666 0.29166666666666663 3779
0.20833333333333331 0.29166666666666663 3812
0.25 0.29166666666666663 3921
0.29166666666666663 0.29166666666666663 3754
0.3333333333333333 0.29166666666666663 3763
0.375 0.29166666666666663 3758
0.41666666666666663 0.29166666666666663 3646
0.4583333333333333 0.29166666666666663 3951
0.5 0.29166666666666663 3668
0.5416666666666666 0.29166666666666663 3538
0.5833333333333333 0.29166666666666663 3585
0.625 0.29166666666666663 3476
0.6666666666666666 0.29166666666666663 3835
0.7083333333333333 0.29166666666666663 3389
0.75 0.29166666666666663 3809
0.7916666666666666 0.29166666666666663 2908
0.8333333333333333 0.29166666666666663 2712
0.875 0.29166666666666663 3563
0.9166666666666666 0.29166666666666663 2848
0.9583333333333333 0.29166666666666663 3908
1.0 0.29166666666666663 1
0.0 0.3125 3863
0.041666666666666664 0.3125 4111
0.08333333333333333 0.3125 3914
0.125 0.3125 3778
0.16666666666666666 0.3125 4038
0.20833333333333331 0.3125 3905
0.25 0.3125 3844
0.29166666666666663 0.3125 3696
0.3333333333333333 0.3125 3792
0.375 0.3125 3845
0.41666666666666663 0.3125 3643
0.4583333333333333 0.3125 3995
0.5 0.3125 3749
0.5416666666666666 0.3125 3919
0.5833333333333333 0.3125 3542
0.625 0.3125 3488
0.6666666666666666 0.3125 3980
0.7083333333333333 0.3125 3290
0.75 0.3125 3866
0.7916666666666666 0.3125 2766
0.8333333333333333 0.3125 4099
0.875 0.3125 2636
0.9166666666666666 0.3125 2047
0.9583333333333333 0.3125 3650
1.0 0.3125 2296
0.0 0.3333333333333333 3853
0.041666666666666664 0.3333333333333333 4028
0.08333333333333333 0.3333333333333333 4029
0.125 0.3333333333333333 3938
0.16666666666666666 0.3333333333333333 4075
0.20833333333333331 0.3333333333333333 3891
0.25 0.3333333333333333 3780
0.29166666666666663 0.3333333333333333 3770
0.3333333333333333 0.3333333333333333 3829
0.375 0.3333333333333333 3733
0.41666666666666663 0.3333333333333333 3729
0.4583333333333333 0.3333333333333333 3713
0.5 0.3333333333333333 3867
0.5416666666666666 0.3333333333333333 3500
0.5833333333333333 0.3333333333333333 4031
0.625 0.3333333333333333 3416
0.6666666666666666 0.3333333333333333 4031
0.7083333333333333 0.3333333333333333 3842
0.75 0.3333333333333333 3547
0.7916666666666666 0.3333333333333333 3593
0.8333333333333333 0.3333333333333333 2733
0.875 0.3333333333333333 2391
0.9166666666666666 0.3333333333333333 3725
0.9583333333333333 0.3333333333333333 1
1.0 0.3333333333333333 3842
0.0 0.35416666666666663 4093
0.041666666666666664 0.35416666666666663 3903
0.08333333333333333 0.35416666666666663 4043
0.125 0.35416666666666663 3821
0.16666666666666666 0.35416666666666663 3692
0.20833333333333331 0.35416666666666663 3981
0.25 0.35416666666666663 3900
0.29166666666666663 0.35416666666666663 3926
0.3333333333333333 0.35416666666666663 3809
0.375 0.35416666666666663 3772
0.41666666666666663 0.35416666666666663 3746
0.4583333333333333 0.35416666666666663 3748
0.5 0.35416666666666663 3540
0.5416666666666666 0.35416666666666663 3525
0.5833333333333333 0.35416666666666663 3607
0.625 0.35416666666666663 3465
0.6666666666666666 0.35416666666666663 3479
0.7083333333333333 0.35416666666666663 3020
0.75 0.35416666666666663 4057
0.7916666666666666 0.35416666666666663 2851
0.8333333333333333 0.35416666666666663 3698
0.875 0.35416666666666663 3449
0.9166666666666666 0.35416666666666663 3965
0.9583333333333333 0.35416666666666663 4124
1.0 0.35416666666666663 1759
0.0 0.375 3789
0.041666666666666664 0.375 3865
0.08333333333333333 0.375 3885
0.125 0.375 3867
0.16666666666666666 0.375 3941
0.20833333333333331 0.375 3942
0.25 0.375 3958
0.29166666666666663 0.375 3850
0.3333333333333333 0.375 3918
0.375 0.375 3656
0.41666666666666663 0.375 3681
0.4583333333333333 0.375 3880
0.5 0.375 3581
0.5416666666666666 0.375 4087
0.5833333333333333 0.375 3415
0.625 0.375 3555
0.6666666666666666 0.375 3306
0.7083333333333333 0.375 3951
0.75 0.375 3802
0.7916666666666666 0.375 4055
0.8333333333333333 0.375 3964
0.875 0.375 3861
0.9166666666666666 0.375 2339
0.9583333333333333 0.375 3313
1.0 0.375 2452
0.0 0.3958333333333333 3925
0.041666666666666664 0.3958333333333333 3847
0.08333333333333333 0.3958333333333333 3760
0.125 0.3958333333333333 4048
0.16666666666666666 0.3958333333333333 3864
0.20833333333333331 0.3958333333333333 3802
0.25 0.3958333333333333 4029
0.29166666666666663 0.3958333333333333 3879
0.3333333333333333 0.3958333333333333 3698
0.375 0.3958333333333333 3709
0.41666666666666663 0.3958333333333333 3701
0.4583333333333333 0.3958333333333333 4019
0.5 0.3958333333333333 4052
0.5416666666666666 0.3958333333333333 3547
0.5833333333333333 0.3958333333333333 4007
0.625 0.3958333333333333 3498
0.6666666666666666 0.3958333333333333 3512
0.7083333333333333 0.3958333333333333 3807
0.75 0.3958333333333333 3170
0.7916666666666666 0.3958333333333333 1
0.8333333333333333 0.3958333333333333 3839
0.875 0.3958333333333333 2623
0.9166666666666666 0.3958333333333333 3821
0.9583333333333333 0.3958333333333333 3908
1.0 0.3958333333333333 3886
0.0 0.41666666666666663 3974
0.041666666666666664 0.41666666666666663 4074
0.08333333333333333 0.41666666666666663 3915
0.125 0.41666666666666663 4008
0.16666666666666666 0.41666666666666663 4046
0.20833333333333331 0.41666666666666663 3849
0.25 0.41666666666666663 4038
0.29166666666666663 0.41666666666666663 3673
0.3333333333333333 0.41666666666666663 4139
0.375 0.41666666666666663 3767
0.41666666666666663 0.41666666666666663 4113
0.4583333333333333 0.41666666666666663 3688
0.5 0.41666666666666663 3776
0.5416666666666666 0.41666666666666663 3643
0.5833333333333333 0.41666666666666663 3842
0.625 0.41666666666666663 3511
0.6666666666666666 0.41666666666666663 3389
0.7083333333333333 0.41666666666666663 3114
0.75 0.41666666666666663 3896
0.7916666666666666 0.41666666666666663 3905
0.8333333333333333 0.41666666666666663 3975
0.875 0.41666666666666663 3510
0.9166666666666666 0.41666666666666663 4146
0.9583333333333333 0.41666666666666663 3289
1.0 0.41666666666666663 2141
0.0 0.4375 3769
0.041666666666666664 0.4375 3960
0.08333333333333333 0.4375 3895
0.125 0.4375 4010
0.16666666666666666 0.4375 3682
0.20833333333333331 0.4375 3961
0.25 0.4375 3686
0.29166666666666663 0.4375 3680
0.3333333333333333 0.4375 3812
0.375 0.4375 3803
0.41666666666666663 0.4375 3627
0.4583333333333333 0.4375 3683
0.5 0.4375 3673
0.5416666666666666 0.4375 4140
0.5833333333333333 0.4375 4089
0.625 0.4375 4056
0.6666666666666666 0.4375 4093
0.7083333333333333 0.4375 3968
0.75 0.4375 4052
0.7916666666666666 0.4375 4072
0.8333333333333333 0.4375 2820
0.875 0.4375 2814
0.9166666666666666 0.4375 4081
0.9583333333333333 0.4375 3225
1.0 0.4375 3849
0.0 0.4583333333333333 4084
0.041666666666666664 0.4583333333333333 3940
0.08333333333333333 0.4583333333333333 3914
0.125 0.4583333333333333 3927
0.16666666666666666 0.4583333333333333 4097
0.20833333333333331 0.4583333333333333 4073
0.25 0.4583333333333333 3871
0.29166666666666663 0.4583333333333333 3931
0.3333333333333333 0.4583333333333333 3729
0.375 0.4583333333333333 3722
0.41666666666666663 0.4583333333333333 3707
0.4583333333333333 0.4583333333333333 4064
0.5 0.4583333333333333 3676
0.5416666666666666 0.4583333333333333 4116
0.5833333333333333 0.4583333333333333 3547
0.625 0.4583333333333333 3802
0.6666666666666666 0.4583333333333333 3957
0.7083333333333333 0.4583333333333333 3919
0.75 0.4583333333333333 3797
0.7916666666666666 0.4583333333333333 3692
0.8333333333333333 0.4583333333333333 3045
0.875 0.4583333333333333 3754
0.9166666666666666 0.4583333333333333 3971
0.9583333333333333 0.4583333333333333 3416
1.0 0.4583333333333333 4076
0.0 0.47916666666666663 4072
0.041666666666666664 0.47916666666666663 4010
0.08333333333333333 0.47916666666666663 3991
0.125 0.47916666666666663 3906
0.16666666666666666 0.47916666666666663 3929
0.20833333333333331 0.47916666666666663 4101
0.25 0.47916666666666663 3867
0.29166666666666663 0.47916666666666663 3994
0.3333333333333333 0.47916666666666663 4083
0.375 0.47916666666666663 4085
0.41666666666666663 0.47916666666666663 3981
0.4583333333333333 0.47916666666666663 3848
0.5 0.47916666666666663 3666
0.5416666666666666 0.47916666666666663 3630
0.5833333333333333 0.47916666666666663 3952
0.625 0.47916666666666663 3899
0.6666666666666666 0.47916666666666663 4073
0.7083333333333333 0.47916666666666663 3606
0.75 0.47916666666666663 4100
0.7916666666666666 0.47916666666666663 3984
0.8333333333333333 0.47916666666666663 4066
0.875 0.47916666666666663 3661
0.9166666666666666 0.47916666666666663 3023
0.9583333333333333 0.47916666666666663 3073
1.0 0.47916666666666663 3186
0.0 0.5 3899
0.041666666666666664 0.5 3776
0.08333333333333333 0.5 4102
0.125 0.5 4048
0.16666666666666666 0.5 3889
0.20833333333333331 0.5 3838
0.25 0.5 3905
0.29166666666666663 0.5 3748
0.3333333333333333 0.5 3722
0.375 0.5 4090
0.41666666666666663 0.5 3750
0.4583333333333333 0.5 3986
0.5 0.5 3750
0.5416666666666666 0.5 4030
0.5833333333333333 0.5 4083
0.625 0.5 3422
0.6666666666666666 0.5 3908
0.7083333333333333 0.5 4071
0.75 0.5 3414
0.7916666666666666 0.5 4056
0.8333333333333333 0.5 3669
0.875 0.5 3937
0.9166666666666666 0.5 3989
0.9583333333333333 0.5 4076
1.0 0.5 3883
