0.0 0.0 3992
0.041666666666666664 0.0 4113
0.08333333333333333 0.0 3773
0.125 0.0 3696
0.16666666666666666 0.0 3938
0.20833333333333331 0.0 3813
0.25 0.0 3894
0.29166666666666663 0.0 3820
0.3333333333333333 0.0 3680
0.375 0.0 3612
0.41666666666666663 0.0 3702
0.4583333333333333 0.0 3463
0.5 0.0 3445
0.5416666666666666 0.0 3449
0.5833333333333333 0.0 3424
0.625 0.0 3209
0.6666666666666666 0.0 3058
0.7083333333333333 0.0 2923
0.75 0.0 2822
0.7916666666666666 0.0 1
0.8333333333333333 0.0 2374
0.875 0.0 2023
0.9166666666666666 0.0 1502
0.9583333333333333 0.0 1
1.0 0.0 1
0.0 0.020833333333333332 4041
0.041666666666666664 0.020833333333333332 4004
0.08333333333333333 0.020833333333333332 3723
0.125 0.020833333333333332 3909
0.16666666666666666 0.020833333333333332 3718
0.20833333333333331 0.020833333333333332 3727
0.25 0.020833333333333332 3709
0.29166666666666663 0.020833333333333332 3701
0.3333333333333333 0.020833333333333332 3758
0.375 0.020833333333333332 3598
0.41666666666666663 0.020833333333333332 3500
0.4583333333333333 0.020833333333333332 3631
0.5 0.020833333333333332 3403
0.5416666666666666 0.020833333333333332 3519
0.5833333333333333 0.020833333333333332 3411
0.625 0.020833333333333332 3303
0.6666666666666666 0.020833333333333332 3201
0.7083333333333333 0.020833333333333332 2956
0.75 0.020833333333333332 2836
0.7916666666666666 0.020833333333333332 2863
0.8333333333333333 0.020833333333333332 2379
0.875 0.020833333333333332 2032
0.9166666666666666 0.020833333333333332 1567
0.9583333333333333 0.020833333333333332 1364
1.0 0.020833333333333332 645
0.0 0.041666666666666664 4063
0.041666666666666664 0.041666666666666664 4064
0.08333333333333333 0.041666666666666664 4014
0.125 0.041666666666666664 4030
0.16666666666666666 0.041666666666666664 3753
0.20833333333333331 0.041666666666666664 3905
0.25 0.041666666666666664 3737
0.29166666666666663 0.041666666666666664 3777
0.3333333333333333 0.041666666666666664 3659
0.375 0.041666666666666664 3644
0.41666666666666663 0.041666666666666664 3632
0.4583333333333333 0.041666666666666664 3534
0.5 0.041666666666666664 3653
0.5416666666666666 0.041666666666666664 3421
0.5833333333333333 0.041666666666666664 3298
0.625 0.041666666666666664 3325
0.6666666666666666 0.041666666666666664 3071
0.7083333333333333 0.041666666666666664 3040
0.75 0.041666666666666664 2877
0.7916666666666666 0.041666666666666664 2679
0.8333333333333333 0.041666666666666664 2463
0.875 0.041666666666666664 2278
0.9166666666666666 0.041666666666666664 1960
0.9583333333333333 0.041666666666666664 918
1.0 0.041666666666666664 293
0.0 0.0625 3991
0.041666666666666664 0.0625 3856
0.08333333333333333 0.0625 3778
0.125 0.0625 3967
0.16666666666666666 0.0625 3828
0.20833333333333331 0.0625 3770
0.25 0.0625 3883
0.29166666666666663 0.0625 3801
0.3333333333333333 0.0625 3684
0.375 0.0625 3591
0.41666666666666663 0.0625 3720
0.4583333333333333 0.0625 3497
0.5 0.0625 3451
0.5416666666666666 0.0625 3503
0.5833333333333333 0.0625 3256
0.625 0.0625 3277
0.6666666666666666 0.0625 3074
0.7083333333333333 0.0625 3090
0.75 0.0625 2952
0.7916666666666666 0.0625 2658
0.8333333333333333 0.0625 2417
0.875 0.0625 2322
0.9166666666666666 0.0625 1887
0.9583333333333333 0.0625 1408
1.0 0.0625 1274
0.0 0.08333333333333333 3933
0.041666666666666664 0.08333333333333333 3832
0.08333333333333333 0.08333333333333333 3728
0.125 0.08333333333333333 3697
0.16666666666666666 0.08333333333333333 3678
0.20833333333333331 0.08333333333333333 3923
0.25 0.08333333333333333 3907
0.29166666666666663 0.08333333333333333 3845
0.3333333333333333 0.08333333333333333 3777
0.375 0.08333333333333333 3506
0.41666666666666663 0.08333333333333333 3572
0.4583333333333333 0.08333333333333333 3625
0.5 0.08333333333333333 3509
0.5416666666666666 0.08333333333333333 3532
0.5833333333333333 0.08333333333333333 3438
0.625 0.08333333333333333 3300
0.6666666666666666 0.08333333333333333 3102
0.7083333333333333 0.08333333333333333 3073
0.75 0.08333333333333333 2938
0.7916666666666666 0.08333333333333333 2760
0.8333333333333333 0.08333333333333333 2292
0.875 0.08333333333333333 2328
0.9166666666666666 0.08333333333333333 1820
0.9583333333333333 0.08333333333333333 909
1.0 0.08333333333333333 1655
0.0 0.10416666666666666 4016
0.041666666666666664 0.10416666666666666 3948
0.08333333333333333 0.10416666666666666 3748
0.125 0.10416666666666666 3719
0.16666666666666666 0.10416666666666666 4006
0.20833333333333331 0.10416666666666666 3937
0.25 0.10416666666666666 3597
0.29166666666666663 0.10416666666666666 3864
0.3333333333333333 0.10416666666666666 3769
0.375 0.10416666666666666 3644
0.41666666666666663 0.10416666666666666 3684
0.4583333333333333 0.10416666666666666 3524
0.5 0.10416666666666666 3572
0.5416666666666666 0.10416666666666666 3430
0.5833333333333333 0.10416666666666666 3412
0.625 0.10416666666666666 3446
0.6666666666666666 0.10416666666666666 3178
0.7083333333333333 0.10416666666666666 3020
0.75 0.10416666666666666 2949
0.7916666666666666 0.10416666666666666 2611
0.8333333333333333 0.10416666666666666 2623
0.875 0.10416666666666666 2309
0.9166666666666666 0.10416666666666666 2273
0.9583333333333333 0.10416666666666666 1494
1.0 0.10416666666666666 3105
0.0 0.125 3936
0.041666666666666664 0.125 3741
0.08333333333333333 0.125 3682
0.125 0.125 3710
0.16666666666666666 0.125 3899
0.20833333333333331 0.125 3866
0.25 0.125 3968
0.29166666666666663 0.125 3869
0.3333333333333333 0.125 3671
0.375 0.125 3573
0.41666666666666663 0.125 3439
0.4583333333333333 0.125 3602
0.5 0.125 3643
0.5416666666666666 0.125 3431
0.5833333333333333 0.125 3469
0.625 0.125 3293
0.6666666666666666 0.125 3204
0.7083333333333333 0.125 3075
0.75 0.125 3122
0.7916666666666666 0.125 2762
0.8333333333333333 0.125 2369
0.875 0.125 2970
0.9166666666666666 0.125 2871
0.9583333333333333 0.125 2635
1.0 0.125 1
0.0 0.14583333333333331 3792
0.041666666666666664 0.14583333333333331 4071
0.08333333333333333 0.14583333333333331 3936
0.125 0.14583333333333331 4002
0.16666666666666666 0.14583333333333331 3724
0.20833333333333331 0.14583333333333331 3871
0.25 0.14583333333333331 3908
0.29166666666666663 0.14583333333333331 3917
0.3333333333333333 0.14583333333333331 3903
0.375 0.14583333333333331 3741
0.41666666666666663 0.14583333333333331 3683
0.4583333333333333 0.14583333333333331 3482
0.5 0.14583333333333331 3702
0.5416666666666666 0.14583333333333331 3444
0.5833333333333333 0.14583333333333331 3581
0.625 0.14583333333333331 3513
0.6666666666666666 0.14583333333333331 3226
0.7083333333333333 0.14583333333333331 3077
0.75 0.14583333333333331 2946
0.7916666666666666 0.14583333333333331 1
0.8333333333333333 0.14583333333333331 2454
0.875 0.14583333333333331 2466
0.9166666666666666 0.14583333333333331 1733
0.9583333333333333 0.14583333333333331 1444
1.0 0.14583333333333331 1991
0.0 0.16666666666666666 3976
0.041666666666666664 0.16666666666666666 4078
0.08333333333333333 0.16666666666666666 3797
0.125 0.16666666666666666 4038
0.16666666666666666 0.16666666666666666 3922
0.20833333333333331 0.16666666666666666 3713
0.25 0.16666666666666666 3882
0.29166666666666663 0.16666666666666666 3902
0.3333333333333333 0.16666666666666666 3824
0.375 0.16666666666666666 3647
0.41666666666666663 0.16666666666666666 3621
0.4583333333333333 0.16666666666666666 3684
0.5 0.16666666666666666 3436
0.5416666666666666 0.16666666666666666 3446
0.5833333333333333 0.16666666666666666 3594
0.625 0.16666666666666666 3352
0.6666666666666666 0.16666666666666666 3508
0.7083333333333333 0.16666666666666666 2976
0.75 0.16666666666666666 2947
0.7916666666666666 0.16666666666666666 2765
0.8333333333333333 0.16666666666666666 3077
0.875 0.16666666666666666 3257
0.9166666666666666 0.16666666666666666 1756
0.9583333333333333 0.16666666666666666 1402
1.0 0.16666666666666666 865
0.0 0.1875 3739
0.041666666666666664 0.1875 3839
0.08333333333333333 0.1875 4064
0.125 0.1875 3763
0.16666666666666666 0.1875 3997
0.20833333333333331 0.1875 3675
0.25 0.1875 1
0.29166666666666663 0.1875 3697
0.3333333333333333 0.1875 3891
0.375 0.1875 3579
0.41666666666666663 0.1875 3610
0.4583333333333333 0.1875 3723
0.5 0.1875 3755
0.5416666666666666 0.1875 3492
0.5833333333333333 0.1875 3389
0.625 0.1875 3529
0.6666666666666666 0.1875 3280
0.7083333333333333 0.1875 3066
0.75 0.1875 2927
0.7916666666666666 0.1875 3161
0.8333333333333333 0.1875 2498
0.875 0.1875 3140
0.9166666666666666 0.1875 1663
0.9583333333333333 0.1875 2053
1.0 0.1875 1139
0.0 0.20833333333333331 3798
0.041666666666666664 0.20833333333333331 3721
0.08333333333333333 0.20833333333333331 3712
0.125 0.20833333333333331 3767
0.16666666666666666 0.20833333333333331 3956
0.20833333333333331 0.20833333333333331 3873
0.25 0.20833333333333331 3921
0.29166666666666663 0.20833333333333331 3642
0.3333333333333333 0.20833333333333331 3771
0.375 0.20833333333333331 3834
0.41666666666666663 0.20833333333333331 3557
0.4583333333333333 0.20833333333333331 3603
0.5 0.20833333333333331 3834
0.5416666666666666 0.20833333333333331 3489
0.5833333333333333 0.20833333333333331 3627
0.625 0.20833333333333331 3541
0.6666666666666666 0.20833333333333331 3678
0.7083333333333333 0.20833333333333331 3102
0.75 0.20833333333333331 3931
0.7916666666666666 0.20833333333333331 2971
0.8333333333333333 0.20833333333333331 3498
0.875 0.20833333333333331 3652
0.9166666666666666 0.20833333333333331 2382
0.9583333333333333 0.20833333333333331 3250
1.0 0.20833333333333331 3450
0.0 0.22916666666666666 3960
0.041666666666666664 0.22916666666666666 3791
0.08333333333333333 0.22916666666666666 3852
0.125 0.22916666666666666 3765
0.16666666666666666 0.22916666666666666 3878
0.20833333333333331 0.22916666666666666 3975
0.25 0.22916666666666666 3896
0.29166666666666663 0.22916666666666666 3743
0.3333333333333333 0.22916666666666666 3623
0.375 0.22916666666666666 3795
0.41666666666666663 0.22916666666666666 3807
0.4583333333333333 0.22916666666666666 3704
0.5 0.22916666666666666 3510
0.5416666666666666 0.22916666666666666 3362
0.5833333333333333 0.22916666666666666 3565
0.625 0.22916666666666666 3414
0.6666666666666666 0.22916666666666666 3308
0.7083333333333333 0.22916666666666666 3652
0.75 0.22916666666666666 3334
0.7916666666666666 0.22916666666666666 3592
0.8333333333333333 0.22916666666666666 3839
0.875 0.22916666666666666 3158
0.9166666666666666 0.22916666666666666 2630
0.9583333333333333 0.22916666666666666 3839
1.0 0.22916666666666666 3710
0.0 0.25 3907
0.041666666666666664 0.25 4026
0.08333333333333333 0.25 3872
0.125 0.25 3914
0.16666666666666666 0.25 3786
0.20833333333333331 0.25 3783
0.25 0.25 3576
0.29166666666666663 0.25 3889
0.3333333333333333 0.25 3874
0.375 0.25 3791
0.41666666666666663 0.25 3825
0.4583333333333333 0.25 3757
0.5 0.25 3815
0.5416666666666666 0.25 3577
0.5833333333333333 0.25 3513
0.625 0.25 3649
0.6666666666666666 0.25 3398
0.7083333333333333 0.25 3528
0.75 0.25 3226
0.7916666666666666 0.25 4012
0.8333333333333333 0.25 1
0.875 0.25 2740
0.9166666666666666 0.25 2016
0.9583333333333333 0.25 3499
1.0 0.25 3852
0.0 0.2708333333333333 3972
0.041666666666666664 0.2708333333333333 4054
0.08333333333333333 0.2708333333333333 4024
0.125 0.2708333333333333 3952
0.16666666666666666 0.2708333333333333 3755
0.20833333333333331 0.2708333333333333 3844
0.25 0.2708333333333333 3763
0.29166666666666663 0.2708333333333333 3770
0.3333333333333333 0.2708333333333333 3794
0.375 0.2708333333333333 3599
0.41666666666666663 0.2708333333333333 3745
0.4583333333333333 0.2708333333333333 3676
0.5 0.2708333333333333 3603
0.5416666666666666 0.2708333333333333 3873
0.5833333333333333 0.2708333333333333 3563
0.625 0.2708333333333333 3868
0.6666666666666666 0.2708333333333333 3301
0.7083333333333333 0.2708333333333333 3072
0.75 0.2708333333333333 3358
0.7916666666666666 0.2708333333333333 3918
0.8333333333333333 0.2708333333333333 3627
0.875 0.2708333333333333 2265
0.9166666666666666 0.2708333333333333 3745
0.9583333333333333 0.2708333333333333 2612
1.0 0.2708333333333333 2905
0.0 0.29166666666666663 4004
0.041666666666666664 0.29166666666666663 3781
0.08333333333333333 0.29166666666666663 3876
0.125 0.29166666666666663 3861
0.16666666666666666 0.29166666666666663 3758
0.20833333333333331 0.29166666666666663 3750
0.25 0.29166666666666663 3717
0.29166666666666663 0.29166666666666663 3747
0.3333333333333333 0.29166666666666663 3980
0.375 0.29166666666666663 3786
0.41666666666666663 0.29166666666666663 3689
0.4583333333333333 0.29166666666666663 3611
0.5 0.29166666666666663 3695
0.5416666666666666 0.29166666666666663 3635
0.5833333333333333 0.29166666666666663 4001
0.625 0.29166666666666663 3502
0.6666666666666666 0.29166666666666663 3237
0.7083333333333333 0.29166666666666663 3706
0.75 0.29166666666666663 3137
0.7916666666666666 0.29166666666666663 2786
0.8333333333333333 0.29166666666666663 3018
0.875 0.29166666666666663 2553
0.9166666666666666 0.29166666666666663 3830
0.9583333333333333 0.29166666666666663 3138
1.0 0.29166666666666663 3992
0.0 0.3125 4148
0.041666666666666664 0.3125 3762
0.08333333333333333 0.3125 4055
0.125 0.3125 3673
0.16666666666666666 0.3125 3863
0.20833333333333331 0.3125 3888
0.25 0.3125 3878
0.29166666666666663 0.3125 3656
0.3333333333333333 0.3125 3924
0.375 0.3125 3653
0.41666666666666663 0.3125 3866
0.4583333333333333 0.3125 3989
0.5 0.3125 3413
0.5416666666666666 0.3125 3822
0.5833333333333333 0.3125 3554
0.625 0.3125 3537
0.6666666666666666 0.3125 3646
0.7083333333333333 0.3125 3857
0.75 0.3125 3321
0.7916666666666666 0.3125 3773
0.8333333333333333 0.3125 3356
0.875 0.3125 3484
0.9166666666666666 0.3125 3859
0.9583333333333333 0.3125 3969
1.0 0.3125 3306
0.0 0.3333333333333333 4130
0.041666666666666664 0.3333333333333333 4018
0.08333333333333333 0.3333333333333333 3799
0.125 0.3333333333333333 3969
0.16666666666666666 0.3333333333333333 1
0.20833333333333331 0.3333333333333333 3854
0.25 0.3333333333333333 3983
0.29166666666666663 0.3333333333333333 3956
0.3333333333333333 0.3333333333333333 3839
0.375 0.3333333333333333 3774
0.41666666666666663 0.3333333333333333 3671
0.4583333333333333 0.3333333333333333 3733
0.5 0.3333333333333333 3614
0.5416666666666666 0.3333333333333333 3514
0.5833333333333333 0.3333333333333333 4005
0.625 0.3333333333333333 3343
0.6666666666666666 0.3333333333333333 3130
0.7083333333333333 0.3333333333333333 4075
0.75 0.3333333333333333 3292
0.7916666666666666 0.3333333333333333 3976
0.8333333333333333 0.3333333333333333 4007
0.875 0.3333333333333333 2621
0.9166666666666666 0.3333333333333333 2130
0.9583333333333333 0.3333333333333333 3189
1.0 0.3333333333333333 3709
0.0 0.35416666666666663 3946
0.041666666666666664 0.35416666666666663 3714
0.08333333333333333 0.35416666666666663 3899
0.125 0.35416666666666663 4009
0.16666666666666666 0.35416666666666663 3948
0.20833333333333331 0.35416666666666663 3826
0.25 0.35416666666666663 4120
0.29166666666666663 0.35416666666666663 3716
0.3333333333333333 0.35416666666666663 4073
0.375 0.35416666666666663 4039
0.41666666666666663 0.35416666666666663 4069
0.4583333333333333 0.35416666666666663 3662
0.5 0.35416666666666663 3907
0.5416666666666666 0.35416666666666663 3416
0.5833333333333333 0.35416666666666663 3653
0.625 0.35416666666666663 3477
0.6666666666666666 0.35416666666666663 3931
0.7083333333333333 0.35416666666666663 3325
0.75 0.35416666666666663 3848
0.7916666666666666 0.35416666666666663 3101
0.8333333333333333 0.35416666666666663 3931
0.875 0.35416666666666663 3708
0.9166666666666666 0.35416666666666663 4012
0.9583333333333333 0.35416666666666663 3960
1.0 0.35416666666666663 4021
0.0 0.375 3832
0.041666666666666664 0.375 4098
0.08333333333333333 0.375 3975
0.125 0.375 4005
0.16666666666666666 0.375 3988
0.20833333333333331 0.375 3941
0.25 0.375 3841
0.29166666666666663 0.375 3737
0.3333333333333333 0.375 3706
0.375 0.375 3764
0.41666666666666663 0.375 3628
0.4583333333333333 0.375 3762
0.5 0.375 4084
0.5416666666666666 0.375 3541
0.5833333333333333 0.375 3959
0.625 0.375 3491
0.6666666666666666 0.375 4095
0.7083333333333333 0.375 3652
0.75 0.375 2960
0.7916666666666666 0.375 3903
0.8333333333333333 0.375 2711
0.875 0.375 2709
0.9166666666666666 0.375 3871
0.9583333333333333 0.375 3795
1.0 0.375 3485
0.0 0.3958333333333333 4103
0.041666666666666664 0.3958333333333333 4082
0.08333333333333333 0.3958333333333333 3960
0.125 0.3958333333333333 3793
0.16666666666666666 0.3958333333333333 4027
0.20833333333333331 0.3958333333333333 3947
0.25 0.3958333333333333 3716
0.29166666666666663 0.3958333333333333 4109
0.3333333333333333 0.3958333333333333 4011
0.375 0.3958333333333333 3831
0.41666666666666663 0.3958333333333333 3765
0.4583333333333333 0.3958333333333333 3734
0.5 0.3958333333333333 3634
0.5416666666666666 0.3958333333333333 4042
0.5833333333333333 0.3958333333333333 3882
0.625 0.3958333333333333 3485
0.6666666666666666 0.3958333333333333 3405
0.7083333333333333 0.3958333333333333 3960
0.75 0.3958333333333333 3689
0.7916666666666666 0.3958333333333333 4095
0.8333333333333333 0.3958333333333333 3356
0.875 0.3958333333333333 4009
0.9166666666666666 0.3958333333333333 2937
0.9583333333333333 0.3958333333333333 4016
1.0 0.3958333333333333 3354
0.0 0.41666666666666663 3797
0.041666666666666664 0.41666666666666663 3957
0.08333333333333333 0.41666666666666663 4010
0.125 0.41666666666666663 3993
0.16666666666666666 0.41666666666666663 3852
0.20833333333333331 0.41666666666666663 4075
0.25 0.41666666666666663 3897
0.29166666666666663 0.41666666666666663 3667
0.3333333333333333 0.41666666666666663 4054
0.375 0.41666666666666663 3763
0.41666666666666663 0.41666666666666663 3727
0.4583333333333333 0.41666666666666663 4061
0.5 0.41666666666666663 4021
0.5416666666666666 0.41666666666666663 3985
0.5833333333333333 0.41666666666666663 3566
0.625 0.41666666666666663 4154
0.6666666666666666 0.41666666666666663 3257
0.7083333333333333 0.41666666666666663 3981
0.75 0.41666666666666663 3839
0.7916666666666666 0.41666666666666663 4068
0.8333333333333333 0.41666666666666663 3051
0.875 0.41666666666666663 4086
0.9166666666666666 0.41666666666666663 2951
0.9583333333333333 0.41666666666666663 2062
1.0 0.41666666666666663 3161
0.0 0.4375 3922
0.041666666666666664 0.4375 3882
0.08333333333333333 0.4375 3823
0.125 0.4375 4061
0.16666666666666666 0.4375 3817
0.20833333333333331 0.4375 4089
0.25 0.4375 3749
0.29166666666666663 0.4375 3718
0.3333333333333333 0.4375 3872
0.375 0.4375 3704
0.41666666666666663 0.4375 4018
0.4583333333333333 0.4375 4095
0.5 0.4375 3618
0.5416666666666666 0.4375 3562
0.5833333333333333 0.4375 3671
0.625 0.4375 3490
0.6666666666666666 0.4375 3961
0.7083333333333333 0.4375 3646
0.75 0.4375 3950
0.7916666666666666 0.4375 2845
0.8333333333333333 0.4375 3990
0.875 0.4375 3552
0.9166666666666666 0.4375 2843
0.9583333333333333 0.4375 3890
1.0 0.4375 3687
0.0 0.4583333333333333 4150
0.041666666666666664 0.4583333333333333 3977
0.08333333333333333 0.4583333333333333 3783
0.125 0.4583333333333333 3866
0.16666666666666666 0.4583333333333333 4144
0.20833333333333331 0.4583333333333333 3925
0.25 0.4583333333333333 3701
0.29166666666666663 0.4583333333333333 3916
0.3333333333333333 0.4583333333333333 3958
0.375 0.4583333333333333 3635
0.41666666666666663 0.4583333333333333 4052
0.4583333333333333 0.4583333333333333 3712
0.5 0.4583333333333333 3712
0.5416666666666666 0.4583333333333333 4137
0.5833333333333333 0.4583333333333333 3542
0.625 0.4583333333333333 3695
0.6666666666666666 0.4583333333333333 3444
0.7083333333333333 0.4583333333333333 3354
0.75 0.4583333333333333 3852
0.7916666666666666 0.4583333333333333 2943
0.8333333333333333 0.4583333333333333 2937
0.875 0.4583333333333333 3669
0.9166666666666666 0.4583333333333333 2712
0.9583333333333333 0.4583333333333333 4096
1.0 0.4583333333333333 2718
0.0 0.47916666666666663 3732
0.041666666666666664 0.47916666666666663 3734
0.08333333333333333 0.47916666666666663 4045
0.125 0.47916666666666663 4137
0.16666666666666666 0.47916666666666663 3796
0.20833333333333331 0.47916666666666663 3819
0.25 0.47916666666666663 3822
0.29166666666666663 0.47916666666666663 4088
0.3333333333333333 0.47916666666666663 3704
0.375 0.47916666666666663 3776
0.41666666666666663 0.47916666666666663 3661
0.4583333333333333 0.47916666666666663 3692
0.5 0.47916666666666663 3702
0.5416666666666666 0.47916666666666663 4038
0.5833333333333333 0.47916666666666663 3561
0.625 0.47916666666666663 3484
0.6666666666666666 0.47916666666666663 4091
0.7083333333333333 0.47916666666666663 4081
0.75 0.47916666666666663 4145
0.7916666666666666 0.47916666666666663 3348
0.8333333333333333 0.47916666666666663 4104
0.875 0.47916666666666663 2754
0.9166666666666666 0.47916666666666663 3318
0.9583333333333333 0.47916666666666663 3826
1.0 0.47916666666666663 4098
0.0 0.5 4109
0.041666666666666664 0.5 4030
0.08333333333333333 0.5 3799
0.125 0.5 4048
0.16666666666666666 0.5 4054
0.20833333333333331 0.5 4110
0.25 0.5 4096
0.29166666666666663 0.5 3690
0.3333333333333333 0.5 3770
0.375 0.5 3770
0.41666666666666663 0.5 3804
0.4583333333333333 0.5 3672
0.5 0.5 4069
0.5416666666666666 0.5 3844
0.5833333333333333 0.5 3610
0.625 0.5 3563
0.6666666666666666 0.5 4026
0.7083333333333333 0.5 3710
0.75 0.5 3242
0.7916666666666666 0.5 3957
0.8333333333333333 0.5 3205
0.875 0.5 3419
0.9166666666666666 0.5 4088
0.9583333333333333 0.5 3933
1.0 0.5 3925
