0.0 0.0 4082
0.041666666666666664 0.0 3960
0.08333333333333333 0.0 3724
0.125 0.0 3743
0.16666666666666666 0.0 3986
0.20833333333333331 0.0 3750
0.25 0.0 3757
0.29166666666666663 0.0 3880
0.3333333333333333 0.0 3798
0.375 0.0 3681
0.41666666666666663 0.0 3734
0.4583333333333333 0.0 3659
0.5 0.0 3629
0.5416666666666666 0.0 3473
0.5833333333333333 0.0 3402
0.625 0.0 3332
0.6666666666666666 0.0 3147
0.7083333333333333 0.0 3053
0.75 0.0 2830
0.7916666666666666 0.0 2591
0.8333333333333333 0.0 2394
0.875 0.0 1
0.9166666666666666 0.0 1511
0.9583333333333333 0.0 699
1.0 0.0 1
0.0 0.020833333333333332 4094
0.041666666666666664 0.020833333333333332 4042
0.08333333333333333 0.020833333333333332 3960
0.125 0.020833333333333332 4011
0.16666666666666666 0.020833333333333332 3729
0.20833333333333331 0.020833333333333332 3706
0.25 0.020833333333333332 3787
0.29166666666666663 0.020833333333333332 3842
0.3333333333333333 0.020833333333333332 3773
0.375 0.020833333333333332 3602
0.41666666666666663 0.020833333333333332 3529
0.4583333333333333 0.020833333333333332 3602
0.5 0.020833333333333332 3493
0.5416666666666666 0.020833333333333332 3504
0.5833333333333333 0.020833333333333332 3393
0.625 0.020833333333333332 3160
0.6666666666666666 0.020833333333333332 3065
0.7083333333333333 0.020833333333333332 2999
0.75 0.020833333333333332 2850
0.7916666666666666 0.020833333333333332 2719
0.8333333333333333 0.020833333333333332 2356
0.875 0.020833333333333332 1983
0.9166666666666666 0.020833333333333332 1590
0.9583333333333333 0.020833333333333332 741
1.0 0.020833333333333332 218
0.0 0.041666666666666664 3813
0.041666666666666664 0.041666666666666664 3824
0.08333333333333333 0.041666666666666664 3723
0.125 0.041666666666666664 3697
0.16666666666666666 0.041666666666666664 3783
0.20833333333333331 0.041666666666666664 3673
0.25 0.041666666666666664 3662
0.29166666666666663 0.041666666666666664 3660
0.3333333333333333 0.041666666666666664 3648
0.375 0.041666666666666664 3712
0.41666666666666663 0.041666666666666664 3649
0.4583333333333333 0.041666666666666664 3490
0.5 0.041666666666666664 3562
0.5416666666666666 0.041666666666666664 3480
0.5833333333333333 0.041666666666666664 3263
0.625 0.041666666666666664 3185
0.6666666666666666 0.041666666666666664 3114
0.7083333333333333 0.041666666666666664 3071
0.75 0.041666666666666664 2844
0.7916666666666666 0.041666666666666664 2670
0.8333333333333333 0.041666666666666664 2337
0.875 0.041666666666666664 2003
0.9166666666666666 0.041666666666666664 1892
0.9583333333333333 0.041666666666666664 1105
1.0 0.041666666666666664 1701
0.0 0.0625 4059
0.041666666666666664 0.0625 4017
0.08333333333333333 0.0625 3802
0.125 0.0625 3672
0.16666666666666666 0.0625 3644
0.20833333333333331 0.0625 3975
0.25 0.0625 3834
0.29166666666666663 0.0625 3780
0.3333333333333333 0.0625 3808
0.375 0.0625 3544
0.41666666666666663 0.0625 3624
0.4583333333333333 0.0625 3539
0.5 0.0625 3332
0.5416666666666666 0.0625 3447
0.5833333333333333 0.0625 3434
0.625 0.0625 3322
0.6666666666666666 0.0625 3197
0.7083333333333333 0.0625 3065
0.75 0.0625 2875
0.7916666666666666 0.0625 2837
0.8333333333333333 0.0625 2553
0.875 0.0625 2179
0.9166666666666666 0.0625 1724
0.9583333333333333 0.0625 979
1.0 0.0625 712
0.0 0.08333333333333333 3763
0.041666666666666664 0.08333333333333333 3739
0.08333333333333333 0.08333333333333333 3933
0.125 0.08333333333333333 4013
0.16666666666666666 0.08333333333333333 3994
0.20833333333333331 0.08333333333333333 3940
0.25 0.08333333333333333 3615
0.29166666666666663 0.08333333333333333 3718
0.3333333333333333 0.08333333333333333 3812
0.375 0.08333333333333333 3637
0.41666666666666663 0.08333333333333333 3526
0.4583333333333333 0.08333333333333333 3586
0.5 0.08333333333333333 3601
0.5416666666666666 0.08333333333333333 3442
0.5833333333333333 0.08333333333333333 3351
0.625 0.08333333333333333 3194
0.6666666666666666 0.08333333333333333 3353
0.7083333333333333 0.08333333333333333 3016
0.75 0.08333333333333333 2982
0.7916666666666666 0.08333333333333333 2665
0.8333333333333333 0.08333333333333333 2588
0.875 0.08333333333333333 2128
0.9166666666666666 0.08333333333333333 1745
0.9583333333333333 0.08333333333333333 2608
1.0 0.08333333333333333 1865
0.0 0.10416666666666666 3976
0.041666666666666664 0.10416666666666666 3949
0.08333333333333333 0.10416666666666666 3977
0.125 0.10416666666666666 3719
0.16666666666666666 0.10416666666666666 3994
0.20833333333333331 0.10416666666666666 3871
0.25 0.10416666666666666 3823
0.29166666666666663 0.10416666666666666 3785
0.3333333333333333 0.10416666666666666 3544
0.375 0.10416666666666666 3719
0.41666666666666663 0.10416666666666666 3561
0.4583333333333333 0.10416666666666666 3620
0.5 0.10416666666666666 3561
0.5416666666666666 0.10416666666666666 3526
0.5833333333333333 0.10416666666666666 3341
0.625 0.10416666666666666 3305
0.6666666666666666 0.10416666666666666 3192
0.7083333333333333 0.10416666666666666 3076
0.75 0.10416666666666666 2896
0.7916666666666666 0.10416666666666666 2680
0.8333333333333333 0.10416666666666666 2777
0.875 0.10416666666666666 2321
0.9166666666666666 0.10416666666666666 1712
0.9583333333333333 0.10416666666666666 1876
1.0 0.10416666666666666 937
0.0 0.125 3909
0.041666666666666664 0.125 3853
0.08333333333333333 0.125 3729
0.125 0.125 4047
0.16666666666666666 0.125 3892
0.20833333333333331 0.125 3920
0.25 0.125 3879
0.29166666666666663 0.125 3809
0.3333333333333333 0.125 3751
0.375 0.125 3741
0.41666666666666663 0.125 3749
0.4583333333333333 0.125 3691
0.5 0.125 3559
0.5416666666666666 0.125 3365
0.5833333333333333 0.125 3378
0.625 0.125 3238
0.6666666666666666 0.125 3063
0.7083333333333333 0.125 3343
0.75 0.125 2821
0.7916666666666666 0.125 2931
0.8333333333333333 0.125 2530
0.875 0.125 2329
0.9166666666666666 0.125 1709
0.9583333333333333 0.125 965
1.0 0.125 3299
0.0 0.14583333333333331 3793
0.041666666666666664 0.14583333333333331 4110
0.08333333333333333 0.14583333333333331 3999
0.125 0.14583333333333331 3994
0.16666666666666666 0.14583333333333331 3942
0.20833333333333331 0.14583333333333331 3649
0.25 0.14583333333333331 3765
0.29166666666666663 0.14583333333333331 3816
0.3333333333333333 0.14583333333333331 3615
0.375 0.14583333333333331 3844
0.41666666666666663 0.14583333333333331 3594
0.4583333333333333 0.14583333333333331 3504
0.5 0.14583333333333331 3536
0.5416666666666666 0.14583333333333331 3486
0.5833333333333333 0.14583333333333331 3614
0.625 0.14583333333333331 3281
0.6666666666666666 0.14583333333333331 3209
0.7083333333333333 0.14583333333333331 3359
0.75 0.14583333333333331 3359
0.7916666666666666 0.14583333333333331 2683
0.8333333333333333 0.14583333333333331 2903
0.875 0.14583333333333331 2147
0.9166666666666666 0.14583333333333331 2534
0.9583333333333333 0.14583333333333331 1351
1.0 0.14583333333333331 3006
0.0 0.16666666666666666 3927
0.041666666666666664 0.16666666666666666 3786
0.08333333333333333 0.16666666666666666 3909
0.125 0.16666666666666666 4006
0.16666666666666666 0.16666666666666666 3828
0.20833333333333331 0.16666666666666666 3726
0.25 0.16666666666666666 3901
0.29166666666666663 0.16666666666666666 3823
0.3333333333333333 0.16666666666666666 3865
0.375 0.16666666666666666 3729
0.41666666666666663 0.16666666666666666 3780
0.4583333333333333 0.16666666666666666 3670
0.5 0.16666666666666666 3549
0.5416666666666666 0.16666666666666666 3478
0.5833333333333333 0.16666666666666666 3316
0.625 0.16666666666666666 3452
0.6666666666666666 0.16666666666666666 3234
0.7083333333333333 0.16666666666666666 3079
0.75 0.16666666666666666 2910
0.7916666666666666 0.16666666666666666 3057
0.8333333333333333 0.16666666666666666 2848
0.875 0.16666666666666666 3341
0.9166666666666666 0.16666666666666666 3429
0.9583333333333333 0.16666666666666666 2295
1.0 0.16666666666666666 3329
0.0 0.1875 3713
0.041666666666666664 0.1875 4059
0.08333333333333333 0.1875 4020
0.125 0.1875 4001
0.16666666666666666 0.1875 3695
0.20833333333333331 0.1875 3934
0.25 0.1875 3793
0.29166666666666663 0.1875 3792
0.3333333333333333 0.1875 3826
0.375 0.1875 3795
0.41666666666666663 0.1875 3692
0.4583333333333333 0.1875 3751
0.5 0.1875 3632
0.5416666666666666 0.1875 3614
0.5833333333333333 0.1875 3387
0.625 0.1875 3461
0.6666666666666666 0.1875 3269
0.7083333333333333 0.1875 3059
0.75 0.1875 3125
0.7916666666666666 0.1875 3377
0.8333333333333333 0.1875 3337
0.875 0.1875 2400
0.9166666666666666 0.1875 3583
0.9583333333333333 0.1875 1895
1.0 0.1875 3311
0.0 0.20833333333333331 4122
0.041666666666666664 0.20833333333333331 3953
0.08333333333333333 0.20833333333333331 3835
0.125 0.20833333333333331 3741
0.16666666666666666 0.20833333333333331 3868
0.20833333333333331 0.20833333333333331 3906
0.25 0.20833333333333331 3831
0.29166666666666663 0.20833333333333331 3889
0.3333333333333333 0.20833333333333331 3753
0.375 0.20833333333333331 3644
0.41666666666666663 0.20833333333333331 3823
0.4583333333333333 0.20833333333333331 3634
0.5 0.20833333333333331 3669
0.5416666666666666 0.20833333333333331 3334
0.5833333333333333 0.20833333333333331 3539
0.625 0.20833333333333331 3428
0.6666666666666666 0.20833333333333331 3799
0.7083333333333333 0.20833333333333331 3106
0.75 0.20833333333333331 3173
0.7916666666666666 0.20833333333333331 3076
0.8333333333333333 0.20833333333333331 2485
0.875 0.20833333333333331 3348
0.9166666666666666 0.20833333333333331 1818
0.9583333333333333 0.20833333333333331 3734
1.0 0.20833333333333331 3725
0.0 0.22916666666666666 4080
0.041666666666666664 0.22916666666666666 3772
0.08333333333333333 0.22916666666666666 4006
0.125 0.22916666666666666 4038
0.16666666666666666 0.22916666666666666 3743
0.20833333333333331 0.22916666666666666 3696
0.25 0.22916666666666666 3865
0.29166666666666663 0.22916666666666666 3881
0.3333333333333333 0.22916666666666666 3899
0.375 0.22916666666666666 3617
0.41666666666666663 0.22916666666666666 3776
0.4583333333333333 0.22916666666666666 3733
0.5 0.22916666666666666 3426
0.5416666666666666 0.22916666666666666 3699
0.5833333333333333 0.22916666666666666 3280
0.625 0.22916666666666666 3861
0.6666666666666666 0.22916666666666666 3906
0.7083333333333333 0.22916666666666666 3030
0.75 0.22916666666666666 2993
0.7916666666666666 0.22916666666666666 3417
0.8333333333333333 0.22916666666666666 2871
0.875 0.22916666666666666 2268
0.9166666666666666 0.22916666666666666 3611
0.9583333333333333 0.22916666666666666 2910
1.0 0.22916666666666666 1155
0.0 0.25 4056
0.041666666666666664 0.25 4064
0.08333333333333333 0.25 3837
0.125 0.25 3948
0.16666666666666666 0.25 3716
0.20833333333333331 0.25 3926
0.25 0.25 3899
0.29166666666666663 0.25 3724
0.3333333333333333 0.25 3863
0.375 0.25 3652
0.41666666666666663 0.25 3720
0.4583333333333333 0.25 3503
0.5 0.25 3777
0.5416666666666666 0.25 3665
0.5833333333333333 0.25 3441
0.625 0.25 3644
0.6666666666666666 0.25 3419
0.7083333333333333 0.25 3672
0.75 0.25 3613
0.7916666666666666 0.25 2730
0.8333333333333333 0.25 2538
0.875 0.25 2587
0.9166666666666666 0.25 2619
0.9583333333333333 0.25 3672
1.0 0.25 3362
0.0 0.2708333333333333 4122
0.041666666666666664 0.2708333333333333 3936
0.08333333333333333 0.2708333333333333 4046
0.125 0.2708333333333333 1
0.16666666666666666 0.2708333333333333 3908
0.20833333333333331 0.2708333333333333 3774
0.25 0.2708333333333333 3769
0.29166666666666663 0.2708333333333333 3887
0.3333333333333333 0.2708333333333333 3983
0.375 0.2708333333333333 3801
0.41666666666666663 0.2708333333333333 3681
0.4583333333333333 0.2708333333333333 3776
0.5 0.2708333333333333 3668
0.5416666666666666 0.2708333333333333 3518
0.5833333333333333 0.2708333333333333 3745
0.625 0.2708333333333333 3433
0.6666666666666666 0.2708333333333333 3553
0.7083333333333333 0.2708333333333333 3189
0.75 0.2708333333333333 3215
0.7916666666666666 0.2708333333333333 3090
0.8333333333333333 0.2708333333333333 2608
0.875 0.2708333333333333 3752
0.9166666666666666 0.2708333333333333 2403
0.9583333333333333 0.2708333333333333 3588
1.0 0.2708333333333333 3959
0.0 0.29166666666666663 4082
0.041666666666666664 0.29166666666666663 4080
0.08333333333333333 0.29166666666666663 3850
0.125 0.29166666666666663 4013
0.16666666666666666 0.29166666666666663 3821
0.20833333333333331 0.29166666666666663 3869
0.25 0.29166666666666663 4049
0.29166666666666663 0.29166666666666663 3867
0.3333333333333333 0.29166666666666663 3807
0.375 0.29166666666666663 3628
0.41666666666666663 0.29166666666666663 3777
0.4583333333333333 0.29166666666666663 3785
0.5 0.29166666666666663 3918
0.5416666666666666 0.29166666666666663 3593
0.5833333333333333 0.29166666666666663 3574
0.625 0.29166666666666663 4108
0.6666666666666666 0.29166666666666663 3812
0.7083333333333333 0.29166666666666663 3092
0.75 0.29166666666666663 3008
0.7916666666666666 0.29166666666666663 3893
0.8333333333333333 0.29166666666666663 3904
0.875 0.29166666666666663 3794
0.9166666666666666 0.29166666666666663 4026
0.9583333333333333 0.29166666666666663 1963
1.0 0.29166666666666663 3763
0.0 0.3125 4029
0.041666666666666664 0.3125 4076
0.08333333333333333 0.3125 3941
0.125 0.3125 3740
0.16666666666666666 0.3125 3883
0.20833333333333331 0.3125 3771
0.25 0.3125 3864
0.29166666666666663 0.3125 3805
0.3333333333333333 0.3125 3999
0.375 0.3125 3742
0.41666666666666663 0.3125 3763
0.4583333333333333 0.3125 4085
0.5 0.3125 4079
0.5416666666666666 0.3125 3384
0.5833333333333333 0.3125 3501
0.625 0.3125 3368
0.6666666666666666 0.3125 4101
0.7083333333333333 0.3125 3574
0.75 0.3125 4003
0.7916666666666666 0.3125 3600
0.8333333333333333 0.3125 3922
0.875 0.3125 2529
0.9166666666666666 0.3125 2603
0.9583333333333333 0.3125 1619
1.0 0.3125 3929
0.0 0.3333333333333333 4095
0.041666666666666664 0.3333333333333333 3978
0.08333333333333333 0.3333333333333333 4041
0.125 0.3333333333333333 3861
0.16666666666666666 0.3333333333333333 3978
0.20833333333333331 0.3333333333333333 3889
0.25 0.3333333333333333 3780
0.29166666666666663 0.3333333333333333 1
0.3333333333333333 0.3333333333333333 3965
0.375 0.3333333333333333 3882
0.41666666666666663 0.3333333333333333 3756
0.4583333333333333 0.3333333333333333 3864
0.5 0.3333333333333333 3648
0.5416666666666666 0.3333333333333333 3675
0.5833333333333333 0.3333333333333333 3475
0.625 0.3333333333333333 3974
0.6666666666666666 0.3333333333333333 3316
0.7083333333333333 0.3333333333333333 3701
0.75 0.3333333333333333 4002
0.7916666666666666 0.3333333333333333 3610
0.8333333333333333 0.3333333333333333 2600
0.875 0.3333333333333333 4026
0.9166666666666666 0.3333333333333333 2206
0.9583333333333333 0.3333333333333333 2634
1.0 0.3333333333333333 3419
0.0 0.35416666666666663 4125
0.041666666666666664 0.35416666666666663 3971
0.08333333333333333 0.35416666666666663 4024
0.125 0.35416666666666663 3968
0.16666666666666666 0.35416666666666663 3935
0.20833333333333331 0.35416666666666663 3890
0.25 0.35416666666666663 3805
0.29166666666666663 0.35416666666666663 3880
0.3333333333333333 0.35416666666666663 3818
0.375 0.35416666666666663 3810
0.41666666666666663 0.35416666666666663 3669
0.4583333333333333 0.35416666666666663 3759
0.5 0.35416666666666663 3661
0.5416666666666666 0.35416666666666663 3596
0.5833333333333333 0.35416666666666663 3965
0.625 0.35416666666666663 3190
0.6666666666666666 0.35416666666666663 3194
0.7083333333333333 0.35416666666666663 4039
0.75 0.35416666666666663 3485
0.7916666666666666 0.35416666666666663 3687
0.8333333333333333 0.35416666666666663 2644
0.875 0.35416666666666663 2608
0.9166666666666666 0.35416666666666663 3985
0.9583333333333333 0.35416666666666663 3903
1.0 0.35416666666666663 3659
0.0 0.375 3836
0.041666666666666664 0.375 3973
0.08333333333333333 0.375 4005
0.125 0.375 3726
0.16666666666666666 0.375 3926
0.20833333333333331 0.375 3924
0.25 0.375 3863
0.29166666666666663 0.375 3845
0.3333333333333333 0.375 3905
0.375 0.375 3747
0.41666666666666663 0.375 3796
0.4583333333333333 0.375 3745
0.5 0.375 3639
0.5416666666666666 0.375 3567
0.5833333333333333 0.375 3819
0.625 0.375 3926
0.6666666666666666 0.375 3387
0.7083333333333333 0.375 3385
0.75 0.375 3209
0.7916666666666666 0.375 3034
0.8333333333333333 0.375 4057
0.875 0.375 3779
0.9166666666666666 0.375 3911
0.9583333333333333 0.375 3896
1.0 0.375 2601
0.0 0.3958333333333333 4050
0.041666666666666664 0.3958333333333333 3866
0.08333333333333333 0.3958333333333333 4093
0.125 0.3958333333333333 3828
0.16666666666666666 0.3958333333333333 3970
0.20833333333333331 0.3958333333333333 3721
0.25 0.3958333333333333 3908
0.29166666666666663 0.3958333333333333 3858
0.3333333333333333 0.3958333333333333 3851
0.375 0.3958333333333333 4025
0.41666666666666663 0.3958333333333333 3650
0.4583333333333333 0.3958333333333333 3720
0.5 0.3958333333333333 3654
0.5416666666666666 0.3958333333333333 3657
0.5833333333333333 0.3958333333333333 4105
0.625 0.3958333333333333 4106
0.6666666666666666 0.3958333333333333 3413
0.7083333333333333 0.3958333333333333 3538
0.75 0.3958333333333333 3875
0.7916666666666666 0.3958333333333333 3184
0.8333333333333333 0.3958333333333333 4049
0.875 0.3958333333333333 3399
0.9166666666666666 0.3958333333333333 3926
0.9583333333333333 0.3958333333333333 3086
1.0 0.3958333333333333 2883
0.0 0.41666666666666663 3738
0.041666666666666664 0.41666666666666663 3849
0.08333333333333333 0.41666666666666663 3821
0.125 0.41666666666666663 4018
0.16666666666666666 0.41666666666666663 4053
0.20833333333333331 0.41666666666666663 3797
0.25 0.41666666666666663 4063
0.29166666666666663 0.41666666666666663 3890
0.3333333333333333 0.41666666666666663 4075
0.375 0.41666666666666663 4081
0.41666666666666663 0.41666666666666663 3659
0.4583333333333333 0.41666666666666663 4096
0.5 0.41666666666666663 3694
0.5416666666666666 0.41666666666666663 3868
0.5833333333333333 0.41666666666666663 3417
0.625 0.41666666666666663 3377
0.6666666666666666 0.41666666666666663 3742
0.7083333333333333 0.41666666666666663 4077
0.75 0.41666666666666663 4173
0.7916666666666666 0.41666666666666663 3815
0.8333333333333333 0.41666666666666663 3452
0.875 0.41666666666666663 2698
0.9166666666666666 0.41666666666666663 3527
0.9583333333333333 0.41666666666666663 3980
1.0 0.41666666666666663 3694
0.0 0.4375 4068
0.041666666666666664 0.4375 3998
0.08333333333333333 0.4375 4083
0.125 0.4375 3754
0.16666666666666666 0.4375 3874
0.20833333333333331 0.4375 3907
0.25 0.4375 3994
0.29166666666666663 0.4375 3929
0.3333333333333333 0.4375 4010
0.375 0.4375 3771
0.41666666666666663 0.4375 3712
0.4583333333333333 0.4375 4056
0.5 0.4375 3665
0.5416666666666666 0.4375 3607
0.5833333333333333 0.4375 3501
0.625 0.4375 4005
0.6666666666666666 0.4375 3358
0.7083333333333333 0.4375 3970
0.75 0.4375 3196
0.7916666666666666 0.4375 3605
0.8333333333333333 0.4375 4078
0.875 0.4375 2761
0.9166666666666666 0.4375 3458
0.9583333333333333 0.4375 2526
1.0 0.4375 3883
0.0 0.4583333333333333 4107
0.041666666666666664 0.4583333333333333 3924
0.08333333333333333 0.4583333333333333 4096
0.125 0.4583333333333333 3801
0.16666666666666666 0.4583333333333333 4100
0.20833333333333331 0.4583333333333333 4128
0.25 0.4583333333333333 3982
0.29166666666666663 0.4583333333333333 4109
0.3333333333333333 0.4583333333333333 3765
0.375 0.4583333333333333 4085
0.41666666666666663 0.4583333333333333 4088
0.4583333333333333 0.4583333333333333 3956
0.5 0.4583333333333333 4098
0.5416666666666666 0.4583333333333333 3657
0.5833333333333333 0.4583333333333333 4084
0.625 0.4583333333333333 3481
0.6666666666666666 0.4583333333333333 3415
0.7083333333333333 0.4583333333333333 4107
0.75 0.4583333333333333 3119
0.7916666666666666 0.4583333333333333 4100
0.8333333333333333 0.4583333333333333 3470
0.875 0.4583333333333333 3604
0.9166666666666666 0.4583333333333333 3799
0.9583333333333333 0.4583333333333333 4040
1.0 0.4583333333333333 3654
0.0 0.47916666666666663 4089
0.041666666666666664 0.47916666666666663 3745
0.08333333333333333 0.47916666666666663 3962
0.125 0.47916666666666663 3950
0.16666666666666666 0.47916666666666663 3742
0.20833333333333331 0.47916666666666663 4066
0.25 0.47916666666666663 3991
0.29166666666666663 0.47916666666666663 3831
0.3333333333333333 0.47916666666666663 3771
0.375 0.47916666666666663 3689
0.41666666666666663 0.47916666666666663 3755
0.4583333333333333 0.47916666666666663 3695
0.5 0.47916666666666663 3640
0.5416666666666666 0.47916666666666663 3849
0.5833333333333333 0.47916666666666663 3589
0.625 0.47916666666666663 3501
0.6666666666666666 0.47916666666666663 3803
0.7083333333333333 0.47916666666666663 4038
0.75 0.47916666666666663 3310
0.7916666666666666 0.47916666666666663 3557
0.8333333333333333 0.47916666666666663 2873
0.875 0.47916666666666663 4092
0.9166666666666666 0.47916666666666663 4111
0.9583333333333333 0.47916666666666663 3649
1.0 0.47916666666666663 3278
0.0 0.5 4071
0.041666666666666664 0.5 3838
0.08333333333333333 0.5 3877
0.125 0.5 3849
0.16666666666666666 0.5 3751
0.20833333333333331 0.5 3971
0.25 0.5 3849
0.29166666666666663 0.5 3815
0.3333333333333333 0.5 3707
0.375 0.5 3985
0.41666666666666663 0.5 3970
0.4583333333333333 0.5 4073
0.5 0.5 4074
0.5416666666666666 0.5 3617
0.5833333333333333 0.5 3765
0.625 0.5 3483
0.6666666666666666 0.5 3279
0.7083333333333333 0.5 3275
0.75 0.5 4093
0.7916666666666666 0.5 3967
0.8333333333333333 0.5 2879
0.875 0.5 3330
0.9166666666666666 0.5 4089
0.9583333333333333 0.5 3707
1.0 0.5 2637
