0.0 0.0 4118
0.041666666666666664 0.0 3728
0.08333333333333333 0.0 3982
0.125 0.0 3718
0.16666666666666666 0.0 3881
0.20833333333333331 0.0 3916
0.25 0.0 3615
0.29166666666666663 0.0 3858
0.3333333333333333 0.0 3738
0.375 0.0 3649
0.41666666666666663 0.0 3473
0.4583333333333333 0.0 3448
0.5 0.0 3510
0.5416666666666666 0.0 3451
0.5833333333333333 0.0 3365
0.625 0.0 3204
0.6666666666666666 0.0 3083
0.7083333333333333 0.0 2961
0.75 0.0 2747
0.7916666666666666 0.0 2625
0.8333333333333333 0.0 2314
0.875 0.0 2034
0.9166666666666666 0.0 1
0.9583333333333333 0.0 653
1.0 0.0 1
0.0 0.020833333333333332 4097
0.041666666666666664 0.020833333333333332 3787
0.08333333333333333 0.020833333333333332 3846
0.125 0.020833333333333332 4038
0.16666666666666666 0.020833333333333332 3787
0.20833333333333331 0.020833333333333332 3699
0.25 0.020833333333333332 3691
0.29166666666666663 0.020833333333333332 3851
0.3333333333333333 0.020833333333333332 3752
0.375 0.020833333333333332 3678
0.41666666666666663 0.020833333333333332 3620
0.4583333333333333 0.020833333333333332 3542
0.5 0.020833333333333332 3484
0.5416666666666666 0.020833333333333332 3480
0.5833333333333333 0.020833333333333332 3383
0.625 0.020833333333333332 3222
0.6666666666666666 0.020833333333333332 3068
0.7083333333333333 0.020833333333333332 2979
0.75 0.020833333333333332 2952
0.7916666666666666 0.020833333333333332 2654
0.8333333333333333 0.020833333333333332 2437
0.875 0.020833333333333332 2057
0.9166666666666666 0.020833333333333332 1454
0.9583333333333333 0.020833333333333332 758
1.0 0.020833333333333332 248
0.0 0.041666666666666664 4006
0.041666666666666664 0.041666666666666664 4108
0.08333333333333333 0.041666666666666664 4063
0.125 0.041666666666666664 3785
0.16666666666666666 0.041666666666666664 3940
0.20833333333333331 0.041666666666666664 3812
0.25 0.041666666666666664 3604
0.29166666666666663 0.041666666666666664 3816
0.3333333333333333 0.041666666666666664 3651
0.375 0.041666666666666664 3679
0.41666666666666663 0.041666666666666664 3520
0.4583333333333333 0.041666666666666664 3588
0.5 0.041666666666666664 3608
0.5416666666666666 0.041666666666666664 3416
0.5833333333333333 0.041666666666666664 3255
0.625 0.041666666666666664 3196
0.6666666666666666 0.041666666666666664 3111
0.7083333333333333 0.041666666666666664 3007
0.75 0.041666666666666664 2860
0.7916666666666666 0.041666666666666664 2617
0.8333333333333333 0.041666666666666664 2423
0.875 0.041666666666666664 2038
0.9166666666666666 0.041666666666666664 1809
0.9583333333333333 0.041666666666666664 852
1.0 0.041666666666666664 883
0.0 0.0625 4120
0.041666666666666664 0.0625 3843
0.08333333333333333 0.0625 3956
0.125 0.0625 4055
0.16666666666666666 0.0625 3709
0.20833333333333331 0.0625 3897
0.25 0.0625 3769
0.29166666666666663 0.0625 3883
0.3333333333333333 0.0625 3766
0.375 0.0625 3784
0.41666666666666663 0.0625 3707
0.4583333333333333 0.0625 3547
0.5 0.0625 3415
0.5416666666666666 0.0625 3496
0.5833333333333333 0.0625 3230
0.625 0.0625 3304
0.6666666666666666 0.0625 3109
0.7083333333333333 0.0625 3261
0.75 0.0625 2944
0.7916666666666666 0.0625 2916
0.8333333333333333 0.0625 2372
0.875 0.0625 2072
0.9166666666666666 0.0625 1760
0.9583333333333333 0.0625 1732
1.0 0.0625 348
0.0 0.08333333333333333 3936
0.041666666666666664 0.08333333333333333 3961
0.08333333333333333 0.08333333333333333 3917
0.125 0.08333333333333333 3902
0.16666666666666666 0.08333333333333333 3849
0.20833333333333331 0.08333333333333333 3905
0.25 0.08333333333333333 3894
0.29166666666666663 0.08333333333333333 3731
0.3333333333333333 0.08333333333333333 3849
0.375 0.08333333333333333 3734
0.41666666666666663 0.08333333333333333 3610
0.4583333333333333 0.08333333333333333 3504
0.5 0.08333333333333333 3595
0.5416666666666666 0.08333333333333333 3485
0.5833333333333333 0.08333333333333333 3336
0.625 0.08333333333333333 3232
0.6666666666666666 0.08333333333333333 3087
0.7083333333333333 0.08333333333333333 3022
0.75 0.08333333333333333 3090
0.7916666666666666 0.08333333333333333 2665
0.8333333333333333 0.08333333333333333 2562
0.875 0.08333333333333333 2224
0.9166666666666666 0.08333333333333333 2308
0.9583333333333333 0.08333333333333333 1115
1.0 0.08333333333333333 703
0.0 0.10416666666666666 3916
0.041666666666666664 0.10416666666666666 4061
0.08333333333333333 0.10416666666666666 4041
0.125 0.10416666666666666 4038
0.16666666666666666 0.10416666666666666 3882
0.20833333333333331 0.10416666666666666 3755
0.25 0.10416666666666666 3691
0.29166666666666663 0.10416666666666666 3543
0.3333333333333333 0.10416666666666666 3776
0.375 0.10416666666666666 3623
0.41666666666666663 0.10416666666666666 3730
0.4583333333333333 0.10416666666666666 3721
0.5 0.10416666666666666 3509
0.5416666666666666 0.10416666666666666 3513
0.5833333333333333 0.10416666666666666 3432
0.625 0.10416666666666666 3284
0.6666666666666666 0.10416666666666666 3208
0.7083333333333333 0.10416666666666666 2898
0.75 0.10416666666666666 3163
0.7916666666666666 0.10416666666666666 2677
0.8333333333333333 0.10416666666666666 2632
0.875 0.10416666666666666 2408
0.9166666666666666 0.10416666666666666 2698
0.9583333333333333 0.10416666666666666 2546
1.0 0.10416666666666666 640
0.0 0.125 3764
0.041666666666666664 0.125 3835
0.08333333333333333 0.125 4070
0.125 0.125 4027
0.16666666666666666 0.125 3831
0.20833333333333331 0.125 3772
0.25 0.125 3641
0.29166666666666663 0.125 3659
0.3333333333333333 0.125 3565
0.375 0.125 3706
0.41666666666666663 0.125 3606
0.4583333333333333 0.125 3712
0.5 0.125 3492
0.5416666666666666 0.125 1
0.5833333333333333 0.125 3474
0.625 0.125 3538
0.6666666666666666 0.125 3137
0.7083333333333333 0.125 3093
0.75 0.125 2920
0.7916666666666666 0.125 2608
0.8333333333333333 0.125 2394
0.875 0.125 2359
0.9166666666666666 0.125 2011
0.9583333333333333 0.125 1167
1.0 0.125 2875
0.0 0.14583333333333331 4085
0.041666666666666664 0.14583333333333331 3763
0.08333333333333333 0.14583333333333331 3885
0.125 0.14583333333333331 3983
0.16666666666666666 0.14583333333333331 3970
0.20833333333333331 0.14583333333333331 3783
0.25 0.14583333333333331 3996
0.29166666666666663 0.14583333333333331 3877
0.3333333333333333 0.14583333333333331 3752
0.375 0.14583333333333331 3863
0.41666666666666663 0.14583333333333331 3644
0.4583333333333333 0.14583333333333331 3554
0.5 0.14583333333333331 3517
0.5416666666666666 0.14583333333333331 3450
0.5833333333333333 0.14583333333333331 3584
0.625 0.14583333333333331 3314
0.6666666666666666 0.14583333333333331 3183
0.7083333333333333 0.14583333333333331 3082
0.75 0.14583333333333331 3333
0.7916666666666666 0.14583333333333331 3389
0.8333333333333333 0.14583333333333331 2378
0.875 0.14583333333333331 2170
0.9166666666666666 0.14583333333333331 1957
0.9583333333333333 0.14583333333333331 2876
1.0 0.14583333333333331 816
0.0 0.16666666666666666 4091
0.041666666666666664 0.16666666666666666 3816
0.08333333333333333 0.16666666666666666 3864
0.125 0.16666666666666666 3710
0.16666666666666666 0.16666666666666666 3771
0.20833333333333331 0.16666666666666666 3603
0.25 0.16666666666666666 3749
0.29166666666666663 0.16666666666666666 3779
0.3333333333333333 0.16666666666666666 3766
0.375 0.16666666666666666 3791
0.41666666666666663 0.16666666666666666 3765
0.4583333333333333 0.16666666666666666 3524
0.5 0.16666666666666666 3671
0.5416666666666666 0.16666666666666666 3514
0.5833333333333333 0.16666666666666666 3549
0.625 0.16666666666666666 3514
0.6666666666666666 0.16666666666666666 3320
0.7083333333333333 0.16666666666666666 3423
0.75 0.16666666666666666 2968
0.7916666666666666 0.16666666666666666 3444
0.8333333333333333 0.16666666666666666 3647
0.875 0.16666666666666666 2092
0.9166666666666666 0.16666666666666666 1710
0.9583333333333333 0.16666666666666666 1510
1.0 0.16666666666666666 3095
0.0 0.1875 3875
0.041666666666666664 0.1875 3891
0.08333333333333333 0.1875 3957
0.125 0.1875 4062
0.16666666666666666 0.1875 3806
0.20833333333333331 0.1875 3708
0.25 0.1875 3883
0.29166666666666663 0.1875 3852
0.3333333333333333 0.1875 3781
0.375 0.1875 3725
0.41666666666666663 0.1875 3791
0.4583333333333333 0.1875 3494
0.5 0.1875 3698
0.5416666666666666 0.1875 3614
0.5833333333333333 0.1875 3413
0.625 0.1875 3469
0.6666666666666666 0.1875 3223
0.7083333333333333 0.1875 3081
0.75 0.1875 3759
0.7916666666666666 0.1875 3575
0.8333333333333333 0.1875 3828
0.875 0.1875 2285
0.9166666666666666 0.1875 1860
0.9583333333333333 0.1875 1328
1.0 0.1875 3418
0.0 0.20833333333333331 3926
0.041666666666666664 0.20833333333333331 4017
0.08333333333333333 0.20833333333333331 3888
0.125 0.20833333333333331 3779
0.16666666666666666 0.20833333333333331 3941
0.20833333333333331 0.20833333333333331 3732
0.25 0.20833333333333331 3928
0.29166666666666663 0.20833333333333331 3669
0.3333333333333333 0.20833333333333331 3767
0.375 0.20833333333333331 3570
0.41666666666666663 0.20833333333333331 3770
0.4583333333333333 0.20833333333333331 3615
0.5 0.20833333333333331 3492
0.5416666666666666 0.20833333333333331 3435
0.5833333333333333 0.20833333333333331 3594
0.625 0.20833333333333331 3351
0.6666666666666666 0.20833333333333331 3209
0.7083333333333333 0.20833333333333331 3573
0.75 0.20833333333333331 2959
0.7916666666666666 0.20833333333333331 3576
0.8333333333333333 0.20833333333333331 2515
0.875 0.20833333333333331 3494
0.9166666666666666 0.20833333333333331 2837
0.9583333333333333 0.20833333333333331 1608
1.0 0.20833333333333331 2124
0.0 0.22916666666666666 3977
0.041666666666666664 0.22916666666666666 4061
0.08333333333333333 0.22916666666666666 4071
0.125 0.22916666666666666 4049
0.16666666666666666 0.22916666666666666 3797
0.20833333333333331 0.22916666666666666 3746
0.25 0.22916666666666666 3924
0.29166666666666663 0.22916666666666666 3704
0.3333333333333333 0.22916666666666666 3899
0.375 0.22916666666666666 3680
0.41666666666666663 0.22916666666666666 3708
0.4583333333333333 0.22916666666666666 3456
0.5 0.22916666666666666 3629
0.5416666666666666 0.22916666666666666 3561
0.5833333333333333 0.22916666666666666 3308
0.625 0.22916666666666666 3385
0.6666666666666666 0.22916666666666666 3292
0.7083333333333333 0.22916666666666666 3262
0.75 0.22916666666666666 2908
0.7916666666666666 0.22916666666666666 2744
0.8333333333333333 0.22916666666666666 2780
0.875 0.22916666666666666 2851
0.9166666666666666 0.22916666666666666 2607
0.9583333333333333 0.22916666666666666 2528
1.0 0.22916666666666666 2473
0.0 0.25 4017
0.041666666666666664 0.25 3695
0.08333333333333333 0.25 4016
0.125 0.25 3876
0.16666666666666666 0.25 4002
0.20833333333333331 0.25 3693
0.25 0.25 3798
0.29166666666666663 0.25 3786
0.3333333333333333 0.25 3640
0.375 0.25 3628
0.41666666666666663 0.25 3490
0.4583333333333333 0.25 3645
0.5 0.25 3554
0.5416666666666666 0.25 3624
0.5833333333333333 0.25 3401
0.625 0.25 3506
0.6666666666666666 0.25 3480
0.7083333333333333 0.25 3938
0.75 0.25 2924
0.7916666666666666 0.25 2962
0.8333333333333333 0.25 2457
0.875 0.25 2212
0.9166666666666666 0.25 3608
0.9583333333333333 0.25 3555
1.0 0.25 1565
0.0 0.2708333333333333 4013
0.041666666666666664 0.2708333333333333 4026
0.08333333333333333 0.2708333333333333 3980
0.125 0.2708333333333333 3754
0.16666666666666666 0.2708333333333333 3950
0.20833333333333331 0.2708333333333333 4007
0.25 0.2708333333333333 3796
0.29166666666666663 0.2708333333333333 3873
0.3333333333333333 0.2708333333333333 3740
0.375 0.2708333333333333 3673
0.41666666666666663 0.2708333333333333 3671
0.4583333333333333 0.2708333333333333 3659
0.5 0.2708333333333333 3624
0.5416666666666666 0.2708333333333333 3889
0.5833333333333333 0.2708333333333333 3367
0.625 0.2708333333333333 3505
0.6666666666666666 0.2708333333333333 3552
0.7083333333333333 0.2708333333333333 3057
0.75 0.2708333333333333 3722
0.7916666666666666 0.2708333333333333 2691
0.8333333333333333 0.2708333333333333 3000
0.875 0.2708333333333333 2328
0.9166666666666666 0.2708333333333333 3438
0.9583333333333333 0.2708333333333333 4033
1.0 0.2708333333333333 3843
0.0 0.29166666666666663 4002
0.041666666666666664 0.29166666666666663 3802
0.08333333333333333 0.29166666666666663 3947
0.125 0.29166666666666663 3852
0.16666666666666666 0.29166666666666663 3965
0.20833333333333331 0.29166666666666663 3743
0.25 0.29166666666666663 3817
0.29166666666666663 0.29166666666666663 3898
0.3333333333333333 0.29166666666666663 3783
0.375 0.29166666666666663 3750
0.41666666666666663 0.29166666666666663 3766
0.4583333333333333 0.29166666666666663 3681
0.5 0.29166666666666663 3750
0.5416666666666666 0.29166666666666663 3861
0.5833333333333333 0.29166666666666663 3279
0.625 0.29166666666666663 3981
0.6666666666666666 0.29166666666666663 3969
0.7083333333333333 0.29166666666666663 4003
0.75 0.29166666666666663 3686
0.7916666666666666 0.29166666666666663 3722
0.8333333333333333 0.29166666666666663 2553
0.875 0.29166666666666663 2320
0.9166666666666666 0.29166666666666663 3491
0.9583333333333333 0.29166666666666663 1736
1.0 0.29166666666666663 3343
0.0 0.3125 3954
0.041666666666666664 0.3125 4044
0.08333333333333333 0.3125 3722
0.125 0.3125 3902
0.16666666666666666 0.3125 3966
0.20833333333333331 0.3125 3795
0.25 0.3125 3925
0.29166666666666663 0.3125 3974
0.3333333333333333 0.3125 3853
0.375 0.3125 3695
0.41666666666666663 0.3125 3929
0.4583333333333333 0.3125 3631
0.5 0.3125 3620
0.5416666666666666 0.3125 3923
0.5833333333333333 0.3125 3512
0.625 0.3125 3628
0.6666666666666666 0.3125 3369
0.7083333333333333 0.3125 3254
0.75 0.3125 4036
0.7916666666666666 0.3125 4054
0.8333333333333333 0.3125 2964
0.875 0.3125 3831
0.9166666666666666 0.3125 3475
0.9583333333333333 0.3125 2998
1.0 0.3125 2491
0.0 0.3333333333333333 3977
0.041666666666666664 0.3333333333333333 4004
0.08333333333333333 0.3333333333333333 3943
0.125 0.3333333333333333 4075
0.16666666666666666 0.3333333333333333 3789
0.20833333333333331 0.3333333333333333 3819
0.25 0.3333333333333333 3691
0.29166666666666663 0.3333333333333333 3944
0.3333333333333333 0.3333333333333333 3961
0.375 0.3333333333333333 4070
0.41666666666666663 0.3333333333333333 3913
0.4583333333333333 0.3333333333333333 3732
0.5 0.3333333333333333 3634
0.5416666666666666 0.3333333333333333 3626
0.5833333333333333 0.3333333333333333 3578
0.625 0.3333333333333333 3270
0.6666666666666666 0.3333333333333333 3908
0.7083333333333333 0.3333333333333333 3371
0.75 0.3333333333333333 3281
0.7916666666666666 0.3333333333333333 3374
0.8333333333333333 0.3333333333333333 4062
0.875 0.3333333333333333 4084
0.9166666666666666 0.3333333333333333 3773
0.9583333333333333 0.3333333333333333 3611
1.0 0.3333333333333333 3332
0.0 0.35416666666666663 3958
0.041666666666666664 0.35416666666666663 4062
0.08333333333333333 0.35416666666666663 3785
0.125 0.35416666666666663 3970
0.16666666666666666 0.35416666666666663 4111
0.20833333333333331 0.35416666666666663 3923
0.25 0.35416666666666663 3729
0.29166666666666663 0.35416666666666663 3962
0.3333333333333333 0.35416666666666663 3866
0.375 0.35416666666666663 3802
0.41666666666666663 0.35416666666666663 1
0.4583333333333333 0.35416666666666663 3714
0.5 0.35416666666666663 3658
0.5416666666666666 0.35416666666666663 3751
0.5833333333333333 0.35416666666666663 3449
0.625 0.35416666666666663 3783
0.6666666666666666 0.35416666666666663 3886
0.7083333333333333 0.35416666666666663 3660
0.75 0.35416666666666663 4046
0.7916666666666666 0.35416666666666663 4103
0.8333333333333333 0.35416666666666663 3034
0.875 0.35416666666666663 3855
0.9166666666666666 0.35416666666666663 2754
0.9583333333333333 0.35416666666666663 3595
1.0 0.35416666666666663 3394
0.0 0.375 3876
0.041666666666666664 0.375 3793
0.08333333333333333 0.375 4038
0.125 0.375 3716
0.16666666666666666 0.375 4032
0.20833333333333331 0.375 3878
0.25 0.375 3946
0.29166666666666663 0.375 3930
0.3333333333333333 0.375 4004
0.375 0.375 3738
0.41666666666666663 0.375 3729
0.4583333333333333 0.375 3931
0.5 0.375 3707
0.5416666666666666 0.375 3827
0.5833333333333333 0.375 3945
0.625 0.375 4057
0.6666666666666666 0.375 3226
0.7083333333333333 0.375 4057
0.75 0.375 3083
0.7916666666666666 0.375 3956
0.8333333333333333 0.375 3202
0.875 0.375 3919
0.9166666666666666 0.375 2302
0.9583333333333333 0.375 1956
1.0 0.375 3964
0.0 0.3958333333333333 3935
0.041666666666666664 0.3958333333333333 3768
0.08333333333333333 0.3958333333333333 4091
0.125 0.3958333333333333 3738
0.16666666666666666 0.3958333333333333 3786
0.20833333333333331 0.3958333333333333 4034
0.25 0.3958333333333333 4038
0.29166666666666663 0.3958333333333333 3837
0.3333333333333333 0.3958333333333333 4132
0.375 0.3958333333333333 3685
0.41666666666666663 0.3958333333333333 3755
0.4583333333333333 0.3958333333333333 3633
0.5 0.3958333333333333 3697
0.5416666666666666 0.3958333333333333 4074
0.5833333333333333 0.3958333333333333 3536
0.625 0.3958333333333333 3515
0.6666666666666666 0.3958333333333333 3347
0.7083333333333333 0.3958333333333333 3269
0.75 0.3958333333333333 3730
0.7916666666666666 0.3958333333333333 3513
0.8333333333333333 0.3958333333333333 4149
0.875 0.3958333333333333 4070
0.9166666666666666 0.3958333333333333 3014
0.9583333333333333 0.3958333333333333 4173
1.0 0.3958333333333333 2394
0.0 0.41666666666666663 3804
0.041666666666666664 0.41666666666666663 4079
0.08333333333333333 0.41666666666666663 4036
0.125 0.41666666666666663 3967
0.16666666666666666 0.41666666666666663 3707
0.20833333333333331 0.41666666666666663 3860
0.25 0.41666666666666663 3744
0.29166666666666663 0.41666666666666663 3869
0.3333333333333333 0.41666666666666663 4024
0.375 0.41666666666666663 3745
0.41666666666666663 0.41666666666666663 3711
0.4583333333333333 0.41666666666666663 3611
0.5 0.41666666666666663 3999
0.5416666666666666 0.41666666666666663 3577
0.5833333333333333 0.41666666666666663 3528
0.625 0.41666666666666663 3409
0.6666666666666666 0.41666666666666663 3222
0.7083333333333333 0.41666666666666663 3918
0.75 0.41666666666666663 3045
0.7916666666666666 0.41666666666666663 3163
0.8333333333333333 0.41666666666666663 4115
0.875 0.41666666666666663 4045
0.9166666666666666 0.41666666666666663 3278
0.9583333333333333 0.41666666666666663 2660
1.0 0.41666666666666663 3159
0.0 0.4375 3682
0.041666666666666664 0.4375 4046
0.08333333333333333 0.4375 3860
0.125 0.4375 3799
0.16666666666666666 0.4375 3705
0.20833333333333331 0.4375 3754
0.25 0.4375 3790
0.29166666666666663 0.4375 3845
0.3333333333333333 0.4375 4077
0.375 0.4375 4112
0.41666666666666663 0.4375 4027
0.4583333333333333 0.4375 3733
0.5 0.4375 3810
0.5416666666666666 0.4375 3613
0.5833333333333333 0.4375 3612
0.625 0.4375 3509
0.6666666666666666 0.4375 3395
0.7083333333333333 0.4375 3902
0.75 0.4375 3402
0.7916666666666666 0.4375 3150
0.8333333333333333 0.4375 2851
0.875 0.4375 2736
0.9166666666666666 0.4375 3895
0.9583333333333333 0.4375 3187
1.0 0.4375 3740
0.0 0.4583333333333333 4106
0.041666666666666664 0.4583333333333333 3895
0.08333333333333333 0.4583333333333333 3764
0.125 0.4583333333333333 3665
0.16666666666666666 0.4583333333333333 3812
0.20833333333333331 0.4583333333333333 3712
0.25 0.4583333333333333 3804
0.29166666666666663 0.4583333333333333 3733
0.3333333333333333 0.4583333333333333 3928
0.375 0.4583333333333333 3757
0.41666666666666663 0.4583333333333333 3844
0.4583333333333333 0.4583333333333333 3656
0.5 0.4583333333333333 4078
0.5416666666666666 0.4583333333333333 3656
0.5833333333333333 0.4583333333333333 4106
0.625 0.4583333333333333 4156
0.6666666666666666 0.4583333333333333 4107
0.7083333333333333 0.4583333333333333 3656
0.75 0.4583333333333333 3258
0.7916666666666666 0.4583333333333333 3764
0.8333333333333333 0.4583333333333333 3345
0.875 0.4583333333333333 2852
0.9166666666666666 0.4583333333333333 3555
0.9583333333333333 0.4583333333333333 2957
1.0 0.4583333333333333 3123
0.0 0.47916666666666663 4152
0.041666666666666664 0.47916666666666663 4044
0.08333333333333333 0.47916666666666663 3812
0.125 0.47916666666666663 3966
0.16666666666666666 0.47916666666666663 4054
0.20833333333333331 0.47916666666666663 3720
0.25 0.47916666666666663 3931
0.29166666666666663 0.47916666666666663 4147
0.3333333333333333 0.47916666666666663 3751
0.375 0.47916666666666663 3735
0.41666666666666663 0.47916666666666663 3649
0.4583333333333333 0.47916666666666663 3776
0.5 0.47916666666666663 3589
0.5416666666666666 0.47916666666666663 4121
0.5833333333333333 0.47916666666666663 3503
0.625 0.47916666666666663 3471
0.6666666666666666 0.47916666666666663 3415
0.7083333333333333 0.47916666666666663 3539
0.75 0.47916666666666663 3811
0.7916666666666666 0.47916666666666663 3480
0.8333333333333333 0.47916666666666663 3324
0.875 0.47916666666666663 3863
0.9166666666666666 0.47916666666666663 3394
0.9583333333333333 0.47916666666666663 3362
1.0 0.47916666666666663 4123
0.0 0.5 4159
0.041666666666666664 0.5 3772
0.08333333333333333 0.5 4029
0.125 0.5 3941
0.16666666666666666 0.5 3742
0.20833333333333331 0.5 4120
0.25 0.5 4109
0.29166666666666663 0.5 3723
0.3333333333333333 0.5 3960
0.375 0.5 3813
0.41666666666666663 0.5 3734
0.4583333333333333 0.5 4039
0.5 0.5 4105
0.5416666666666666 0.5 3630
0.5833333333333333 0.5 3561
0.625 0.5 3820
0.6666666666666666 0.5 3960
0.7083333333333333 0.5 4039
0.75 0.5 3828
0.7916666666666666 0.5 3309
0.8333333333333333 0.5 4050
0.875 0.5 2739
0.9166666666666666 0.5 3948
0.9583333333333333 0.5 3928
1.0 0.5 4099
