0.0 0.0 3892
0.041666666666666664 0.0 4052
0.08333333333333333 0.0 3903
0.125 0.0 1
0.16666666666666666 0.0 3855
0.20833333333333331 0.0 3690
0.25 0.0 3831
0.29166666666666663 0.0 3645
0.3333333333333333 0.0 1
0.375 0.0 3791
0.41666666666666663 0.0 3635
0.4583333333333333 0.0 3620
0.5 0.0 3457
0.5416666666666666 0.0 3522
0.5833333333333333 0.0 3311
0.625 0.0 3253
0.6666666666666666 0.0 3099
0.7083333333333333 0.0 2965
0.75 0.0 2812
0.7916666666666666 0.0 2478
0.8333333333333333 0.0 2304
0.875 0.0 1908
0.9166666666666666 0.0 1521
0.9583333333333333 0.0 734
1.0 0.0 1
0.0 0.020833333333333332 3863
0.041666666666666664 0.020833333333333332 3839
0.08333333333333333 0.020833333333333332 4063
0.125 0.020833333333333332 4022
0.16666666666666666 0.020833333333333332 3698
0.20833333333333331 0.020833333333333332 3795
0.25 0.020833333333333332 3833
0.29166666666666663 0.020833333333333332 3887
0.3333333333333333 0.020833333333333332 3550
0.375 0.020833333333333332 3565
0.41666666666666663 0.020833333333333332 3682
0.4583333333333333 0.020833333333333332 3529
0.5 0.020833333333333332 3495
0.5416666666666666 0.020833333333333332 3488
0.5833333333333333 0.020833333333333332 3330
0.625 0.020833333333333332 3246
0.6666666666666666 0.020833333333333332 3164
0.7083333333333333 0.020833333333333332 3006
0.75 0.020833333333333332 2826
0.7916666666666666 0.020833333333333332 2663
0.8333333333333333 0.020833333333333332 2379
0.875 0.020833333333333332 2049
0.9166666666666666 0.020833333333333332 1585
0.9583333333333333 0.020833333333333332 657
1.0 0.020833333333333332 491
0.0 0.041666666666666664 3972
0.041666666666666664 0.041666666666666664 4095
0.08333333333333333 0.041666666666666664 3880
0.125 0.041666666666666664 3852
0.16666666666666666 0.041666666666666664 3814
0.20833333333333331 0.041666666666666664 3882
0.25 0.041666666666666664 3694
0.29166666666666663 0.041666666666666664 3653
0.3333333333333333 0.041666666666666664 3789
0.375 0.041666666666666664 3622
0.41666666666666663 0.041666666666666664 3665
0.4583333333333333 0.041666666666666664 3575
0.5 0.041666666666666664 3460
0.5416666666666666 0.041666666666666664 3413
0.5833333333333333 0.041666666666666664 3399
0.625 0.041666666666666664 3359
0.6666666666666666 0.041666666666666664 3138
0.7083333333333333 0.041666666666666664 3003
0.75 0.041666666666666664 2730
0.7916666666666666 0.041666666666666664 2574
0.8333333333333333 0.041666666666666664 2531
0.875 0.041666666666666664 2102
0.9166666666666666 0.041666666666666664 2001
0.9583333333333333 0.041666666666666664 819
1.0 0.041666666666666664 850
0.0 0.0625 3782
0.041666666666666664 0.0625 4057
0.08333333333333333 0.0625 3960
0.125 0.0625 3729
0.16666666666666666 0.0625 3945
0.20833333333333331 0.0625 3891
0.25 0.0625 3900
0.29166666666666663 0.0625 3607
0.3333333333333333 0.0625 3595
0.375 0.0625 3786
0.41666666666666663 0.0625 3659
0.4583333333333333 0.0625 3569
0.5 0.0625 3613
0.5416666666666666 0.0625 3496
0.5833333333333333 0.0625 3284
0.625 0.0625 3257
0.6666666666666666 0.0625 3185
0.7083333333333333 0.0625 3081
0.75 0.0625 2916
0.7916666666666666 0.0625 2682
0.8333333333333333 0.0625 2450
0.875 0.0625 2375
0.9166666666666666 0.0625 1728
0.9583333333333333 0.0625 1079
1.0 0.0625 491
0.0 0.08333333333333333 4073
0.041666666666666664 0.08333333333333333 4114
0.08333333333333333 0.08333333333333333 3910
0.125 0.08333333333333333 3959
0.16666666666666666 0.08333333333333333 3841
0.20833333333333331 0.08333333333333333 3735
0.25 0.08333333333333333 3842
0.29166666666666663 0.08333333333333333 3831
0.3333333333333333 0.08333333333333333 3677
0.375 0.08333333333333333 3670
0.41666666666666663 0.08333333333333333 3477
0.4583333333333333 0.08333333333333333 3634
0.5 0.08333333333333333 3588
0.5416666666666666 0.08333333333333333 3457
0.5833333333333333 0.08333333333333333 3377
0.625 0.08333333333333333 3414
0.6666666666666666 0.08333333333333333 3145
0.7083333333333333 0.08333333333333333 3016
0.75 0.08333333333333333 3218
0.7916666666666666 0.08333333333333333 2747
0.8333333333333333 0.08333333333333333 2431
0.875 0.08333333333333333 2125
0.9166666666666666 0.08333333333333333 1823
0.9583333333333333 0.08333333333333333 1009
1.0 0.08333333333333333 908
0.0 0.10416666666666666 3961
0.041666666666666664 0.10416666666666666 3953
0.08333333333333333 0.10416666666666666 3819
0.125 0.10416666666666666 3949
0.16666666666666666 0.10416666666666666 3825
0.20833333333333331 0.10416666666666666 3662
0.25 0.10416666666666666 3805
0.29166666666666663 0.10416666666666666 3830
0.3333333333333333 0.10416666666666666 3721
0.375 0.10416666666666666 3499
0.41666666666666663 0.10416666666666666 3646
0.4583333333333333 0.10416666666666666 3613
0.5 0.10416666666666666 3430
0.5416666666666666 0.10416666666666666 3449
0.5833333333333333 0.10416666666666666 3377
0.625 0.10416666666666666 3474
0.6666666666666666 0.10416666666666666 3173
0.7083333333333333 0.10416666666666666 3123
0.75 0.10416666666666666 2867
0.7916666666666666 0.10416666666666666 2736
0.8333333333333333 0.10416666666666666 2353
0.875 0.10416666666666666 2066
0.9166666666666666 0.10416666666666666 1611
0.9583333333333333 0.10416666666666666 2885
1.0 0.10416666666666666 2118
0.0 0.125 3926
0.041666666666666664 0.125 3795
0.08333333333333333 0.125 3981
0.125 0.125 3960
0.16666666666666666 0.125 3686
0.20833333333333331 0.125 3630
0.25 0.125 3874
0.29166666666666663 0.125 3898
0.3333333333333333 0.125 3604
0.375 0.125 3659
0.41666666666666663 0.125 3660
0.4583333333333333 0.125 3491
0.5 0.125 3691
0.5416666666666666 0.125 3394
0.5833333333333333 0.125 3447
0.625 0.125 3326
0.6666666666666666 0.125 3270
0.7083333333333333 0.125 2912
0.75 0.125 2959
0.7916666666666666 0.125 2615
0.8333333333333333 0.125 2927
0.875 0.125 2499
0.9166666666666666 0.125 2794
0.9583333333333333 0.125 3072
1.0 0.125 1808
0.0 0.14583333333333331 3721
0.041666666666666664 0.14583333333333331 3809
0.08333333333333333 0.14583333333333331 3924
0.125 0.14583333333333331 3765
0.16666666666666666 0.14583333333333331 3743
0.20833333333333331 0.14583333333333331 3863
0.25 0.14583333333333331 3899
0.29166666666666663 0.14583333333333331 3762
0.3333333333333333 0.14583333333333331 3727
0.375 0.14583333333333331 3874
0.41666666666666663 0.14583333333333331 3614
0.4583333333333333 0.14583333333333331 3466
0.5 0.14583333333333331 3473
0.5416666666666666 0.14583333333333331 3418
0.5833333333333333 0.14583333333333331 3369
0.625 0.14583333333333331 3254
0.6666666666666666 0.14583333333333331 3097
0.7083333333333333 0.14583333333333331 3320
0.75 0.14583333333333331 2886
0.7916666666666666 0.14583333333333331 2631
0.8333333333333333 0.14583333333333331 2381
0.875 0.14583333333333331 2506
0.9166666666666666 0.14583333333333331 1588
0.9583333333333333 0.14583333333333331 1601
1.0 0.14583333333333331 1080
0.0 0.16666666666666666 3914
0.041666666666666664 0.16666666666666666 3718
0.08333333333333333 0.16666666666666666 3997
0.125 0.16666666666666666 3878
0.16666666666666666 0.16666666666666666 3851
0.20833333333333331 0.16666666666666666 3874
0.25 0.16666666666666666 3688
0.29166666666666663 0.16666666666666666 3714
0.3333333333333333 0.16666666666666666 3638
0.375 0.16666666666666666 3599
0.41666666666666663 0.16666666666666666 3699
0.4583333333333333 0.16666666666666666 3505
0.5 0.16666666666666666 3674
0.5416666666666666 0.16666666666666666 1
0.5833333333333333 0.16666666666666666 3388
0.625 0.16666666666666666 3366
0.6666666666666666 0.16666666666666666 3208
0.7083333333333333 0.16666666666666666 3299
0.75 0.16666666666666666 2974
0.7916666666666666 0.16666666666666666 2804
0.8333333333333333 0.16666666666666666 2601
0.875 0.16666666666666666 2192
0.9166666666666666 0.16666666666666666 3080
0.9583333333333333 0.16666666666666666 1120
1.0 0.16666666666666666 3438
0.0 0.1875 3784
0.041666666666666664 0.1875 3818
0.08333333333333333 0.1875 4012
0.125 0.1875 3876
0.16666666666666666 0.1875 3895
0.20833333333333331 0.1875 3950
0.25 0.1875 3925
0.29166666666666663 0.1875 3764
0.3333333333333333 0.1875 3598
0.375 0.1875 3743
0.41666666666666663 0.1875 3708
0.4583333333333333 0.1875 3671
0.5 0.1875 3545
0.5416666666666666 0.1875 3549
0.5833333333333333 0.1875 3442
0.625 0.1875 3428
0.6666666666666666 0.1875 3464
0.7083333333333333 0.1875 3552
0.75 0.1875 3641
0.7916666666666666 0.1875 2761
0.8333333333333333 0.1875 2598
0.875 0.1875 3633
0.9166666666666666 0.1875 1938
0.9583333333333333 0.1875 1527
1.0 0.1875 1716
0.0 0.20833333333333331 3719
0.041666666666666664 0.20833333333333331 3968
0.08333333333333333 0.20833333333333331 3854
0.125 0.20833333333333331 3715
0.16666666666666666 0.20833333333333331 3772
0.20833333333333331 0.20833333333333331 3837
0.25 0.20833333333333331 3759
0.29166666666666663 0.20833333333333331 3679
0.3333333333333333 0.20833333333333331 3877
0.375 0.20833333333333331 3617
0.41666666666666663 0.20833333333333331 3624
0.4583333333333333 0.20833333333333331 3637
0.5 0.20833333333333331 3412
0.5416666666666666 0.20833333333333331 3555
0.5833333333333333 0.20833333333333331 3351
0.625 0.20833333333333331 3709
0.6666666666666666 0.20833333333333331 3429
0.7083333333333333 0.20833333333333331 3068
0.75 0.20833333333333331 3332
0.7916666666666666 0.20833333333333331 3631
0.8333333333333333 0.20833333333333331 2664
0.875 0.20833333333333331 2213
0.9166666666666666 0.20833333333333331 1888
0.9583333333333333 0.20833333333333331 2574
1.0 0.20833333333333331 3715
0.0 0.22916666666666666 4108
0.041666666666666664 0.22916666666666666 4064
0.08333333333333333 0.22916666666666666 3913
0.125 0.22916666666666666 3682
0.16666666666666666 0.22916666666666666 3913
0.20833333333333331 0.22916666666666666 3682
0.25 0.22916666666666666 3831
0.29166666666666663 0.22916666666666666 3700
0.3333333333333333 0.22916666666666666 1
0.375 0.22916666666666666 3762
0.41666666666666663 0.22916666666666666 3739
0.4583333333333333 0.22916666666666666 3700
0.5 0.22916666666666666 3633
0.5416666666666666 0.22916666666666666 3638
0.5833333333333333 0.22916666666666666 3651
0.625 0.22916666666666666 3533
0.6666666666666666 0.22916666666666666 3459
0.7083333333333333 0.22916666666666666 3300
0.75 0.22916666666666666 3805
0.7916666666666666 0.22916666666666666 2841
0.8333333333333333 0.22916666666666666 2966
0.875 0.22916666666666666 3628
0.9166666666666666 0.22916666666666666 2356
0.9583333333333333 0.22916666666666666 1450
1.0 0.22916666666666666 2618
0.0 0.25 3990
0.041666666666666664 0.25 3985
0.08333333333333333 0.25 3725
0.125 0.25 4046
0.16666666666666666 0.25 3723
0.20833333333333331 0.25 3822
0.25 0.25 3658
0.29166666666666663 0.25 3630
0.3333333333333333 0.25 3549
0.375 0.25 3680
0.41666666666666663 0.25 3854
0.4583333333333333 0.25 3627
0.5 0.25 3750
0.5416666666666666 0.25 3905
0.5833333333333333 0.25 3451
0.625 0.25 3534
0.6666666666666666 0.25 3158
0.7083333333333333 0.25 3027
0.75 0.25 1
0.7916666666666666 0.25 2799
0.8333333333333333 0.25 3022
0.875 0.25 3616
0.9166666666666666 0.25 3441
0.9583333333333333 0.25 3967
1.0 0.25 3904
0.0 0.2708333333333333 3818
0.041666666666666664 0.2708333333333333 4037
0.08333333333333333 0.2708333333333333 4063
0.125 0.2708333333333333 4048
0.16666666666666666 0.2708333333333333 3959
0.20833333333333331 0.2708333333333333 3708
0.25 0.2708333333333333 3949
0.29166666666666663 0.2708333333333333 3760
0.3333333333333333 0.2708333333333333 3893
0.375 0.2708333333333333 3809
0.41666666666666663 0.2708333333333333 3782
0.4583333333333333 0.2708333333333333 3695
0.5 0.2708333333333333 3627
0.5416666666666666 0.2708333333333333 3444
0.5833333333333333 0.2708333333333333 3835
0.625 0.2708333333333333 3574
0.6666666666666666 0.2708333333333333 3668
0.7083333333333333 0.2708333333333333 3110
0.75 0.2708333333333333 3282
0.7916666666666666 0.2708333333333333 2844
0.8333333333333333 0.2708333333333333 2894
0.875 0.2708333333333333 2701
0.9166666666666666 0.2708333333333333 3439
0.9583333333333333 0.2708333333333333 3551
1.0 0.2708333333333333 3636
0.0 0.29166666666666663 3892
0.041666666666666664 0.29166666666666663 3730
0.08333333333333333 0.29166666666666663 3965
0.125 0.29166666666666663 3916
0.16666666666666666 0.29166666666666663 4024
0.20833333333333331 0.29166666666666663 3754
0.25 0.29166666666666663 3869
0.29166666666666663 0.29166666666666663 3882
0.3333333333333333 0.29166666666666663 3682
0.375 0.29166666666666663 3667
0.41666666666666663 0.29166666666666663 3817
0.4583333333333333 0.29166666666666663 3784
0.5 0.29166666666666663 3559
0.5416666666666666 0.29166666666666663 3551
0.5833333333333333 0.29166666666666663 3378
0.625 0.29166666666666663 3388
0.6666666666666666 0.29166666666666663 3369
0.7083333333333333 0.29166666666666663 3102
0.75 0.29166666666666663 3486
0.7916666666666666 0.29166666666666663 3752
0.8333333333333333 0.29166666666666663 4010
0.875 0.29166666666666663 2314
0.9166666666666666 0.29166666666666663 3432
0.9583333333333333 0.29166666666666663 1656
1.0 0.29166666666666663 3850
0.0 0.3125 3921
0.041666666666666664 0.3125 3752
0.08333333333333333 0.3125 3785
0.125 0.3125 3960
0.16666666666666666 0.3125 3988
0.20833333333333331 0.3125 3936
0.25 0.3125 3733
0.29166666666666663 0.3125 3881
0.3333333333333333 0.3125 3786
0.375 0.3125 3769
0.41666666666666663 0.3125 3655
0.4583333333333333 0.3125 3615
0.5 0.3125 3629
0.5416666666666666 0.3125 3831
0.5833333333333333 0.3125 3900
0.625 0.3125 3515
0.6666666666666666 0.3125 3647
0.7083333333333333 0.3125 3569
0.75 0.3125 3015
0.7916666666666666 0.3125 3505
0.8333333333333333 0.3125 3870
0.875 0.3125 4013
0.9166666666666666 0.3125 1966
0.9583333333333333 0.3125 2592
1.0 0.3125 3901
0.0 0.3333333333333333 3939
0.041666666666666664 0.3333333333333333 4102
0.08333333333333333 0.3333333333333333 4023
0.125 0.3333333333333333 3766
0.16666666666666666 0.3333333333333333 3761
0.20833333333333331 0.3333333333333333 3786
0.25 0.3333333333333333 3694
0.29166666666666663 0.3333333333333333 3847
0.3333333333333333 0.3333333333333333 3782
0.375 0.3333333333333333 3995
0.41666666666666663 0.3333333333333333 3760
0.4583333333333333 0.3333333333333333 3902
0.5 0.3333333333333333 3464
0.5416666666666666 0.3333333333333333 3999
0.5833333333333333 0.3333333333333333 3555
0.625 0.3333333333333333 3871
0.6666666666666666 0.3333333333333333 3370
0.7083333333333333 0.3333333333333333 3691
0.75 0.3333333333333333 3468
0.7916666666666666 0.3333333333333333 3338
0.8333333333333333 0.3333333333333333 3858
0.875 0.3333333333333333 3014
0.9166666666666666 0.3333333333333333 3586
0.9583333333333333 0.3333333333333333 3499
1.0 0.3333333333333333 3610
0.0 0.35416666666666663 3825
0.041666666666666664 0.35416666666666663 3904
0.08333333333333333 0.35416666666666663 4059
0.125 0.35416666666666663 3896
0.16666666666666666 0.35416666666666663 3879
0.20833333333333331 0.35416666666666663 4083
0.25 0.35416666666666663 3920
0.29166666666666663 0.35416666666666663 3940
0.3333333333333333 0.35416666666666663 3768
0.375 0.35416666666666663 3962
0.41666666666666663 0.35416666666666663 3779
0.4583333333333333 0.35416666666666663 3740
0.5 0.35416666666666663 3594
0.5416666666666666 0.35416666666666663 3919
0.5833333333333333 0.35416666666666663 3617
0.625 0.35416666666666663 3775
0.6666666666666666 0.35416666666666663 3378
0.7083333333333333 0.35416666666666663 4089
0.75 0.35416666666666663 3966
0.7916666666666666 0.35416666666666663 3030
0.8333333333333333 0.35416666666666663 4110
0.875 0.35416666666666663 2497
0.9166666666666666 0.35416666666666663 2115
0.9583333333333333 0.35416666666666663 2828
1.0 0.35416666666666663 3439
0.0 0.375 4142
0.041666666666666664 0.375 3968
0.08333333333333333 0.375 4000
0.125 0.375 3955
0.16666666666666666 0.375 4022
0.20833333333333331 0.375 4001
0.25 0.375 3687
0.29166666666666663 0.375 3932
0.3333333333333333 0.375 4075
0.375 0.375 4053
0.41666666666666663 0.375 3601
0.4583333333333333 0.375 4028
0.5 0.375 3973
0.5416666666666666 0.375 3493
0.5833333333333333 0.375 3506
0.625 0.375 3883
0.6666666666666666 0.375 3216
0.7083333333333333 0.375 3777
0.75 0.375 3254
0.7916666666666666 0.375 3588
0.8333333333333333 0.375 2956
0.875 0.375 2465
0.9166666666666666 0.375 2774
0.9583333333333333 0.375 2863
1.0 0.375 3623
0.0 0.3958333333333333 3876
0.041666666666666664 0.3958333333333333 3913
0.08333333333333333 0.3958333333333333 3976
0.125 0.3958333333333333 4151
0.16666666666666666 0.3958333333333333 3919
0.20833333333333331 0.3958333333333333 4001
0.25 0.3958333333333333 3798
0.29166666666666663 0.3958333333333333 3754
0.3333333333333333 0.3958333333333333 3822
0.375 0.3958333333333333 4020
0.41666666666666663 0.3958333333333333 3761
0.4583333333333333 0.3958333333333333 3757
0.5 0.3958333333333333 3692
0.5416666666666666 0.3958333333333333 3915
0.5833333333333333 0.3958333333333333 3796
0.625 0.3958333333333333 3458
0.6666666666666666 0.3958333333333333 3914
0.7083333333333333 0.3958333333333333 3329
0.75 0.3958333333333333 4124
0.7916666666666666 0.3958333333333333 3649
0.8333333333333333 0.3958333333333333 3917
0.875 0.3958333333333333 3948
0.9166666666666666 0.3958333333333333 3429
0.9583333333333333 0.3958333333333333 4028
1.0 0.3958333333333333 3695
0.0 0.41666666666666663 3890
0.041666666666666664 0.41666666666666663 4079
0.08333333333333333 0.41666666666666663 4116
0.125 0.41666666666666663 3960
0.16666666666666666 0.41666666666666663 3834
0.20833333333333331 0.41666666666666663 3736
0.25 0.41666666666666663 4052
0.29166666666666663 0.41666666666666663 3647
0.3333333333333333 0.41666666666666663 3856
0.375 0.41666666666666663 3821
0.41666666666666663 0.41666666666666663 3770
0.4583333333333333 0.41666666666666663 4045
0.5 0.41666666666666663 4079
0.5416666666666666 0.41666666666666663 3614
0.5833333333333333 0.41666666666666663 4063
0.625 0.41666666666666663 3505
0.6666666666666666 0.41666666666666663 3870
0.7083333333333333 0.41666666666666663 4100
0.75 0.41666666666666663 3799
0.7916666666666666 0.41666666666666663 4061
0.8333333333333333 0.41666666666666663 3770
0.875 0.41666666666666663 4048
0.9166666666666666 0.41666666666666663 4033
0.9583333333333333 0.41666666666666663 3417
1.0 0.41666666666666663 3109
0.0 0.4375 3931
0.041666666666666664 0.4375 3878
0.08333333333333333 0.4375 3895
0.125 0.4375 4133
0.16666666666666666 0.4375 3976
0.20833333333333331 0.4375 4118
0.25 0.4375 3741
0.29166666666666663 0.4375 4020
0.3333333333333333 0.4375 3880
0.375 0.4375 3667
0.41666666666666663 0.4375 4064
0.4583333333333333 0.4375 3683
0.5 0.4375 3652
0.5416666666666666 0.4375 3928
0.5833333333333333 0.4375 3765
0.625 0.4375 3464
0.6666666666666666 0.4375 3588
0.7083333333333333 0.4375 3256
0.75 0.4375 3893
0.7916666666666666 0.4375 3859
0.8333333333333333 0.4375 4056
0.875 0.4375 4083
0.9166666666666666 0.4375 4108
0.9583333333333333 0.4375 4085
1.0 0.4375 3921
0.0 0.4583333333333333 4061
0.041666666666666664 0.4583333333333333 4036
0.08333333333333333 0.4583333333333333 3754
0.125 0.4583333333333333 3946
0.16666666666666666 0.4583333333333333 4077
0.20833333333333331 0.4583333333333333 3990
0.25 0.4583333333333333 3892
0.29166666666666663 0.4583333333333333 3786
0.3333333333333333 0.4583333333333333 3731
0.375 0.4583333333333333 4062
0.41666666666666663 0.4583333333333333 3725
0.4583333333333333 0.4583333333333333 3697
0.5 0.4583333333333333 3692
0.5416666666666666 0.4583333333333333 3698
0.5833333333333333 0.4583333333333333 4124
0.625 0.4583333333333333 4004
0.6666666666666666 0.4583333333333333 3602
0.7083333333333333 0.4583333333333333 3315
0.75 0.4583333333333333 3567
0.7916666666666666 0.4583333333333333 4149
0.8333333333333333 0.4583333333333333 3286
0.875 0.4583333333333333 4062
0.9166666666666666 0.4583333333333333 4077
0.9583333333333333 0.4583333333333333 4003
1.0 0.4583333333333333 3084
0.0 0.47916666666666663 3930
0.041666666666666664 0.47916666666666663 4084
0.08333333333333333 0.47916666666666663 3791
0.125 0.47916666666666663 3754
0.16666666666666666 0.47916666666666663 3767
0.20833333333333331 0.47916666666666663 4046
0.25 0.47916666666666663 4049
0.29166666666666663 0.47916666666666663 3702
0.3333333333333333 0.47916666666666663 3799
0.375 0.47916666666666663 3832
0.41666666666666663 0.47916666666666663 4150
0.4583333333333333 0.47916666666666663 3695
0.5 0.47916666666666663 3662
0.5416666666666666 0.47916666666666663 4106
0.5833333333333333 0.47916666666666663 3536
0.625 0.47916666666666663 3513
0.6666666666666666 0.47916666666666663 3385
0.7083333333333333 0.47916666666666663 3479
0.75 0.47916666666666663 3164
0.7916666666666666 0.47916666666666663 4084
0.8333333333333333 0.47916666666666663 3955
0.875 0.47916666666666663 4062
0.9166666666666666 0.47916666666666663 2768
0.9583333333333333 0.47916666666666663 4066
1.0 0.47916666666666663 2431
0.0 0.5 3841
0.041666666666666664 0.5 4126
0.08333333333333333 0.5 4027
0.125 0.5 3889
0.16666666666666666 0.5 4129
0.20833333333333331 0.5 3724
0.25 0.5 3921
0.29166666666666663 0.5 4060
0.3333333333333333 0.5 4051
0.375 0.5 3873
0.41666666666666663 0.5 3710
0.4583333333333333 0.5 4051
0.5 0.5 4038
0.5416666666666666 0.5 3614
0.5833333333333333 0.5 3580
0.625 0.5 3536
0.6666666666666666 0.5 3883
0.7083333333333333 0.5 3912
0.75 0.5 3999
0.7916666666666666 0.5 4066
0.8333333333333333 0.5 3686
0.875 0.5 3922
0.9166666666666666 0.5 2678
0.9583333333333333 0.5 3432
1.0 0.5 3844
