0.0 0.0 3987
0.041666666666666664 0.0 3858
0.08333333333333333 0.0 3975
0.125 0.0 3995
0.16666666666666666 0.0 3963
0.20833333333333331 0.0 3774
0.25 0.0 3831
0.29166666666666663 0.0 3746
0.3333333333333333 0.0 3654
0.375 0.0 3702
0.41666666666666663 0.0 3494
0.4583333333333333 0.0 3633
0.5 0.0 3560
0.5416666666666666 0.0 3477
0.5833333333333333 0.0 3397
0.625 0.0 3241
0.6666666666666666 0.0 1
0.7083333333333333 0.0 1
0.75 0.0 2875
0.7916666666666666 0.0 2648
0.8333333333333333 0.0 2415
0.875 0.0 2032
0.9166666666666666 0.0 1
0.9583333333333333 0.0 730
1.0 0.0 1
0.0 0.020833333333333332 3722
0.041666666666666664 0.020833333333333332 3962
0.08333333333333333 0.020833333333333332 4017
0.125 0.020833333333333332 4000
0.16666666666666666 0.020833333333333332 3671
0.20833333333333331 0.020833333333333332 3698
0.25 0.020833333333333332 3851
0.29166666666666663 0.020833333333333332 3857
0.3333333333333333 0.020833333333333332 3751
0.375 0.020833333333333332 3675
0.41666666666666663 0.020833333333333332 3720
0.4583333333333333 0.020833333333333332 3572
0.5 0.020833333333333332 3517
0.5416666666666666 0.020833333333333332 3555
0.5833333333333333 0.020833333333333332 3390
0.625 0.020833333333333332 3272
0.6666666666666666 0.020833333333333332 3220
0.7083333333333333 0.020833333333333332 3072
0.75 0.020833333333333332 2948
0.7916666666666666 0.020833333333333332 2540
0.8333333333333333 0.020833333333333332 2316
0.875 0.020833333333333332 2071
0.9166666666666666 0.020833333333333332 1628
0.9583333333333333 0.020833333333333332 840
1.0 0.020833333333333332 1030
0.0 0.041666666666666664 3796
0.041666666666666664 0.041666666666666664 3996
0.08333333333333333 0.041666666666666664 4088
0.125 0.041666666666666664 3704
0.16666666666666666 0.041666666666666664 3888
0.20833333333333331 0.041666666666666664 3785
0.25 0.041666666666666664 3916
0.29166666666666663 0.041666666666666664 3854
0.3333333333333333 0.041666666666666664 3595
0.375 0.041666666666666664 3812
0.41666666666666663 0.041666666666666664 3511
0.4583333333333333 0.041666666666666664 3633
0.5 0.041666666666666664 3455
0.5416666666666666 0.041666666666666664 3362
0.5833333333333333 0.041666666666666664 3393
0.625 0.041666666666666664 3270
0.6666666666666666 0.041666666666666664 3167
0.7083333333333333 0.041666666666666664 2986
0.75 0.041666666666666664 2884
0.7916666666666666 0.041666666666666664 2860
0.8333333333333333 0.041666666666666664 2496
0.875 0.041666666666666664 2037
0.9166666666666666 0.041666666666666664 1883
0.9583333333333333 0.041666666666666664 1185
1.0 0.041666666666666664 873
0.0 0.0625 3805
0.041666666666666664 0.0625 3996
0.08333333333333333 0.0625 4006
0.125 0.0625 3915
0.16666666666666666 0.0625 3710
0.20833333333333331 0.0625 3710
0.25 0.0625 3603
0.29166666666666663 0.0625 3761
0.3333333333333333 0.0625 3885
0.375 0.0625 3563
0.41666666666666663 0.0625 3655
0.4583333333333333 0.0625 3552
0.5 0.0625 3465
0.5416666666666666 0.0625 3427
0.5833333333333333 0.0625 3397
0.625 0.0625 3142
0.6666666666666666 0.0625 3177
0.7083333333333333 0.0625 3142
0.75 0.0625 3094
0.7916666666666666 0.0625 2868
0.8333333333333333 0.0625 2498
0.875 0.0625 2154
0.9166666666666666 0.0625 1916
0.9583333333333333 0.0625 901
1.0 0.0625 2070
0.0 0.08333333333333333 3753
0.041666666666666664 0.08333333333333333 3743
0.08333333333333333 0.08333333333333333 3879
0.125 0.08333333333333333 3887
0.16666666666666666 0.08333333333333333 3804
0.20833333333333331 0.08333333333333333 3897
0.25 0.08333333333333333 3855
0.29166666666666663 0.08333333333333333 3667
0.3333333333333333 0.08333333333333333 3697
0.375 0.08333333333333333 3715
0.41666666666666663 0.08333333333333333 3763
0.4583333333333333 0.08333333333333333 3601
0.5 0.08333333333333333 3453
0.5416666666666666 0.08333333333333333 3452
0.5833333333333333 0.08333333333333333 3411
0.625 0.08333333333333333 3147
0.6666666666666666 0.08333333333333333 3053
0.7083333333333333 0.08333333333333333 2995
0.75 0.08333333333333333 3091
0.7916666666666666 0.08333333333333333 2681
0.8333333333333333 0.08333333333333333 2609
0.875 0.08333333333333333 2170
0.9166666666666666 0.08333333333333333 1942
0.9583333333333333 0.08333333333333333 1548
1.0 0.08333333333333333 1195
0.0 0.10416666666666666 4104
0.041666666666666664 0.10416666666666666 4017
0.08333333333333333 0.10416666666666666 3755
0.125 0.10416666666666666 3938
0.16666666666666666 0.10416666666666666 3704
0.20833333333333331 0.10416666666666666 3993
0.25 0.10416666666666666 3739
0.29166666666666663 0.10416666666666666 3773
0.3333333333333333 0.10416666666666666 3588
0.375 0.10416666666666666 3679
0.41666666666666663 0.10416666666666666 3759
0.4583333333333333 0.10416666666666666 3591
0.5 0.10416666666666666 3565
0.5416666666666666 0.10416666666666666 3451
0.5833333333333333 0.10416666666666666 3416
0.625 0.10416666666666666 3285
0.6666666666666666 0.10416666666666666 3143
0.7083333333333333 0.10416666666666666 3056
0.75 0.10416666666666666 3148
0.7916666666666666 0.10416666666666666 2739
0.8333333333333333 0.10416666666666666 2667
0.875 0.10416666666666666 2712
0.9166666666666666 0.10416666666666666 1857
0.9583333333333333 0.10416666666666666 2052
1.0 0.10416666666666666 1147
0.0 0.125 3754
0.041666666666666664 0.125 3807
0.08333333333333333 0.125 4078
0.125 0.125 4012
0.16666666666666666 0.125 3852
0.20833333333333331 0.125 3711
0.25 0.125 3826
0.29166666666666663 0.125 3540
0.3333333333333333 0.125 3713
0.375 0.125 3665
0.41666666666666663 0.125 3700
0.4583333333333333 0.125 3697
0.5 0.125 3608
0.5416666666666666 0.125 3361
0.5833333333333333 0.125 3416
0.625 0.125 3513
0.6666666666666666 0.125 3405
0.7083333333333333 0.125 3106
0.75 0.125 3169
0.7916666666666666 0.125 2891
0.8333333333333333 0.125 2984
0.875 0.125 2031
0.9166666666666666 0.125 1739
0.9583333333333333 0.125 2619
1.0 0.125 1345
0.0 0.14583333333333331 3776
0.041666666666666664 0.14583333333333331 3714
0.08333333333333333 0.14583333333333331 3796
0.125 0.14583333333333331 3993
0.16666666666666666 0.14583333333333331 3961
0.20833333333333331 0.14583333333333331 3629
0.25 0.14583333333333331 3902
0.29166666666666663 0.14583333333333331 3687
0.3333333333333333 0.14583333333333331 3665
0.375 0.14583333333333331 3811
0.41666666666666663 0.14583333333333331 3542
0.4583333333333333 0.14583333333333331 3454
0.5 0.14583333333333331 3398
0.5416666666666666 0.14583333333333331 3620
0.5833333333333333 0.14583333333333331 3362
0.625 0.14583333333333331 3467
0.6666666666666666 0.14583333333333331 3466
0.7083333333333333 0.14583333333333331 3083
0.75 0.14583333333333331 3218
0.7916666666666666 0.14583333333333331 2781
0.8333333333333333 0.14583333333333331 2913
0.875 0.14583333333333331 2640
0.9166666666666666 0.14583333333333331 1754
0.9583333333333333 0.14583333333333331 1182
1.0 0.14583333333333331 2454
0.0 0.16666666666666666 4142
0.041666666666666664 0.16666666666666666 4083
0.08333333333333333 0.16666666666666666 3951
0.125 0.16666666666666666 3712
0.16666666666666666 0.16666666666666666 3646
0.20833333333333331 0.16666666666666666 3942
0.25 0.16666666666666666 3979
0.29166666666666663 0.16666666666666666 3667
0.3333333333333333 0.16666666666666666 3728
0.375 0.16666666666666666 3534
0.41666666666666663 0.16666666666666666 3538
0.4583333333333333 0.16666666666666666 3692
0.5 0.16666666666666666 3478
0.5416666666666666 0.16666666666666666 3649
0.5833333333333333 0.16666666666666666 3528
0.625 0.16666666666666666 3353
0.6666666666666666 0.16666666666666666 3170
0.7083333333333333 0.16666666666666666 3379
0.75 0.16666666666666666 3177
0.7916666666666666 0.16666666666666666 2743
0.8333333333333333 0.16666666666666666 2479
0.875 0.16666666666666666 2398
0.9166666666666666 0.16666666666666666 3325
0.9583333333333333 0.16666666666666666 2697
1.0 0.16666666666666666 1764
0.0 0.1875 4034
0.041666666666666664 0.1875 4106
0.08333333333333333 0.1875 3963
0.125 0.1875 4054
0.16666666666666666 0.1875 3855
0.20833333333333331 0.1875 3967
0.25 0.1875 3947
0.29166666666666663 0.1875 3854
0.3333333333333333 0.1875 3800
0.375 0.1875 3742
0.41666666666666663 0.1875 3681
0.4583333333333333 0.1875 3737
0.5 0.1875 3425
0.5416666666666666 0.1875 3457
0.5833333333333333 0.1875 3443
0.625 0.1875 3620
0.6666666666666666 0.1875 3660
0.7083333333333333 0.1875 3042
0.75 0.1875 2993
0.7916666666666666 0.1875 3046
0.8333333333333333 0.1875 2564
0.875 0.1875 3661
0.9166666666666666 0.1875 1939
0.9583333333333333 0.1875 1889
1.0 0.1875 1348
0.0 0.20833333333333331 4015
0.041666666666666664 0.20833333333333331 3901
0.08333333333333333 0.20833333333333331 4031
0.125 0.20833333333333331 3993
0.16666666666666666 0.20833333333333331 3907
0.20833333333333331 0.20833333333333331 3974
0.25 0.20833333333333331 3801
0.29166666666666663 0.20833333333333331 3583
0.3333333333333333 0.20833333333333331 3554
0.375 0.20833333333333331 3663
0.41666666666666663 0.20833333333333331 3687
0.4583333333333333 0.20833333333333331 3682
0.5 0.20833333333333331 3441
0.5416666666666666 0.20833333333333331 3630
0.5833333333333333 0.20833333333333331 3409
0.625 0.20833333333333331 3474
0.6666666666666666 0.20833333333333331 3242
0.7083333333333333 0.20833333333333331 3501
0.75 0.20833333333333331 3072
0.7916666666666666 0.20833333333333331 3848
0.8333333333333333 0.20833333333333331 2453
0.875 0.20833333333333331 2186
0.9166666666666666 0.20833333333333331 1739
0.9583333333333333 0.20833333333333331 1250
1.0 0.20833333333333331 1612
0.0 0.22916666666666666 3890
0.041666666666666664 0.22916666666666666 4047
0.08333333333333333 0.22916666666666666 4056
0.125 0.22916666666666666 4035
0.16666666666666666 0.22916666666666666 3674
0.20833333333333331 0.22916666666666666 3745
0.25 0.22916666666666666 3746
0.29166666666666663 0.22916666666666666 3932
0.3333333333333333 0.22916666666666666 3798
0.375 0.22916666666666666 3657
0.41666666666666663 0.22916666666666666 3771
0.4583333333333333 0.22916666666666666 3756
0.5 0.22916666666666666 3612
0.5416666666666666 0.22916666666666666 3722
0.5833333333333333 0.22916666666666666 3454
0.625 0.22916666666666666 3414
0.6666666666666666 0.22916666666666666 3290
0.7083333333333333 0.22916666666666666 3315
0.75 0.22916666666666666 2901
0.7916666666666666 0.22916666666666666 3218
0.8333333333333333 0.22916666666666666 2794
0.875 0.22916666666666666 2279
0.9166666666666666 0.22916666666666666 2112
0.9583333333333333 0.22916666666666666 1903
1.0 0.22916666666666666 3682
0.0 0.25 3854
0.041666666666666664 0.25 4034
0.08333333333333333 0.25 4019
0.125 0.25 3887
0.16666666666666666 0.25 4027
0.20833333333333331 0.25 3884
0.25 0.25 3962
0.29166666666666663 0.25 3748
0.3333333333333333 0.25 3767
0.375 0.25 3815
0.41666666666666663 0.25 3709
0.4583333333333333 0.25 3686
0.5 0.25 3498
0.5416666666666666 0.25 3415
0.5833333333333333 0.25 3569
0.625 0.25 3682
0.6666666666666666 0.25 3202
0.7083333333333333 0.25 3330
0.75 0.25 3224
0.7916666666666666 0.25 2830
0.8333333333333333 0.25 3304
0.875 0.25 2238
0.9166666666666666 0.25 2130
0.9583333333333333 0.25 3443
1.0 0.25 2944
0.0 0.2708333333333333 4156
0.041666666666666664 0.2708333333333333 4081
0.08333333333333333 0.2708333333333333 3913
0.125 0.2708333333333333 3998
0.16666666666666666 0.2708333333333333 3913
0.20833333333333331 0.2708333333333333 3882
0.25 0.2708333333333333 3916
0.29166666666666663 0.2708333333333333 3851
0.3333333333333333 0.2708333333333333 3831
0.375 0.2708333333333333 3726
0.41666666666666663 0.2708333333333333 3536
0.4583333333333333 0.2708333333333333 3698
0.5 0.2708333333333333 3473
0.5416666666666666 0.2708333333333333 3918
0.5833333333333333 0.2708333333333333 3493
0.625 0.2708333333333333 3530
0.6666666666666666 0.2708333333333333 3423
0.7083333333333333 0.2708333333333333 3967
0.75 0.2708333333333333 3168
0.7916666666666666 0.2708333333333333 3081
0.8333333333333333 0.2708333333333333 2671
0.875 0.2708333333333333 2378
0.9166666666666666 0.2708333333333333 3602
0.9583333333333333 0.2708333333333333 1789
1.0 0.2708333333333333 3480
0.0 0.29166666666666663 4101
0.041666666666666664 0.29166666666666663 1
0.08333333333333333 0.29166666666666663 4014
0.125 0.29166666666666663 4040
0.16666666666666666 0.29166666666666663 3968
0.20833333333333331 0.29166666666666663 3908
0.25 0.29166666666666663 3864
0.29166666666666663 0.29166666666666663 3653
0.3333333333333333 0.29166666666666663 3977
0.375 0.29166666666666663 3784
0.41666666666666663 0.29166666666666663 3728
0.4583333333333333 0.29166666666666663 3694
0.5 0.29166666666666663 3466
0.5416666666666666 0.29166666666666663 3454
0.5833333333333333 0.29166666666666663 3628
0.625 0.29166666666666663 3737
0.6666666666666666 0.29166666666666663 3832
0.7083333333333333 0.29166666666666663 3166
0.75 0.29166666666666663 3481
0.7916666666666666 0.29166666666666663 3538
0.8333333333333333 0.29166666666666663 2803
0.875 0.29166666666666663 2919
0.9166666666666666 0.29166666666666663 2170
0.9583333333333333 0.29166666666666663 3922
1.0 0.29166666666666663 3976
0.0 0.3125 3790
0.041666666666666664 0.3125 4054
0.08333333333333333 0.3125 3837
0.125 0.3125 3794
0.16666666666666666 0.3125 4000
0.20833333333333331 0.3125 3914
0.25 0.3125 3836
0.29166666666666663 0.3125 3998
0.3333333333333333 0.3125 3768
0.375 0.3125 3716
0.41666666666666663 0.3125 4029
0.4583333333333333 0.3125 3638
0.5 0.3125 3875
0.5416666666666666 0.3125 3672
0.5833333333333333 0.3125 3971
0.625 0.3125 3228
0.6666666666666666 0.3125 3360
0.7083333333333333 0.3125 3348
0.75 0.3125 2955
0.7916666666666666 0.3125 3659
0.8333333333333333 0.3125 3324
0.875 0.3125 3382
0.9166666666666666 0.3125 2127
0.9583333333333333 0.3125 3655
1.0 0.3125 2479
0.0 0.3333333333333333 1
0.041666666666666664 0.3333333333333333 3759
0.08333333333333333 0.3333333333333333 3971
0.125 0.3333333333333333 3820
0.16666666666666666 0.3333333333333333 3831
0.20833333333333331 0.3333333333333333 3913
0.25 0.3333333333333333 4059
0.29166666666666663 0.3333333333333333 3789
0.3333333333333333 0.3333333333333333 3827
0.375 0.3333333333333333 3808
0.41666666666666663 0.3333333333333333 3708
0.4583333333333333 0.3333333333333333 3639
0.5 0.3333333333333333 3778
0.5416666666666666 0.3333333333333333 3405
0.5833333333333333 0.3333333333333333 4139
0.625 0.3333333333333333 3551
0.6666666666666666 0.3333333333333333 3314
0.7083333333333333 0.3333333333333333 3406
0.75 0.3333333333333333 3861
0.7916666666666666 0.3333333333333333 3376
0.8333333333333333 0.3333333333333333 4113
0.875 0.3333333333333333 3895
0.9166666666666666 0.3333333333333333 3735
0.9583333333333333 0.3333333333333333 3664
1.0 0.3333333333333333 3564
0.0 0.35416666666666663 4133
0.041666666666666664 0.35416666666666663 3726
0.08333333333333333 0.35416666666666663 3963
0.125 0.35416666666666663 3903
0.16666666666666666 0.35416666666666663 4002
0.20833333333333331 0.35416666666666663 3990
0.25 0.35416666666666663 3988
0.29166666666666663 0.35416666666666663 3808
0.3333333333333333 0.35416666666666663 3783
0.375 0.35416666666666663 3827
0.41666666666666663 0.35416666666666663 4064
0.4583333333333333 0.35416666666666663 3713
0.5 0.35416666666666663 3897
0.5416666666666666 0.35416666666666663 3604
0.5833333333333333 0.35416666666666663 3669
0.625 0.35416666666666663 3456
0.6666666666666666 0.35416666666666663 3446
0.7083333333333333 0.35416666666666663 3425
0.75 0.35416666666666663 3306
0.7916666666666666 0.35416666666666663 4069
0.8333333333333333 0.35416666666666663 4085
0.875 0.35416666666666663 3904
0.9166666666666666 0.35416666666666663 3971
0.9583333333333333 0.35416666666666663 3823
1.0 0.35416666666666663 2730
0.0 0.375 3840
0.041666666666666664 0.375 3772
0.08333333333333333 0.375 3826
0.125 0.375 3977
0.16666666666666666 0.375 4037
0.20833333333333331 0.375 3723
0.25 0.375 4080
0.29166666666666663 0.375 3825
0.3333333333333333 0.375 4106
0.375 0.375 3744
0.41666666666666663 0.375 3801
0.4583333333333333 0.375 3999
0.5 0.375 3962
0.5416666666666666 0.375 4104
0.5833333333333333 0.375 4005
0.625 0.375 3334
0.6666666666666666 0.375 4028
0.7083333333333333 0.375 3397
0.75 0.375 3261
0.7916666666666666 0.375 3569
0.8333333333333333 0.375 4109
0.875 0.375 3904
0.9166666666666666 0.375 3858
0.9583333333333333 0.375 4076
1.0 0.375 3393
0.0 0.3958333333333333 3973
0.041666666666666664 0.3958333333333333 4125
0.08333333333333333 0.3958333333333333 3744
0.125 0.3958333333333333 3719
0.16666666666666666 0.3958333333333333 3890
0.20833333333333331 0.3958333333333333 3993
0.25 0.3958333333333333 3787
0.29166666666666663 0.3958333333333333 3719
0.3333333333333333 0.3958333333333333 4087
0.375 0.3958333333333333 3857
0.41666666666666663 0.3958333333333333 3750
0.4583333333333333 0.3958333333333333 3699
0.5 0.3958333333333333 3637
0.5416666666666666 0.3958333333333333 3957
0.5833333333333333 0.3958333333333333 3560
0.625 0.3958333333333333 3744
0.6666666666666666 0.3958333333333333 3915
0.7083333333333333 0.3958333333333333 3165
0.75 0.3958333333333333 4010
0.7916666666666666 0.3958333333333333 3248
0.8333333333333333 0.3958333333333333 3464
0.875 0.3958333333333333 3827
0.9166666666666666 0.3958333333333333 3965
0.9583333333333333 0.3958333333333333 3957
1.0 0.3958333333333333 3887
0.0 0.41666666666666663 4041
0.041666666666666664 0.41666666666666663 3872
0.08333333333333333 0.41666666666666663 4031
0.125 0.41666666666666663 3836
0.16666666666666666 0.41666666666666663 3915
0.20833333333333331 0.41666666666666663 3972
0.25 0.41666666666666663 3973
0.29166666666666663 0.41666666666666663 3720
0.3333333333333333 0.41666666666666663 3967
0.375 0.41666666666666663 3672
0.41666666666666663 0.41666666666666663 3670
0.4583333333333333 0.41666666666666663 3661
0.5 0.41666666666666663 3952
0.5416666666666666 0.41666666666666663 3743
0.5833333333333333 0.41666666666666663 3622
0.625 0.41666666666666663 4159
0.6666666666666666 0.41666666666666663 3722
0.7083333333333333 0.41666666666666663 3996
0.75 0.41666666666666663 3126
0.7916666666666666 0.41666666666666663 3388
0.8333333333333333 0.41666666666666663 3783
0.875 0.41666666666666663 3846
0.9166666666666666 0.41666666666666663 3198
0.9583333333333333 0.41666666666666663 3897
1.0 0.41666666666666663 3973
0.0 0.4375 3962
0.041666666666666664 0.4375 4108
0.08333333333333333 0.4375 4063
0.125 0.4375 3748
0.16666666666666666 0.4375 3718
0.20833333333333331 0.4375 4006
0.25 0.4375 3726
0.29166666666666663 0.4375 4063
0.3333333333333333 0.4375 3981
0.375 0.4375 3833
0.41666666666666663 0.4375 3759
0.4583333333333333 0.4375 3920
0.5 0.4375 3992
0.5416666666666666 0.4375 3650
0.5833333333333333 0.4375 3546
0.625 0.4375 3526
0.6666666666666666 0.4375 3967
0.7083333333333333 0.4375 3944
0.75 0.4375 3048
0.7916666666666666 0.4375 4003
0.8333333333333333 0.4375 2715
0.875 0.4375 3784
0.9166666666666666 0.4375 2433
0.9583333333333333 0.4375 3530
1.0 0.4375 3924
0.0 0.4583333333333333 4060
0.041666666666666664 0.4583333333333333 3867
0.08333333333333333 0.4583333333333333 3876
0.125 0.4583333333333333 4035
0.16666666666666666 0.4583333333333333 3742
0.20833333333333331 0.4583333333333333 3931
0.25 0.4583333333333333 4118
0.29166666666666663 0.4583333333333333 3796
0.3333333333333333 0.4583333333333333 3645
0.375 0.4583333333333333 4076
0.41666666666666663 0.4583333333333333 3778
0.4583333333333333 0.4583333333333333 3649
0.5 0.4583333333333333 3972
0.5416666666666666 0.4583333333333333 3586
0.5833333333333333 0.4583333333333333 3857
0.625 0.4583333333333333 4069
0.6666666666666666 0.4583333333333333 3320
0.7083333333333333 0.4583333333333333 3334
0.75 0.4583333333333333 3193
0.7916666666666666 0.4583333333333333 3189
0.8333333333333333 0.4583333333333333 4105
0.875 0.4583333333333333 4038
0.9166666666666666 0.4583333333333333 4122
0.9583333333333333 0.4583333333333333 4171
1.0 0.4583333333333333 2279
0.0 0.47916666666666663 3845
0.041666666666666664 0.47916666666666663 3831
0.08333333333333333 0.47916666666666663 3922
0.125 0.47916666666666663 3941
0.16666666666666666 0.47916666666666663 3923
0.20833333333333331 0.47916666666666663 3879
0.25 0.47916666666666663 3948
0.29166666666666663 0.47916666666666663 3747
0.3333333333333333 0.47916666666666663 3777
0.375 0.47916666666666663 4109
0.41666666666666663 0.47916666666666663 4144
0.4583333333333333 0.47916666666666663 3622
0.5 0.47916666666666663 3647
0.5416666666666666 0.47916666666666663 3594
0.5833333333333333 0.47916666666666663 3520
0.625 0.47916666666666663 3487
0.6666666666666666 0.47916666666666663 3759
0.7083333333333333 0.47916666666666663 3320
0.75 0.47916666666666663 4132
0.7916666666666666 0.47916666666666663 4065
0.8333333333333333 0.47916666666666663 3861
0.875 0.47916666666666663 3985
0.9166666666666666 0.47916666666666663 2408
0.9583333333333333 0.47916666666666663 4053
1.0 0.47916666666666663 3237
0.0 0.5 3890
0.041666666666666664 0.5 4005
0.08333333333333333 0.5 3668
0.125 0.5 3938
0.16666666666666666 0.5 4058
0.20833333333333331 0.5 1
0.25 0.5 3688
0.29166666666666663 0.5 3837
0.3333333333333333 0.5 4093
0.375 0.5 3694
0.41666666666666663 0.5 4102
0.4583333333333333 0.5 3737
0.5 0.5 3740
0.5416666666666666 0.5 3653
0.5833333333333333 0.5 3943
0.625 0.5 3799
0.6666666666666666 0.5 3402
0.7083333333333333 0.5 3463
0.75 0.5 4092
0.7916666666666666 0.5 3967
0.8333333333333333 0.5 3683
0.875 0.5 4071
0.9166666666666666 0.5 3975
0.9583333333333333 0.5 2522
1.0 0.5 2532
