0.0 0.0 3983.5
0.04166666666666666 0.0 3957.0
0.08333333333333333 0.0 3905.1
0.125 0.0 3395.5
0.16666666666666666 0.0 3515.5
0.2083333333333333 0.0 3804.1
0.25 0.0 3801.0
0.29166666666666663 0.0 3788.3
0.3333333333333333 0.0 3338.8
0.375 0.0 3697.6
0.4166666666666666 0.0 3616.2
0.4583333333333333 0.0 3202.0
0.5 0.0 3184.1
0.5416666666666666 0.0 3475.5
0.5833333333333333 0.0 3350.4
0.625 0.0 3253.1
0.6666666666666666 0.0 2500.5
0.7083333333333333 0.0 2681.4
0.75 0.0 2832.3
0.7916666666666666 0.0 2330.0
0.8333333333333333 0.0 2122.1
0.875 0.0 1586.0
0.9166666666666666 0.0 1061.3
0.9583333333333331 0.0 282.3
1.0 0.0 1.0
0.0 0.02083333333333333 3964.1
0.04166666666666666 0.02083333333333333 3951.8
0.08333333333333333 0.02083333333333333 3904.2
0.125 0.02083333333333333 3933.1
0.16666666666666666 0.02083333333333333 3753.4
0.2083333333333333 0.02083333333333333 3715.3
0.25 0.02083333333333333 3830.7
0.29166666666666663 0.02083333333333333 3793.3
0.3333333333333333 0.02083333333333333 3727.1
0.375 0.02083333333333333 3664.2
0.4166666666666666 0.02083333333333333 3623.7
0.4583333333333333 0.02083333333333333 3594.8
0.5 0.02083333333333333 3528.7
0.5416666666666666 0.02083333333333333 3468.7
0.5833333333333333 0.02083333333333333 3385.2
0.625 0.02083333333333333 3266.0
0.6666666666666666 0.02083333333333333 3156.4
0.7083333333333333 0.02083333333333333 2997.7
0.75 0.02083333333333333 2877.3
0.7916666666666666 0.02083333333333333 2674.2
0.8333333333333333 0.02083333333333333 2388.6
0.875 0.02083333333333333 2059.6
0.9166666666666666 0.02083333333333333 1602.4
0.9583333333333331 0.02083333333333333 888.0
1.0 0.02083333333333333 528.3
0.0 0.04166666666666666 3977.9
0.04166666666666666 0.04166666666666666 4001.4
0.08333333333333333 0.04166666666666666 3934.5
0.125 0.04166666666666666 3906.8
0.16666666666666666 0.04166666666666666 3861.2
0.2083333333333333 0.04166666666666666 3822.3
0.25 0.04166666666666666 3778.6
0.29166666666666663 0.04166666666666666 3718.4
0.3333333333333333 0.04166666666666666 3682.2
0.375 0.04166666666666666 3674.1
0.4166666666666666 0.04166666666666666 3569.7
0.4583333333333333 0.04166666666666666 3543.3
0.5 0.04166666666666666 3521.8
0.5416666666666666 0.04166666666666666 3409.2
0.5833333333333333 0.04166666666666666 3366.9
0.625 0.04166666666666666 3295.7
0.6666666666666666 0.04166666666666666 3158.3
0.7083333333333333 0.04166666666666666 3041.9
0.75 0.04166666666666666 2868.4
0.7916666666666666 0.04166666666666666 2683.5
0.8333333333333333 0.04166666666666666 2446.2
0.875 0.04166666666666666 2117.8
0.9166666666666666 0.04166666666666666 1829.4
0.9583333333333331 0.04166666666666666 1101.6
1.0 0.04166666666666666 826.7
0.0 0.0625 3935.4
0.04166666666666666 0.0625 3907.4
0.08333333333333333 0.0625 3871.6
0.125 0.0625 3889.7
0.16666666666666666 0.0625 3837.2
0.2083333333333333 0.0625 3876.5
0.25 0.0625 3771.5
0.29166666666666663 0.0625 3778.0
0.3333333333333333 0.0625 3703.9
0.375 0.0625 3654.3
0.4166666666666666 0.0625 3656.7
0.4583333333333333 0.0625 3549.4
0.5 0.0625 3479.7
0.5416666666666666 0.0625 3460.1
0.5833333333333333 0.0625 3360.7
0.625 0.0625 3279.6
0.6666666666666666 0.0625 3118.8
0.7083333333333333 0.0625 3089.4
0.75 0.0625 2918.9
0.7916666666666666 0.0625 2770.7
0.8333333333333333 0.0625 2465.8
0.875 0.0625 2189.5
0.9166666666666666 0.0625 1812.7
0.9583333333333331 0.0625 1313.6
1.0 0.0625 1048.5
0.0 0.08333333333333333 3874.6
0.04166666666666666 0.08333333333333333 3892.8
0.08333333333333333 0.08333333333333333 3868.7
0.125 0.08333333333333333 3875.7
0.16666666666666666 0.08333333333333333 3441.0
0.2083333333333333 0.08333333333333333 3845.3
0.25 0.08333333333333333 3828.2
0.29166666666666663 0.08333333333333333 3721.9
0.3333333333333333 0.08333333333333333 3761.4
0.375 0.08333333333333333 3695.6
0.4166666666666666 0.08333333333333333 3608.5
0.4583333333333333 0.08333333333333333 3617.2
0.5 0.08333333333333333 3566.9
0.5416666666666666 0.08333333333333333 3477.8
0.5833333333333333 0.08333333333333333 3381.1
0.625 0.08333333333333333 3274.9
0.6666666666666666 0.08333333333333333 3169.1
0.7083333333333333 0.08333333333333333 3080.5
0.75 0.08333333333333333 3030.3
0.7916666666666666 0.08333333333333333 2737.2
0.8333333333333333 0.08333333333333333 2491.7
0.875 0.08333333333333333 2212.2
0.9166666666666666 0.08333333333333333 1848.6
0.9583333333333331 0.08333333333333333 1259.7
1.0 0.08333333333333333 1205.8
0.0 0.10416666666666666 3968.5
0.04166666666666666 0.10416666666666666 3962.3
0.08333333333333333 0.10416666666666666 3895.1
0.125 0.10416666666666666 3867.7
0.16666666666666666 0.10416666666666666 3884.6
0.2083333333333333 0.10416666666666666 3835.2
0.25 0.10416666666666666 3749.8
0.29166666666666663 0.10416666666666666 3761.2
0.3333333333333333 0.10416666666666666 3672.2
0.375 0.10416666666666666 3678.6
0.4166666666666666 0.10416666666666666 3621.8
0.4583333333333333 0.10416666666666666 3620.5
0.5 0.10416666666666666 3557.0
0.5416666666666666 0.10416666666666666 3481.5
0.5833333333333333 0.10416666666666666 3428.5
0.625 0.10416666666666666 3034.1
0.6666666666666666 0.10416666666666666 3185.0
0.7083333333333333 0.10416666666666666 3101.8
0.75 0.10416666666666666 2984.8
0.7916666666666666 0.10416666666666666 2729.8
0.8333333333333333 0.10416666666666666 2561.7
0.875 0.10416666666666666 2272.8
0.9166666666666666 0.10416666666666666 1932.9
0.9583333333333331 0.10416666666666666 1901.1
1.0 0.10416666666666666 1580.9
0.0 0.125 3925.2
0.04166666666666666 0.125 3839.0
0.08333333333333333 0.125 3898.1
0.125 0.125 3930.3
0.16666666666666666 0.125 3801.4
0.2083333333333333 0.125 3766.1
0.25 0.125 3791.5
0.29166666666666663 0.125 3781.5
0.3333333333333333 0.125 3692.8
0.375 0.125 3703.7
0.4166666666666666 0.125 3651.6
0.4583333333333333 0.125 3631.3
0.5 0.125 3565.2
0.5416666666666666 0.125 3113.7
0.5833333333333333 0.125 3456.1
0.625 0.125 3344.4
0.6666666666666666 0.125 3245.6
0.7083333333333333 0.125 3162.8
0.75 0.125 2981.3
0.7916666666666666 0.125 2784.2
0.8333333333333333 0.125 2794.0
0.875 0.125 2411.5
0.9166666666666666 0.125 2134.1
0.9583333333333331 0.125 1939.3
1.0 0.125 2314.1
0.0 0.14583333333333331 3864.7
0.04166666666666666 0.14583333333333331 3932.4
0.08333333333333333 0.14583333333333331 3887.9
0.125 0.14583333333333331 3924.1
0.16666666666666666 0.14583333333333331 3853.5
0.2083333333333333 0.14583333333333331 3758.1
0.25 0.14583333333333331 3818.7
0.29166666666666663 0.14583333333333331 3746.1
0.3333333333333333 0.14583333333333331 3727.5
0.375 0.14583333333333331 3730.8
0.4166666666666666 0.14583333333333331 3639.7
0.4583333333333333 0.14583333333333331 3528.7
0.5 0.14583333333333331 3552.9
0.5416666666666666 0.14583333333333331 3487.1
0.5833333333333333 0.14583333333333331 3451.1
0.625 0.14583333333333331 3337.6
0.6666666666666666 0.14583333333333331 3236.8
0.7083333333333333 0.14583333333333331 3189.3
0.75 0.14583333333333331 3063.4
0.7916666666666666 0.14583333333333331 2556.1
0.8333333333333333 0.14583333333333331 2688.5
0.875 0.14583333333333331 2502.8
0.9166666666666666 0.14583333333333331 2031.7
0.9583333333333331 0.14583333333333331 1538.1
1.0 0.14583333333333331 2027.2
0.0 0.16666666666666666 3992.7
0.04166666666666666 0.16666666666666666 3941.8
0.08333333333333333 0.16666666666666666 3872.5
0.125 0.16666666666666666 3917.5
0.16666666666666666 0.16666666666666666 3828.4
0.2083333333333333 0.16666666666666666 3775.6
0.25 0.16666666666666666 3823.6
0.29166666666666663 0.16666666666666666 3782.8
0.3333333333333333 0.16666666666666666 3747.5
0.375 0.16666666666666666 3668.9
0.4166666666666666 0.16666666666666666 3671.0
0.4583333333333333 0.16666666666666666 3607.5
0.5 0.16666666666666666 3546.0
0.5416666666666666 0.16666666666666666 3181.2
0.5833333333333333 0.16666666666666666 3472.0
0.625 0.16666666666666666 3352.0
0.6666666666666666 0.16666666666666666 3311.8
0.7083333333333333 0.16666666666666666 3183.9
0.75 0.16666666666666666 3054.0
0.7916666666666666 0.16666666666666666 2924.3
0.8333333333333333 0.16666666666666666 2999.6
0.875 0.16666666666666666 2525.6
0.9166666666666666 0.16666666666666666 2494.3
0.9583333333333331 0.16666666666666666 1945.5
1.0 0.16666666666666666 2171.2
0.0 0.1875 3852.9
0.04166666666666666 0.1875 3930.9
0.08333333333333333 0.1875 3947.0
0.125 0.1875 3899.9
0.16666666666666666 0.1875 3818.7
0.2083333333333333 0.1875 3864.6
0.25 0.1875 3464.7
0.29166666666666663 0.1875 3737.6
0.3333333333333333 0.1875 3774.9
0.375 0.1875 3716.5
0.4166666666666666 0.1875 3687.1
0.4583333333333333 0.1875 3637.1
0.5 0.1875 3600.0
0.5416666666666666 0.1875 3543.8
0.5833333333333333 0.1875 3469.3
0.625 0.1875 3494.7
0.6666666666666666 0.1875 3371.4
0.7083333333333333 0.1875 3217.6
0.75 0.1875 3230.8
0.7916666666666666 0.1875 3123.7
0.8333333333333333 0.1875 3095.7
0.875 0.1875 2992.7
0.9166666666666666 0.1875 2590.8
0.9583333333333331 0.1875 1788.2
1.0 0.1875 2155.2
0.0 0.2083333333333333 3968.3
0.04166666666666666 0.2083333333333333 3904.4
0.08333333333333333 0.2083333333333333 3875.0
0.125 0.2083333333333333 3802.4
0.16666666666666666 0.2083333333333333 3900.7
0.2083333333333333 0.2083333333333333 3810.6
0.25 0.2083333333333333 3814.9
0.29166666666666663 0.2083333333333333 3730.8
0.3333333333333333 0.2083333333333333 3749.0
0.375 0.2083333333333333 3668.4
0.4166666666666666 0.2083333333333333 3647.3
0.4583333333333333 0.2083333333333333 3630.7
0.5 0.2083333333333333 3598.2
0.5416666666666666 0.2083333333333333 3518.4
0.5833333333333333 0.2083333333333333 3516.7
0.625 0.2083333333333333 3583.8
0.6666666666666666 0.2083333333333333 3379.4
0.7083333333333333 0.2083333333333333 3305.1
0.75 0.2083333333333333 3232.1
0.7916666666666666 0.2083333333333333 3292.3
0.8333333333333333 0.2083333333333333 2908.7
0.875 0.2083333333333333 2963.5
0.9166666666666666 0.2083333333333333 2288.6
0.9583333333333331 0.2083333333333333 2532.2
1.0 0.2083333333333333 2622.5
0.0 0.22916666666666666 3979.1
0.04166666666666666 0.22916666666666666 3883.7
0.08333333333333333 0.22916666666666666 3939.1
0.125 0.22916666666666666 3882.8
0.16666666666666666 0.22916666666666666 3834.4
0.2083333333333333 0.22916666666666666 3809.6
0.25 0.22916666666666666 3814.3
0.29166666666666663 0.22916666666666666 3799.1
0.3333333333333333 0.22916666666666666 3423.1
0.375 0.22916666666666666 3707.2
0.4166666666666666 0.22916666666666666 3751.3
0.4583333333333333 0.22916666666666666 3645.3
0.5 0.22916666666666666 3593.2
0.5416666666666666 0.22916666666666666 3552.8
0.5833333333333333 0.22916666666666666 3438.0
0.625 0.22916666666666666 3454.6
0.6666666666666666 0.22916666666666666 3502.2
0.7083333333333333 0.22916666666666666 3307.5
0.75 0.22916666666666666 3275.7
0.7916666666666666 0.22916666666666666 3150.6
0.8333333333333333 0.22916666666666666 2954.8
0.875 0.22916666666666666 2952.4
0.9166666666666666 0.22916666666666666 2821.7
0.9583333333333331 0.22916666666666666 2377.4
1.0 0.22916666666666666 2727.9
0.0 0.25 3951.7
0.04166666666666666 0.25 3980.0
0.08333333333333333 0.25 3875.4
0.125 0.25 3901.7
0.16666666666666666 0.25 3881.1
0.2083333333333333 0.25 3848.6
0.25 0.25 3408.0
0.29166666666666663 0.25 3763.5
0.3333333333333333 0.25 3786.8
0.375 0.25 3761.3
0.4166666666666666 0.25 3687.2
0.4583333333333333 0.25 3710.9
0.5 0.25 3648.5
0.5416666666666666 0.25 3633.7
0.5833333333333333 0.25 3523.3
0.625 0.25 3560.6
0.6666666666666666 0.25 3351.4
0.7083333333333333 0.25 3322.1
0.75 0.25 2853.7
0.7916666666666666 0.25 3225.0
0.8333333333333333 0.25 2458.8
0.875 0.25 2751.5
0.9166666666666666 0.25 2959.7
0.9583333333333331 0.25 3360.9
1.0 0.25 2795.2
0.0 0.2708333333333333 4009.2
0.04166666666666666 0.2708333333333333 3985.2
0.08333333333333333 0.2708333333333333 3961.2
0.125 0.2708333333333333 3504.7
0.16666666666666666 0.2708333333333333 3913.1
0.2083333333333333 0.2708333333333333 3826.3
0.25 0.2708333333333333 3858.9
0.29166666666666663 0.2708333333333333 3821.8
0.3333333333333333 0.2708333333333333 3841.5
0.375 0.2708333333333333 3755.3
0.4166666666666666 0.2708333333333333 3708.3
0.4583333333333333 0.2708333333333333 3686.2
0.5 0.2708333333333333 3598.1
0.5416666666666666 0.2708333333333333 3684.0
0.5833333333333333 0.2708333333333333 3585.1
0.625 0.2708333333333333 3553.4
0.6666666666666666 0.2708333333333333 3546.3
0.7083333333333333 0.2708333333333333 3394.4
0.75 0.2708333333333333 3416.2
0.7916666666666666 0.2708333333333333 3287.6
0.8333333333333333 0.2708333333333333 2969.0
0.875 0.2708333333333333 2966.2
0.9166666666666666 0.2708333333333333 3242.2
0.9583333333333331 0.2708333333333333 2946.7
1.0 0.2708333333333333 3322.6
0.0 0.29166666666666663 3954.5
0.04166666666666666 0.29166666666666663 3518.0
0.08333333333333333 0.29166666666666663 3957.8
0.125 0.29166666666666663 3941.8
0.16666666666666666 0.29166666666666663 3904.9
0.2083333333333333 0.29166666666666663 3824.3
0.25 0.29166666666666663 3903.2
0.29166666666666663 0.29166666666666663 3872.9
0.3333333333333333 0.29166666666666663 3789.8
0.375 0.29166666666666663 3762.0
0.4166666666666666 0.29166666666666663 3735.0
0.4583333333333333 0.29166666666666663 3716.6
0.5 0.29166666666666663 3652.3
0.5416666666666666 0.29166666666666663 3259.2
0.5833333333333333 0.29166666666666663 3568.4
0.625 0.29166666666666663 3631.1
0.6666666666666666 0.29166666666666663 3615.0
0.7083333333333333 0.29166666666666663 3418.4
0.75 0.29166666666666663 3341.5
0.7916666666666666 0.29166666666666663 3434.6
0.8333333333333333 0.29166666666666663 3071.0
0.875 0.29166666666666663 3117.7
0.9166666666666666 0.29166666666666663 3327.9
0.9583333333333331 0.29166666666666663 2748.6
1.0 0.29166666666666663 2754.8
0.0 0.3125 3556.9
0.04166666666666666 0.3125 3954.7
0.08333333333333333 0.3125 3859.5
0.125 0.3125 3877.6
0.16666666666666666 0.3125 3961.2
0.2083333333333333 0.3125 3872.7
0.25 0.3125 3874.1
0.29166666666666663 0.3125 3845.4
0.3333333333333333 0.3125 3838.4
0.375 0.3125 3788.2
0.4166666666666666 0.3125 3772.5
0.4583333333333333 0.3125 3779.7
0.5 0.3125 3705.9
0.5416666666666666 0.3125 3765.5
0.5833333333333333 0.3125 3662.9
0.625 0.3125 3449.9
0.6666666666666666 0.3125 3672.3
0.7083333333333333 0.3125 3551.8
0.75 0.3125 3404.5
0.7916666666666666 0.3125 3497.7
0.8333333333333333 0.3125 3395.2
0.875 0.3125 3431.9
0.9166666666666666 0.3125 2899.2
0.9583333333333331 0.3125 2855.9
1.0 0.3125 2994.9
0.0 0.3333333333333333 3592.1
0.04166666666666666 0.3333333333333333 3965.6
0.08333333333333333 0.3333333333333333 3933.8
0.125 0.3333333333333333 3966.8
0.16666666666666666 0.3333333333333333 3527.0
0.2083333333333333 0.3333333333333333 3849.4
0.25 0.3333333333333333 3870.1
0.29166666666666663 0.3333333333333333 3469.8
0.3333333333333333 0.3333333333333333 3867.6
0.375 0.3333333333333333 3858.4
0.4166666666666666 0.3333333333333333 3833.6
0.4583333333333333 0.3333333333333333 3780.4
0.5 0.3333333333333333 3670.7
0.5416666666666666 0.3333333333333333 3658.3
0.5833333333333333 0.3333333333333333 3810.7
0.625 0.3333333333333333 3601.2
0.6666666666666666 0.3333333333333333 3518.4
0.7083333333333333 0.3333333333333333 3513.7
0.75 0.3333333333333333 3625.0
0.7916666666666666 0.3333333333333333 3484.4
0.8333333333333333 0.3333333333333333 3711.5
0.875 0.3333333333333333 2870.6
0.9166666666666666 0.3333333333333333 3381.1
0.9583333333333331 0.3333333333333333 3068.7
1.0 0.3333333333333333 3280.1
0.0 0.35416666666666663 4027.6
0.04166666666666666 0.35416666666666663 3890.7
0.08333333333333333 0.35416666666666663 3970.5
0.125 0.35416666666666663 3920.1
0.16666666666666666 0.35416666666666663 3944.4
0.2083333333333333 0.35416666666666663 3938.8
0.25 0.35416666666666663 3912.4
0.29166666666666663 0.35416666666666663 3896.5
0.3333333333333333 0.35416666666666663 3830.5
0.375 0.35416666666666663 3862.1
0.4166666666666666 0.35416666666666663 3448.0
0.4583333333333333 0.35416666666666663 3703.3
0.5 0.35416666666666663 3716.7
0.5416666666666666 0.35416666666666663 3709.2
0.5833333333333333 0.35416666666666663 3613.3
0.625 0.35416666666666663 3506.8
0.6666666666666666 0.35416666666666663 3525.3
0.7083333333333333 0.35416666666666663 3473.5
0.75 0.35416666666666663 3606.9
0.7916666666666666 0.35416666666666663 3323.8
0.8333333333333333 0.35416666666666663 3427.1
0.875 0.35416666666666663 3254.3
0.9166666666666666 0.35416666666666663 3365.6
0.9583333333333331 0.35416666666666663 3607.0
1.0 0.35416666666666663 3205.7
0.0 0.375 3880.5
0.04166666666666666 0.375 3896.2
0.08333333333333333 0.375 3946.4
0.125 0.375 3913.7
0.16666666666666666 0.375 3954.5
0.2083333333333333 0.375 3889.5
0.25 0.375 3882.8
0.29166666666666663 0.375 3945.2
0.3333333333333333 0.375 3973.0
0.375 0.375 3822.7
0.4166666666666666 0.375 3755.0
0.4583333333333333 0.375 3910.0
0.5 0.375 3739.3
0.5416666666666666 0.375 3687.2
0.5833333333333333 0.375 3757.3
0.625 0.375 3744.5
0.6666666666666666 0.375 3616.5
0.7083333333333333 0.375 3678.5
0.75 0.375 3458.5
0.7916666666666666 0.375 3573.9
0.8333333333333333 0.375 3260.4
0.875 0.375 3310.9
0.9166666666666666 0.375 2984.3
0.9583333333333331 0.375 3396.3
1.0 0.375 3314.4
0.0 0.3958333333333333 3973.6
0.04166666666666666 0.3958333333333333 3950.7
0.08333333333333333 0.3958333333333333 3953.0
0.125 0.3958333333333333 3898.0
0.16666666666666666 0.3958333333333333 3905.1
0.2083333333333333 0.3958333333333333 3882.0
0.25 0.3958333333333333 3900.7
0.29166666666666663 0.3958333333333333 3869.1
0.3333333333333333 0.3958333333333333 3917.8
0.375 0.3958333333333333 3833.8
0.4166666666666666 0.3958333333333333 3775.0
0.4583333333333333 0.3958333333333333 3803.2
0.5 0.3958333333333333 3742.9
0.5416666666666666 0.3958333333333333 3467.9
0.5833333333333333 0.3958333333333333 3810.5
0.625 0.3958333333333333 3725.3
0.6666666666666666 0.3958333333333333 3599.7
0.7083333333333333 0.3958333333333333 3662.8
0.75 0.3958333333333333 3575.3
0.7916666666666666 0.3958333333333333 3088.8
0.8333333333333333 0.3958333333333333 3837.8
0.875 0.3958333333333333 3781.0
0.9166666666666666 0.3958333333333333 3491.1
0.9583333333333331 0.3958333333333333 3660.5
1.0 0.3958333333333333 3295.5
0.0 0.4166666666666666 3880.0
0.04166666666666666 0.4166666666666666 3945.7
0.08333333333333333 0.4166666666666666 3964.5
0.125 0.4166666666666666 3977.1
0.16666666666666666 0.4166666666666666 3917.6
0.2083333333333333 0.4166666666666666 3907.8
0.25 0.4166666666666666 3959.3
0.29166666666666663 0.4166666666666666 3796.1
0.3333333333333333 0.4166666666666666 4004.1
0.375 0.4166666666666666 3859.9
0.4166666666666666 0.4166666666666666 3787.8
0.4583333333333333 0.4166666666666666 3851.0
0.5 0.4166666666666666 3853.3
0.5416666666666666 0.4166666666666666 3729.3
0.5833333333333333 0.4166666666666666 3728.3
0.625 0.4166666666666666 3813.3
0.6666666666666666 0.4166666666666666 3539.1
0.7083333333333333 0.4166666666666666 3696.4
0.75 0.4166666666666666 3610.6
0.7916666666666666 0.4166666666666666 3808.7
0.8333333333333333 0.4166666666666666 3702.4
0.875 0.4166666666666666 3545.6
0.9166666666666666 0.4166666666666666 3446.5
0.9583333333333331 0.4166666666666666 3525.4
1.0 0.4166666666666666 3026.7
0.0 0.4375 3924.8
0.04166666666666666 0.4375 3983.5
0.08333333333333333 0.4375 3948.5
0.125 0.4375 3926.2
0.16666666666666666 0.4375 3868.2
0.2083333333333333 0.4375 3947.6
0.25 0.4375 3846.5
0.29166666666666663 0.4375 3931.4
0.3333333333333333 0.4375 3959.8
0.375 0.4375 3841.5
0.4166666666666666 0.4375 3875.5
0.4583333333333333 0.4375 3909.4
0.5 0.4375 3777.2
0.5416666666666666 0.4375 3690.2
0.5833333333333333 0.4375 3781.8
0.625 0.4375 3702.8
0.6666666666666666 0.4375 3679.4
0.7083333333333333 0.4375 3777.3
0.75 0.4375 3699.0
0.7916666666666666 0.4375 3658.2
0.8333333333333333 0.4375 3504.4
0.875 0.4375 3376.0
0.9166666666666666 0.4375 3528.1
0.9583333333333331 0.4375 3553.9
1.0 0.4375 3898.4
0.0 0.4583333333333333 4042.7
0.04166666666666666 0.4583333333333333 3923.4
0.08333333333333333 0.4583333333333333 3895.6
0.125 0.4583333333333333 3936.8
0.16666666666666666 0.4583333333333333 4009.5
0.2083333333333333 0.4583333333333333 3955.7
0.25 0.4583333333333333 3927.2
0.29166666666666663 0.4583333333333333 3889.6
0.3333333333333333 0.4583333333333333 3820.6
0.375 0.4583333333333333 3847.7
0.4166666666666666 0.4583333333333333 3841.2
0.4583333333333333 0.4583333333333333 3830.7
0.5 0.4583333333333333 3882.8
0.5416666666666666 0.4583333333333333 3732.0
0.5833333333333333 0.4583333333333333 3835.3
0.625 0.4583333333333333 3793.7
0.6666666666666666 0.4583333333333333 3722.0
0.7083333333333333 0.4583333333333333 3669.9
0.75 0.4583333333333333 3468.5
0.7916666666666666 0.4583333333333333 3755.5
0.8333333333333333 0.4583333333333333 3415.1
0.875 0.4583333333333333 3679.9
0.9166666666666666 0.4583333333333333 3516.4
0.9583333333333331 0.4583333333333333 3770.4
1.0 0.4583333333333333 3267.5
0.0 0.4791666666666666 3986.0
0.04166666666666666 0.4791666666666666 3921.3
0.08333333333333333 0.4791666666666666 3980.8
0.125 0.4791666666666666 3905.1
0.16666666666666666 0.4791666666666666 3884.7
0.2083333333333333 0.4791666666666666 3934.6
0.25 0.4791666666666666 3909.2
0.29166666666666663 0.4791666666666666 3973.5
0.3333333333333333 0.4791666666666666 3800.1
0.375 0.4791666666666666 3883.8
0.4166666666666666 0.4791666666666666 3910.6
0.4583333333333333 0.4791666666666666 3784.3
0.5 0.4791666666666666 3704.5
0.5416666666666666 0.4791666666666666 3828.5
0.5833333333333333 0.4791666666666666 3615.3
0.625 0.4791666666666666 3636.5
0.6666666666666666 0.4791666666666666 3727.2
0.7083333333333333 0.4791666666666666 3757.6
0.75 0.4791666666666666 3655.7
0.7916666666666666 0.4791666666666666 3692.7
0.8333333333333333 0.4791666666666666 3597.3
0.875 0.4791666666666666 3707.5
0.9166666666666666 0.4791666666666666 3256.4
0.9583333333333331 0.4791666666666666 3173.3
1.0 0.4791666666666666 3263.6
0.0 0.5 3993.1
0.04166666666666666 0.5 3887.9
0.08333333333333333 0.5 3937.6
0.125 0.5 3950.4
0.16666666666666666 0.5 3885.5
0.2083333333333333 0.5 3599.6
0.25 0.5 3927.1
0.29166666666666663 0.5 3867.9
0.3333333333333333 0.5 3878.4
0.375 0.5 3835.9
0.4166666666666666 0.5 3821.7
0.4583333333333333 0.5 3941.7
0.5 0.5 3950.4
0.5416666666666666 0.5 3773.7
0.5833333333333333 0.5 3820.1
0.625 0.5 3626.1
0.6666666666666666 0.5 3727.0
0.7083333333333333 0.5 3758.9
0.75 0.5 3777.2
0.7916666666666666 0.5 3715.6
0.8333333333333333 0.5 3471.7
0.875 0.5 3742.5
0.9166666666666666 0.5 3738.1
0.9583333333333331 0.5 3427.9
1.0 0.5 3595.1
