0.0 0.0 2525
0.041666666666666664 0.0 2585
0.08333333333333333 0.0 2471
0.125 0.0 2427
0.16666666666666666 0.0 2470
0.20833333333333331 0.0 2455
0.25 0.0 2464
0.29166666666666663 0.0 2461
0.3333333333333333 0.0 2334
0.375 0.0 2348
0.41666666666666663 0.0 2314
0.4583333333333333 0.0 2350
0.5 0.0 2347
0.5416666666666666 0.0 2231
0.5833333333333333 0.0 2155
0.625 0.0 2132
0.6666666666666666 0.0 2050
0.7083333333333333 0.0 1872
0.75 0.0 1839
0.7916666666666666 0.0 1752
0.8333333333333333 0.0 1
0.875 0.0 1336
0.9166666666666666 0.0 1009
0.9583333333333333 0.0 0
1.0 0.0 0
0.0 0.020833333333333332 2592
0.041666666666666664 0.020833333333333332 2619
0.08333333333333333 0.020833333333333332 2555
0.125 0.020833333333333332 2350
0.16666666666666666 0.020833333333333332 2370
0.20833333333333331 0.020833333333333332 2392
0.25 0.020833333333333332 2557
0.29166666666666663 0.020833333333333332 2468
0.3333333333333333 0.020833333333333332 2430
0.375 0.020833333333333332 2384
0.41666666666666663 0.020833333333333332 2362
0.4583333333333333 0.020833333333333332 2261
0.5 0.020833333333333332 2299
0.5416666666666666 0.020833333333333332 2290
0.5833333333333333 0.020833333333333332 2179
0.625 0.020833333333333332 2110
0.6666666666666666 0.020833333333333332 2077
0.7083333333333333 0.020833333333333332 1986
0.75 0.020833333333333332 1882
0.7916666666666666 0.020833333333333332 1767
0.8333333333333333 0.020833333333333332 1602
0.875 0.020833333333333332 1428
0.9166666666666666 0.020833333333333332 1064
0.9583333333333333 0.020833333333333332 896
1.0 0.020833333333333332 70
0.0 0.041666666666666664 2596
0.041666666666666664 0.041666666666666664 2417
0.08333333333333333 0.041666666666666664 2605
0.125 0.041666666666666664 2529
0.16666666666666666 0.041666666666666664 2531
0.20833333333333331 0.041666666666666664 2555
0.25 0.041666666666666664 2367
0.29166666666666663 0.041666666666666664 2314
0.3333333333333333 0.041666666666666664 2267
0.375 0.041666666666666664 2379
0.41666666666666663 0.041666666666666664 2234
0.4583333333333333 0.041666666666666664 2239
0.5 0.041666666666666664 2319
0.5416666666666666 0.041666666666666664 2219
0.5833333333333333 0.041666666666666664 2188
0.625 0.041666666666666664 2189
0.6666666666666666 0.041666666666666664 2047
0.7083333333333333 0.041666666666666664 2012
0.75 0.041666666666666664 1943
0.7916666666666666 0.041666666666666664 1713
0.8333333333333333 0.041666666666666664 1659
0.875 0.041666666666666664 1319
0.9166666666666666 0.041666666666666664 1194
0.9583333333333333 0.041666666666666664 963
1.0 0.041666666666666664 912
0.0 0.0625 2449
0.041666666666666664 0.0625 2491
0.08333333333333333 0.0625 2542
0.125 0.0625 2469
0.16666666666666666 0.0625 2527
0.20833333333333331 0.0625 2496
0.25 0.0625 2472
0.29166666666666663 0.0625 2374
0.3333333333333333 0.0625 2376
0.375 0.0625 2389
0.41666666666666663 0.0625 2376
0.4583333333333333 0.0625 2241
0.5 0.0625 2186
0.5416666666666666 0.0625 2194
0.5833333333333333 0.0625 2138
0.625 0.0625 2105
0.6666666666666666 0.0625 2011
0.7083333333333333 0.0625 1982
0.75 0.0625 1845
0.7916666666666666 0.0625 1796
0.8333333333333333 0.0625 1569
0.875 0.0625 1474
0.9166666666666666 0.0625 1127
0.9583333333333333 0.0625 1166
1.0 0.0625 772
0.0 0.08333333333333333 2471
0.041666666666666664 0.08333333333333333 2456
0.08333333333333333 0.08333333333333333 2382
0.125 0.08333333333333333 2427
0.16666666666666666 0.08333333333333333 2378
0.20833333333333331 0.08333333333333333 2473
0.25 0.08333333333333333 2476
0.29166666666666663 0.08333333333333333 2399
0.3333333333333333 0.08333333333333333 2520
0.375 0.08333333333333333 2395
0.41666666666666663 0.08333333333333333 2300
0.4583333333333333 0.08333333333333333 2333
0.5 0.08333333333333333 2299
0.5416666666666666 0.08333333333333333 2294
0.5833333333333333 0.08333333333333333 2165
0.625 0.08333333333333333 2026
0.6666666666666666 0.08333333333333333 2085
0.7083333333333333 0.08333333333333333 2113
0.75 0.08333333333333333 1778
0.7916666666666666 0.08333333333333333 1740
0.8333333333333333 0.08333333333333333 1596
0.875 0.08333333333333333 1441
0.9166666666666666 0.08333333333333333 1221
0.9583333333333333 0.08333333333333333 629
1.0 0.08333333333333333 526
0.0 0.10416666666666666 2478
0.041666666666666664 0.10416666666666666 2530
0.08333333333333333 0.10416666666666666 2567
0.125 0.10416666666666666 2459
0.16666666666666666 0.10416666666666666 2534
0.20833333333333331 0.10416666666666666 2523
0.25 0.10416666666666666 2495
0.29166666666666663 0.10416666666666666 2480
0.3333333333333333 0.10416666666666666 2274
0.375 0.10416666666666666 2427
0.41666666666666663 0.10416666666666666 2337
0.4583333333333333 0.10416666666666666 2216
0.5 0.10416666666666666 2306
0.5416666666666666 0.10416666666666666 2317
0.5833333333333333 0.10416666666666666 2212
0.625 0.10416666666666666 2211
0.6666666666666666 0.10416666666666666 2019
0.7083333333333333 0.10416666666666666 2012
0.75 0.10416666666666666 1922
0.7916666666666666 0.10416666666666666 1787
0.8333333333333333 0.10416666666666666 1697
0.875 0.10416666666666666 1527
0.9166666666666666 0.10416666666666666 1183
0.9583333333333333 0.10416666666666666 1644
1.0 0.10416666666666666 959
0.0 0.125 2541
0.041666666666666664 0.125 2431
0.08333333333333333 0.125 2447
0.125 0.125 2506
0.16666666666666666 0.125 2426
0.20833333333333331 0.125 2389
0.25 0.125 2432
0.29166666666666663 0.125 2458
0.3333333333333333 0.125 2415
0.375 0.125 2345
0.41666666666666663 0.125 2396
0.4583333333333333 0.125 2358
0.5 0.125 2294
0.5416666666666666 0.125 2209
0.5833333333333333 0.125 2293
0.625 0.125 2202
0.6666666666666666 0.125 2173
0.7083333333333333 0.125 2003
0.75 0.125 2155
0.7916666666666666 0.125 1722
0.8333333333333333 0.125 1921
0.875 0.125 1462
0.9166666666666666 0.125 1116
0.9583333333333333 0.125 717
1.0 0.125 1816
0.0 0.14583333333333331 2602
0.041666666666666664 0.14583333333333331 2394
0.08333333333333333 0.14583333333333331 2524
0.125 0.14583333333333331 2468
0.16666666666666666 0.14583333333333331 2515
0.20833333333333331 0.14583333333333331 2513
0.25 0.14583333333333331 2475
0.29166666666666663 0.14583333333333331 2416
0.3333333333333333 0.14583333333333331 2385
0.375 0.14583333333333331 2361
0.41666666666666663 0.14583333333333331 2349
0.4583333333333333 0.14583333333333331 2251
0.5 0.14583333333333331 2261
0.5416666666666666 0.14583333333333331 2182
0.5833333333333333 0.14583333333333331 2164
0.625 0.14583333333333331 2131
0.6666666666666666 0.14583333333333331 2237
0.7083333333333333 0.14583333333333331 2008
0.75 0.14583333333333331 1881
0.7916666666666666 0.14583333333333331 2023
0.8333333333333333 0.14583333333333331 1921
0.875 0.14583333333333331 1554
0.9166666666666666 0.14583333333333331 1295
0.9583333333333333 0.14583333333333331 761
1.0 0.14583333333333331 800
0.0 0.16666666666666666 2589
0.041666666666666664 0.16666666666666666 2580
0.08333333333333333 0.16666666666666666 2529
0.125 0.16666666666666666 2565
0.16666666666666666 0.16666666666666666 2455
0.20833333333333331 0.16666666666666666 2361
0.25 0.16666666666666666 2469
0.29166666666666663 0.16666666666666666 2483
0.3333333333333333 0.16666666666666666 2437
0.375 0.16666666666666666 2301
0.41666666666666663 0.16666666666666666 2322
0.4583333333333333 0.16666666666666666 2376
0.5 0.16666666666666666 2262
0.5416666666666666 0.16666666666666666 2307
0.5833333333333333 0.16666666666666666 2188
0.625 0.16666666666666666 2268
0.6666666666666666 0.16666666666666666 2091
0.7083333333333333 0.16666666666666666 2029
0.75 0.16666666666666666 1887
0.7916666666666666 0.16666666666666666 1952
0.8333333333333333 0.16666666666666666 2267
0.875 0.16666666666666666 1458
0.9166666666666666 0.16666666666666666 1100
0.9583333333333333 0.16666666666666666 979
1.0 0.16666666666666666 1565
0.0 0.1875 2479
0.041666666666666664 0.1875 2424
0.08333333333333333 0.1875 2601
0.125 0.1875 2392
0.16666666666666666 0.1875 2442
0.20833333333333331 0.1875 2458
0.25 0.1875 2384
0.29166666666666663 0.1875 2355
0.3333333333333333 0.1875 2451
0.375 0.1875 2371
0.41666666666666663 0.1875 2337
0.4583333333333333 0.1875 2393
0.5 0.1875 2333
0.5416666666666666 0.1875 2271
0.5833333333333333 0.1875 2302
0.625 0.1875 2315
0.6666666666666666 0.1875 2052
0.7083333333333333 0.1875 1971
0.75 0.1875 2185
0.7916666666666666 0.1875 2060
0.8333333333333333 0.1875 1758
0.875 0.1875 1867
0.9166666666666666 0.1875 2387
0.9583333333333333 0.1875 755
1.0 0.1875 1684
0.0 0.20833333333333331 2544
0.041666666666666664 0.20833333333333331 2469
0.08333333333333333 0.20833333333333331 2581
0.125 0.20833333333333331 2459
0.16666666666666666 0.20833333333333331 2427
0.20833333333333331 0.20833333333333331 2495
0.25 0.20833333333333331 2464
0.29166666666666663 0.20833333333333331 2400
0.3333333333333333 0.20833333333333331 2369
0.375 0.20833333333333331 2353
0.41666666666666663 0.20833333333333331 2265
0.4583333333333333 0.20833333333333331 2281
0.5 0.20833333333333331 2305
0.5416666666666666 0.20833333333333331 2234
0.5833333333333333 0.20833333333333331 2215
0.625 0.20833333333333331 2359
0.6666666666666666 0.20833333333333331 2046
0.7083333333333333 0.20833333333333331 2207
0.75 0.20833333333333331 2017
0.7916666666666666 0.20833333333333331 1806
0.8333333333333333 0.20833333333333331 1605
0.875 0.20833333333333331 2167
0.9166666666666666 0.20833333333333331 1195
0.9583333333333333 0.20833333333333331 2001
1.0 0.20833333333333331 1815
0.0 0.22916666666666666 2470
0.041666666666666664 0.22916666666666666 2441
0.08333333333333333 0.22916666666666666 2520
0.125 0.22916666666666666 2615
0.16666666666666666 0.22916666666666666 2541
0.20833333333333331 0.22916666666666666 2461
0.25 0.22916666666666666 2416
0.29166666666666663 0.22916666666666666 2452
0.3333333333333333 0.22916666666666666 2433
0.375 0.22916666666666666 2422
0.41666666666666663 0.22916666666666666 2441
0.4583333333333333 0.22916666666666666 2357
0.5 0.22916666666666666 2344
0.5416666666666666 0.22916666666666666 2348
0.5833333333333333 0.22916666666666666 2191
0.625 0.22916666666666666 2157
0.6666666666666666 0.22916666666666666 2318
0.7083333333333333 0.22916666666666666 2002
0.75 0.22916666666666666 1969
0.7916666666666666 0.22916666666666666 2296
0.8333333333333333 0.22916666666666666 1754
0.875 0.22916666666666666 1755
0.9166666666666666 0.22916666666666666 2191
0.9583333333333333 0.22916666666666666 1945
1.0 0.22916666666666666 1421
0.0 0.25 2604
0.041666666666666664 0.25 2434
0.08333333333333333 0.25 2575
0.125 0.25 2400
0.16666666666666666 0.25 2499
0.20833333333333331 0.25 2537
0.25 0.25 2453
0.29166666666666663 0.25 2530
0.3333333333333333 0.25 2453
0.375 0.25 2428
0.41666666666666663 0.25 2328
0.4583333333333333 0.25 2418
0.5 0.25 2199
0.5416666666666666 0.25 2223
0.5833333333333333 0.25 2302
0.625 0.25 2137
0.6666666666666666 0.25 2182
0.7083333333333333 0.25 2018
0.75 0.25 2144
0.7916666666666666 0.25 2384
0.8333333333333333 0.25 1685
0.875 0.25 2195
0.9166666666666666 0.25 1905
0.9583333333333333 0.25 2321
1.0 0.25 1272
0.0 0.2708333333333333 2545
0.041666666666666664 0.2708333333333333 2457
0.08333333333333333 0.2708333333333333 2420
0.125 0.2708333333333333 2371
0.16666666666666666 0.2708333333333333 2541
0.20833333333333331 0.2708333333333333 2510
0.25 0.2708333333333333 2561
0.29166666666666663 0.2708333333333333 2410
0.3333333333333333 0.2708333333333333 2354
0.375 0.2708333333333333 2456
0.41666666666666663 0.2708333333333333 2321
0.4583333333333333 0.2708333333333333 2281
0.5 0.2708333333333333 2329
0.5416666666666666 0.2708333333333333 2299
0.5833333333333333 0.2708333333333333 2291
0.625 0.2708333333333333 2292
0.6666666666666666 0.2708333333333333 2436
0.7083333333333333 0.2708333333333333 2408
0.75 0.2708333333333333 2371
0.7916666666666666 0.2708333333333333 1785
0.8333333333333333 0.2708333333333333 2491
0.875 0.2708333333333333 2418
0.9166666666666666 0.2708333333333333 1605
0.9583333333333333 0.2708333333333333 951
1.0 0.2708333333333333 2392
0.0 0.29166666666666663 2421
0.041666666666666664 0.29166666666666663 2522
0.08333333333333333 0.29166666666666663 2587
0.125 0.29166666666666663 2541
0.16666666666666666 0.29166666666666663 2526
0.20833333333333331 0.29166666666666663 2598
0.25 0.29166666666666663 2528
0.29166666666666663 0.29166666666666663 2507
0.3333333333333333 0.29166666666666663 2466
0.375 0.29166666666666663 2383
0.41666666666666663 0.29166666666666663 2321
0.4583333333333333 0.29166666666666663 2297
0.5 0.29166666666666663 2329
0.5416666666666666 0.29166666666666663 2313
0.5833333333333333 0.29166666666666663 2213
0.625 0.29166666666666663 2113
0.6666666666666666 0.29166666666666663 2348
0.7083333333333333 0.29166666666666663 2493
0.75 0.29166666666666663 1915
0.7916666666666666 0.29166666666666663 2439
0.8333333333333333 0.29166666666666663 1717
0.875 0.29166666666666663 2514
0.9166666666666666 0.29166666666666663 1293
0.9583333333333333 0.29166666666666663 2455
1.0 0.29166666666666663 2310
0.0 0.3125 2521
0.041666666666666664 0.3125 2576
0.08333333333333333 0.3125 2496
0.125 0.3125 2486
0.16666666666666666 0.3125 2524
0.20833333333333331 0.3125 2462
0.25 0.3125 2539
0.29166666666666663 0.3125 2475
0.3333333333333333 0.3125 2508
0.375 0.3125 2391
0.41666666666666663 0.3125 2437
0.4583333333333333 0.3125 2276
0.5 0.3125 2259
0.5416666666666666 0.3125 2435
0.5833333333333333 0.3125 2529
0.625 0.3125 2143
0.6666666666666666 0.3125 2208
0.7083333333333333 0.3125 2225
0.75 0.3125 2421
0.7916666666666666 0.3125 2504
0.8333333333333333 0.3125 2039
0.875 0.3125 2416
0.9166666666666666 0.3125 1943
0.9583333333333333 0.3125 1488
1.0 0.3125 1236
0.0 0.3333333333333333 2552
0.041666666666666664 0.3333333333333333 2401
0.08333333333333333 0.3333333333333333 2637
0.125 0.3333333333333333 2547
0.16666666666666666 0.3333333333333333 2532
0.20833333333333331 0.3333333333333333 2432
0.25 0.3333333333333333 2633
0.29166666666666663 0.3333333333333333 2471
0.3333333333333333 0.3333333333333333 2477
0.375 0.3333333333333333 2455
0.41666666666666663 0.3333333333333333 2575
0.4583333333333333 0.3333333333333333 2528
0.5 0.3333333333333333 2322
0.5416666666666666 0.3333333333333333 2239
0.5833333333333333 0.3333333333333333 2532
0.625 0.3333333333333333 2609
0.6666666666666666 0.3333333333333333 2485
0.7083333333333333 0.3333333333333333 2259
0.75 0.3333333333333333 2067
0.7916666666666666 0.3333333333333333 1867
0.8333333333333333 0.3333333333333333 2471
0.875 0.3333333333333333 1668
0.9166666666666666 0.3333333333333333 2317
0.9583333333333333 0.3333333333333333 1537
1.0 0.3333333333333333 2644
0.0 0.35416666666666663 2643
0.041666666666666664 0.35416666666666663 2543
0.08333333333333333 0.35416666666666663 2530
0.125 0.35416666666666663 2386
0.16666666666666666 0.35416666666666663 2509
0.20833333333333331 0.35416666666666663 2528
0.25 0.35416666666666663 2375
0.29166666666666663 0.35416666666666663 2487
0.3333333333333333 0.35416666666666663 2408
0.375 0.35416666666666663 2391
0.41666666666666663 0.35416666666666663 2358
0.4583333333333333 0.35416666666666663 2363
0.5 0.35416666666666663 2337
0.5416666666666666 0.35416666666666663 2492
0.5833333333333333 0.35416666666666663 2215
0.625 0.35416666666666663 2152
0.6666666666666666 0.35416666666666663 2031
0.7083333333333333 0.35416666666666663 2150
0.75 0.35416666666666663 2109
0.7916666666666666 0.35416666666666663 1819
0.8333333333333333 0.35416666666666663 2012
0.875 0.35416666666666663 1714
0.9166666666666666 0.35416666666666663 2600
0.9583333333333333 0.35416666666666663 1874
1.0 0.35416666666666663 2290
0.0 0.375 2567
0.041666666666666664 0.375 2497
0.08333333333333333 0.375 2570
0.125 0.375 2310
0.16666666666666666 0.375 2582
0.20833333333333331 0.375 2480
0.25 0.375 2387
0.29166666666666663 0.375 2646
0.3333333333333333 0.375 2587
0.375 0.375 2457
0.41666666666666663 0.375 2395
0.4583333333333333 0.375 2454
0.5 0.375 2430
0.5416666666666666 0.375 2352
0.5833333333333333 0.375 2254
0.625 0.375 2072
0.6666666666666666 0.375 2503
0.7083333333333333 0.375 2621
0.75 0.375 2062
0.7916666666666666 0.375 2077
0.8333333333333333 0.375 2315
0.875 0.375 1745
0.9166666666666666 0.375 1521
0.9583333333333333 0.375 2422
1.0 0.375 2510
0.0 0.3958333333333333 2571
0.041666666666666664 0.3958333333333333 2519
0.08333333333333333 0.3958333333333333 2484
0.125 0.3958333333333333 2461
0.16666666666666666 0.3958333333333333 2438
0.20833333333333331 0.3958333333333333 2391
0.25 0.3958333333333333 2408
0.29166666666666663 0.3958333333333333 2432
0.3333333333333333 0.3958333333333333 2374
0.375 0.3958333333333333 2401
0.41666666666666663 0.3958333333333333 2681
0.4583333333333333 0.3958333333333333 2572
0.5 0.3958333333333333 2351
0.5416666666666666 0.3958333333333333 2296
0.5833333333333333 0.3958333333333333 2544
0.625 0.3958333333333333 2177
0.6666666666666666 0.3958333333333333 2494
0.7083333333333333 0.3958333333333333 2181
0.75 0.3958333333333333 1948
0.7916666666666666 0.3958333333333333 2391
0.8333333333333333 0.3958333333333333 2292
0.875 0.3958333333333333 2366
0.9166666666666666 0.3958333333333333 2377
0.9583333333333333 0.3958333333333333 2256
1.0 0.3958333333333333 1268
0.0 0.41666666666666663 2557
0.041666666666666664 0.41666666666666663 2416
0.08333333333333333 0.41666666666666663 2567
0.125 0.41666666666666663 2500
0.16666666666666666 0.41666666666666663 2571
0.20833333333333331 0.41666666666666663 2553
0.25 0.41666666666666663 2416
0.29166666666666663 0.41666666666666663 2466
0.3333333333333333 0.41666666666666663 2580
0.375 0.41666666666666663 2513
0.41666666666666663 0.41666666666666663 2457
0.4583333333333333 0.41666666666666663 2478
0.5 0.41666666666666663 2439
0.5416666666666666 0.41666666666666663 2358
0.5833333333333333 0.41666666666666663 2545
0.625 0.41666666666666663 2643
0.6666666666666666 0.41666666666666663 2122
0.7083333333333333 0.41666666666666663 2552
0.75 0.41666666666666663 2015
0.7916666666666666 0.41666666666666663 2654
0.8333333333333333 0.41666666666666663 2606
0.875 0.41666666666666663 1859
0.9166666666666666 0.41666666666666663 2508
0.9583333333333333 0.41666666666666663 2490
1.0 0.41666666666666663 1403
0.0 0.4375 2478
0.041666666666666664 0.4375 2617
0.08333333333333333 0.4375 2490
0.125 0.4375 2555
0.16666666666666666 0.4375 2427
0.20833333333333331 0.4375 2599
0.25 0.4375 2585
0.29166666666666663 0.4375 2443
0.3333333333333333 0.4375 2451
0.375 0.4375 2536
0.41666666666666663 0.4375 2400
0.4583333333333333 0.4375 2410
0.5 0.4375 2482
0.5416666666666666 0.4375 2343
0.5833333333333333 0.4375 2590
0.625 0.4375 2422
0.6666666666666666 0.4375 2564
0.7083333333333333 0.4375 2258
0.75 0.4375 2516
0.7916666666666666 0.4375 2204
0.8333333333333333 0.4375 2584
0.875 0.4375 2517
0.9166666666666666 0.4375 2447
0.9583333333333333 0.4375 2558
1.0 0.4375 2570
0.0 0.4583333333333333 2346
0.041666666666666664 0.4583333333333333 2411
0.08333333333333333 0.4583333333333333 2407
0.125 0.4583333333333333 2642
0.16666666666666666 0.4583333333333333 2580
0.20833333333333331 0.4583333333333333 2608
0.25 0.4583333333333333 2623
0.29166666666666663 0.4583333333333333 2478
0.3333333333333333 0.4583333333333333 2622
0.375 0.4583333333333333 2396
0.41666666666666663 0.4583333333333333 2413
0.4583333333333333 0.4583333333333333 2396
0.5 0.4583333333333333 2292
0.5416666666666666 0.4583333333333333 2314
0.5833333333333333 0.4583333333333333 2386
0.625 0.4583333333333333 2284
0.6666666666666666 0.4583333333333333 2275
0.7083333333333333 0.4583333333333333 2539
0.75 0.4583333333333333 2026
0.7916666666666666 0.4583333333333333 2609
0.8333333333333333 0.4583333333333333 2375
0.875 0.4583333333333333 2625
0.9166666666666666 0.4583333333333333 2354
0.9583333333333333 0.4583333333333333 2562
1.0 0.4583333333333333 2627
0.0 0.47916666666666663 2531
0.041666666666666664 0.47916666666666663 2563
0.08333333333333333 0.47916666666666663 2584
0.125 0.47916666666666663 2469
0.16666666666666666 0.47916666666666663 2632
0.20833333333333331 0.47916666666666663 2485
0.25 0.47916666666666663 2509
0.29166666666666663 0.47916666666666663 2518
0.3333333333333333 0.47916666666666663 2302
0.375 0.47916666666666663 2373
0.41666666666666663 0.47916666666666663 2376
0.4583333333333333 0.47916666666666663 2374
0.5 0.47916666666666663 2399
0.5416666666666666 0.47916666666666663 2363
0.5833333333333333 0.47916666666666663 2337
0.625 0.47916666666666663 2404
0.6666666666666666 0.47916666666666663 2216
0.7083333333333333 0.47916666666666663 2661
0.75 0.47916666666666663 2312
0.7916666666666666 0.47916666666666663 1975
0.8333333333333333 0.47916666666666663 1897
0.875 0.47916666666666663 1763
0.9166666666666666 0.47916666666666663 2028
0.9583333333333333 0.47916666666666663 2481
1.0 0.47916666666666663 1544
0.0 0.5 2548
0.041666666666666664 0.5 2536
0.08333333333333333 0.5 2448
0.125 0.5 2564
0.16666666666666666 0.5 2395
0.20833333333333331 0.5 2623
0.25 0.5 2438
0.29166666666666663 0.5 2643
0.3333333333333333 0.5 2458
0.375 0.5 2397
0.41666666666666663 0.5 2396
0.4583333333333333 0.5 2600
0.5 0.5 2388
0.5416666666666666 0.5 2327
0.5833333333333333 0.5 2413
0.625 0.5 2427
0.6666666666666666 0.5 2513
0.7083333333333333 0.5 2233
0.75 0.5 2584
0.7916666666666666 0.5 2045
0.8333333333333333 0.5 2486
0.875 0.5 2608
0.9166666666666666 0.5 1970
0.9583333333333333 0.5 1604
1.0 0.5 2620
