0.0 0.0 2506
0.041666666666666664 0.0 2572
0.08333333333333333 0.0 2500
0.125 0.0 0
0.16666666666666666 0.0 2520
0.20833333333333331 0.0 2400
0.25 0.0 2448
0.29166666666666663 0.0 2397
0.3333333333333333 0.0 0
0.375 0.0 2520
0.41666666666666663 0.0 2353
0.4583333333333333 0.0 2323
0.5 0.0 2232
0.5416666666666666 0.0 2235
0.5833333333333333 0.0 2171
0.625 0.0 2121
0.6666666666666666 0.0 2078
0.7083333333333333 0.0 1958
0.75 0.0 1874
0.7916666666666666 0.0 1654
0.8333333333333333 0.0 1558
0.875 0.0 1265
0.9166666666666666 0.0 1045
0.9583333333333333 0.0 504
1.0 0.0 0
0.0 0.020833333333333332 2421
0.041666666666666664 0.020833333333333332 2446
0.08333333333333333 0.020833333333333332 2576
0.125 0.020833333333333332 2613
0.16666666666666666 0.020833333333333332 2404
0.20833333333333331 0.020833333333333332 2422
0.25 0.020833333333333332 2509
0.29166666666666663 0.020833333333333332 2446
0.3333333333333333 0.020833333333333332 2333
0.375 0.020833333333333332 2356
0.41666666666666663 0.020833333333333332 2389
0.4583333333333333 0.020833333333333332 2298
0.5 0.020833333333333332 2251
0.5416666666666666 0.020833333333333332 2257
0.5833333333333333 0.020833333333333332 2201
0.625 0.020833333333333332 2145
0.6666666666666666 0.020833333333333332 2047
0.7083333333333333 0.020833333333333332 1994
0.75 0.020833333333333332 1834
0.7916666666666666 0.020833333333333332 1753
0.8333333333333333 0.020833333333333332 1531
0.875 0.020833333333333332 1384
0.9166666666666666 0.020833333333333332 1045
0.9583333333333333 0.020833333333333332 448
1.0 0.020833333333333332 296
0.0 0.041666666666666664 2568
0.041666666666666664 0.041666666666666664 2618
0.08333333333333333 0.041666666666666664 2519
0.125 0.041666666666666664 2416
0.16666666666666666 0.041666666666666664 2497
0.20833333333333331 0.041666666666666664 2486
0.25 0.041666666666666664 2418
0.29166666666666663 0.041666666666666664 2390
0.3333333333333333 0.041666666666666664 2379
0.375 0.041666666666666664 2328
0.41666666666666663 0.041666666666666664 2391
0.4583333333333333 0.041666666666666664 2289
0.5 0.041666666666666664 2234
0.5416666666666666 0.041666666666666664 2187
0.5833333333333333 0.041666666666666664 2219
0.625 0.041666666666666664 2157
0.6666666666666666 0.041666666666666664 2072
0.7083333333333333 0.041666666666666664 1946
0.75 0.041666666666666664 1821
0.7916666666666666 0.041666666666666664 1679
0.8333333333333333 0.041666666666666664 1646
0.875 0.041666666666666664 1429
0.9166666666666666 0.041666666666666664 1319
0.9583333333333333 0.041666666666666664 560
1.0 0.041666666666666664 513
0.0 0.0625 2489
0.041666666666666664 0.0625 2585
0.08333333333333333 0.0625 2450
0.125 0.0625 2415
0.16666666666666666 0.0625 2520
0.20833333333333331 0.0625 2477
0.25 0.0625 2452
0.29166666666666663 0.0625 2340
0.3333333333333333 0.0625 2378
0.375 0.0625 2398
0.41666666666666663 0.0625 2353
0.4583333333333333 0.0625 2257
0.5 0.0625 2290
0.5416666666666666 0.0625 2251
0.5833333333333333 0.0625 2137
0.625 0.0625 2077
0.6666666666666666 0.0625 2052
0.7083333333333333 0.0625 1992
0.75 0.0625 1951
0.7916666666666666 0.0625 1775
0.8333333333333333 0.0625 1649
0.875 0.0625 1541
0.9166666666666666 0.0625 1148
0.9583333333333333 0.0625 713
1.0 0.0625 283
0.0 0.08333333333333333 2609
0.041666666666666664 0.08333333333333333 2621
0.08333333333333333 0.08333333333333333 2479
0.125 0.08333333333333333 2518
0.16666666666666666 0.08333333333333333 2488
0.20833333333333331 0.08333333333333333 2441
0.25 0.08333333333333333 2505
0.29166666666666663 0.08333333333333333 2486
0.3333333333333333 0.08333333333333333 2368
0.375 0.08333333333333333 2335
0.41666666666666663 0.08333333333333333 2313
0.4583333333333333 0.08333333333333333 2384
0.5 0.08333333333333333 2286
0.5416666666666666 0.08333333333333333 2267
0.5833333333333333 0.08333333333333333 2218
0.625 0.08333333333333333 2173
0.6666666666666666 0.08333333333333333 2006
0.7083333333333333 0.08333333333333333 1963
0.75 0.08333333333333333 2078
0.7916666666666666 0.08333333333333333 1789
0.8333333333333333 0.08333333333333333 1619
0.875 0.08333333333333333 1420
0.9166666666666666 0.08333333333333333 1201
0.9583333333333333 0.08333333333333333 706
1.0 0.08333333333333333 545
0.0 0.10416666666666666 2522
0.041666666666666664 0.10416666666666666 2486
0.08333333333333333 0.10416666666666666 2465
0.125 0.10416666666666666 2551
0.16666666666666666 0.10416666666666666 2445
0.20833333333333331 0.10416666666666666 2360
0.25 0.10416666666666666 2416
0.29166666666666663 0.10416666666666666 2415
0.3333333333333333 0.10416666666666666 2430
0.375 0.10416666666666666 2314
0.41666666666666663 0.10416666666666666 2396
0.4583333333333333 0.10416666666666666 2289
0.5 0.10416666666666666 2194
0.5416666666666666 0.10416666666666666 2205
0.5833333333333333 0.10416666666666666 2227
0.625 0.10416666666666666 2220
0.6666666666666666 0.10416666666666666 2030
0.7083333333333333 0.10416666666666666 2004
0.75 0.10416666666666666 1827
0.7916666666666666 0.10416666666666666 1746
0.8333333333333333 0.10416666666666666 1546
0.875 0.10416666666666666 1405
0.9166666666666666 0.10416666666666666 1075
0.9583333333333333 0.10416666666666666 1815
1.0 0.10416666666666666 1339
0.0 0.125 2447
0.041666666666666664 0.125 2467
0.08333333333333333 0.125 2524
0.125 0.125 2458
0.16666666666666666 0.125 2368
0.20833333333333331 0.125 2426
0.25 0.125 2472
0.29166666666666663 0.125 2512
0.3333333333333333 0.125 2311
0.375 0.125 2254
0.41666666666666663 0.125 2383
0.4583333333333333 0.125 2286
0.5 0.125 2345
0.5416666666666666 0.125 2170
0.5833333333333333 0.125 2217
0.625 0.125 2161
0.6666666666666666 0.125 2034
0.7083333333333333 0.125 1977
0.75 0.125 1921
0.7916666666666666 0.125 1750
0.8333333333333333 0.125 1881
0.875 0.125 1644
0.9166666666666666 0.125 1795
0.9583333333333333 0.125 1924
1.0 0.125 1126
0.0 0.14583333333333331 2433
0.041666666666666664 0.14583333333333331 2497
0.08333333333333333 0.14583333333333331 2455
0.125 0.14583333333333331 2391
0.16666666666666666 0.14583333333333331 2431
0.20833333333333331 0.14583333333333331 2461
0.25 0.14583333333333331 2516
0.29166666666666663 0.14583333333333331 2398
0.3333333333333333 0.14583333333333331 2445
0.375 0.14583333333333331 2493
0.41666666666666663 0.14583333333333331 2369
0.4583333333333333 0.14583333333333331 2228
0.5 0.14583333333333331 2275
0.5416666666666666 0.14583333333333331 2168
0.5833333333333333 0.14583333333333331 2169
0.625 0.14583333333333331 2108
0.6666666666666666 0.14583333333333331 2050
0.7083333333333333 0.14583333333333331 2113
0.75 0.14583333333333331 1830
0.7916666666666666 0.14583333333333331 1766
0.8333333333333333 0.14583333333333331 1608
0.875 0.14583333333333331 1634
0.9166666666666666 0.14583333333333331 1073
0.9583333333333333 0.14583333333333331 1053
1.0 0.14583333333333331 689
0.0 0.16666666666666666 2498
0.041666666666666664 0.16666666666666666 2393
0.08333333333333333 0.16666666666666666 2599
0.125 0.16666666666666666 2539
0.16666666666666666 0.16666666666666666 2523
0.20833333333333331 0.16666666666666666 2439
0.25 0.16666666666666666 2351
0.29166666666666663 0.16666666666666666 2372
0.3333333333333333 0.16666666666666666 2390
0.375 0.16666666666666666 2376
0.41666666666666663 0.16666666666666666 2428
0.4583333333333333 0.16666666666666666 2257
0.5 0.16666666666666666 2372
0.5416666666666666 0.16666666666666666 0
0.5833333333333333 0.16666666666666666 2212
0.625 0.16666666666666666 2181
0.6666666666666666 0.16666666666666666 2054
0.7083333333333333 0.16666666666666666 2179
0.75 0.16666666666666666 1926
0.7916666666666666 0.16666666666666666 1844
0.8333333333333333 0.16666666666666666 1713
0.875 0.16666666666666666 1480
0.9166666666666666 0.16666666666666666 1915
0.9583333333333333 0.16666666666666666 745
1.0 0.16666666666666666 2133
0.0 0.1875 2447
0.041666666666666664 0.1875 2499
0.08333333333333333 0.1875 2544
0.125 0.1875 2450
0.16666666666666666 0.1875 2515
0.20833333333333331 0.1875 2455
0.25 0.1875 2541
0.29166666666666663 0.1875 2473
0.3333333333333333 0.1875 2340
0.375 0.1875 2415
0.41666666666666663 0.1875 2381
0.4583333333333333 0.1875 2341
0.5 0.1875 2261
0.5416666666666666 0.1875 2225
0.5833333333333333 0.1875 2253
0.625 0.1875 2242
0.6666666666666666 0.1875 2268
0.7083333333333333 0.1875 2272
0.75 0.1875 2285
0.7916666666666666 0.1875 1809
0.8333333333333333 0.1875 1731
0.875 0.1875 2233
0.9166666666666666 0.1875 1240
0.9583333333333333 0.1875 1011
1.0 0.1875 1078
0.0 0.20833333333333331 2428
0.041666666666666664 0.20833333333333331 2539
0.08333333333333333 0.20833333333333331 2490
0.125 0.20833333333333331 2425
0.16666666666666666 0.20833333333333331 2531
0.20833333333333331 0.20833333333333331 2496
0.25 0.20833333333333331 2411
0.29166666666666663 0.20833333333333331 2348
0.3333333333333333 0.20833333333333331 2516
0.375 0.20833333333333331 2364
0.41666666666666663 0.20833333333333331 2336
0.4583333333333333 0.20833333333333331 2321
0.5 0.20833333333333331 2271
0.5416666666666666 0.20833333333333331 2277
0.5833333333333333 0.20833333333333331 2133
0.625 0.20833333333333331 2315
0.6666666666666666 0.20833333333333331 2253
0.7083333333333333 0.20833333333333331 1997
0.75 0.20833333333333331 2156
0.7916666666666666 0.20833333333333331 2301
0.8333333333333333 0.20833333333333331 1730
0.875 0.20833333333333331 1465
0.9166666666666666 0.20833333333333331 1199
0.9583333333333333 0.20833333333333331 1579
1.0 0.20833333333333331 2332
0.0 0.22916666666666666 2586
0.041666666666666664 0.22916666666666666 2569
0.08333333333333333 0.22916666666666666 2496
0.125 0.22916666666666666 2398
0.16666666666666666 0.22916666666666666 2493
0.20833333333333331 0.22916666666666666 2411
0.25 0.22916666666666666 2413
0.29166666666666663 0.22916666666666666 2394
0.3333333333333333 0.22916666666666666 0
0.375 0.22916666666666666 2452
0.41666666666666663 0.22916666666666666 2435
0.4583333333333333 0.22916666666666666 2465
0.5 0.22916666666666666 2318
0.5416666666666666 0.22916666666666666 2287
0.5833333333333333 0.22916666666666666 2332
0.625 0.22916666666666666 2233
0.6666666666666666 0.22916666666666666 2195
0.7083333333333333 0.22916666666666666 2133
0.75 0.22916666666666666 2391
0.7916666666666666 0.22916666666666666 1904
0.8333333333333333 0.22916666666666666 1928
0.875 0.22916666666666666 2275
0.9166666666666666 0.22916666666666666 1531
0.9583333333333333 0.22916666666666666 933
1.0 0.22916666666666666 1661
0.0 0.25 2500
0.041666666666666664 0.25 2524
0.08333333333333333 0.25 2413
0.125 0.25 2564
0.16666666666666666 0.25 2439
0.20833333333333331 0.25 2468
0.25 0.25 2435
0.29166666666666663 0.25 2288
0.3333333333333333 0.25 2265
0.375 0.25 2355
0.41666666666666663 0.25 2438
0.4583333333333333 0.25 2331
0.5 0.25 2427
0.5416666666666666 0.25 2503
0.5833333333333333 0.25 2215
0.625 0.25 2299
0.6666666666666666 0.25 2041
0.7083333333333333 0.25 2004
0.75 0.25 0
0.7916666666666666 0.25 1834
0.8333333333333333 0.25 1961
0.875 0.25 2286
0.9166666666666666 0.25 2130
0.9583333333333333 0.25 2480
1.0 0.25 2469
0.0 0.2708333333333333 2506
0.041666666666666664 0.2708333333333333 2613
0.08333333333333333 0.2708333333333333 2539
0.125 0.2708333333333333 2571
0.16666666666666666 0.2708333333333333 2510
0.20833333333333331 0.2708333333333333 2403
0.25 0.2708333333333333 2540
0.29166666666666663 0.2708333333333333 2434
0.3333333333333333 0.2708333333333333 2445
0.375 0.2708333333333333 2406
0.41666666666666663 0.2708333333333333 2404
0.4583333333333333 0.2708333333333333 2404
0.5 0.2708333333333333 2311
0.5416666666666666 0.2708333333333333 2229
0.5833333333333333 0.2708333333333333 2343
0.625 0.2708333333333333 2267
0.6666666666666666 0.2708333333333333 2216
0.7083333333333333 0.2708333333333333 2054
0.75 0.2708333333333333 2095
0.7916666666666666 0.2708333333333333 1868
0.8333333333333333 0.2708333333333333 1871
0.875 0.2708333333333333 1767
0.9166666666666666 0.2708333333333333 2166
0.9583333333333333 0.2708333333333333 2241
1.0 0.2708333333333333 2265
0.0 0.29166666666666663 2454
0.041666666666666664 0.29166666666666663 2408
0.08333333333333333 0.29166666666666663 2537
0.125 0.29166666666666663 2501
0.16666666666666666 0.29166666666666663 2534
0.20833333333333331 0.29166666666666663 2455
0.25 0.29166666666666663 2451
0.29166666666666663 0.29166666666666663 2515
0.3333333333333333 0.29166666666666663 2387
0.375 0.29166666666666663 2363
0.41666666666666663 0.29166666666666663 2406
0.4583333333333333 0.29166666666666663 2381
0.5 0.29166666666666663 2291
0.5416666666666666 0.29166666666666663 2295
0.5833333333333333 0.29166666666666663 2203
0.625 0.29166666666666663 2202
0.6666666666666666 0.29166666666666663 2196
0.7083333333333333 0.29166666666666663 2031
0.75 0.29166666666666663 2222
0.7916666666666666 0.29166666666666663 2334
0.8333333333333333 0.29166666666666663 2566
0.875 0.29166666666666663 1523
0.9166666666666666 0.29166666666666663 2172
0.9583333333333333 0.29166666666666663 1056
1.0 0.29166666666666663 2432
0.0 0.3125 2536
0.041666666666666664 0.3125 2404
0.08333333333333333 0.3125 2416
0.125 0.3125 2508
0.16666666666666666 0.3125 2591
0.20833333333333331 0.3125 2531
0.25 0.3125 2399
0.29166666666666663 0.3125 2511
0.3333333333333333 0.3125 2458
0.375 0.3125 2357
0.41666666666666663 0.3125 2359
0.4583333333333333 0.3125 2290
0.5 0.3125 2341
0.5416666666666666 0.3125 2411
0.5833333333333333 0.3125 2478
0.625 0.3125 2271
0.6666666666666666 0.3125 2242
0.7083333333333333 0.3125 2225
0.75 0.3125 1955
0.7916666666666666 0.3125 2166
0.8333333333333333 0.3125 2427
0.875 0.3125 2579
0.9166666666666666 0.3125 1303
0.9583333333333333 0.3125 1634
1.0 0.3125 2433
0.0 0.3333333333333333 2491
0.041666666666666664 0.3333333333333333 2648
0.08333333333333333 0.3333333333333333 2570
0.125 0.3333333333333333 2347
0.16666666666666666 0.3333333333333333 2397
0.20833333333333331 0.3333333333333333 2417
0.25 0.3333333333333333 2354
0.29166666666666663 0.3333333333333333 2415
0.3333333333333333 0.3333333333333333 2335
0.375 0.3333333333333333 2562
0.41666666666666663 0.3333333333333333 2464
0.4583333333333333 0.3333333333333333 2474
0.5 0.3333333333333333 2231
0.5416666666666666 0.3333333333333333 2568
0.5833333333333333 0.3333333333333333 2295
0.625 0.3333333333333333 2417
0.6666666666666666 0.3333333333333333 2105
0.7083333333333333 0.3333333333333333 2321
0.75 0.3333333333333333 2189
0.7916666666666666 0.3333333333333333 2093
0.8333333333333333 0.3333333333333333 2384
0.875 0.3333333333333333 1891
0.9166666666666666 0.3333333333333333 2235
0.9583333333333333 0.3333333333333333 2258
1.0 0.3333333333333333 2320
0.0 0.35416666666666663 2443
0.041666666666666664 0.35416666666666663 2529
0.08333333333333333 0.35416666666666663 2581
0.125 0.35416666666666663 2505
0.16666666666666666 0.35416666666666663 2435
0.20833333333333331 0.35416666666666663 2575
0.25 0.35416666666666663 2492
0.29166666666666663 0.35416666666666663 2526
0.3333333333333333 0.35416666666666663 2456
0.375 0.35416666666666663 2431
0.41666666666666663 0.35416666666666663 2388
0.4583333333333333 0.35416666666666663 2394
0.5 0.35416666666666663 2312
0.5416666666666666 0.35416666666666663 2503
0.5833333333333333 0.35416666666666663 2292
0.625 0.35416666666666663 2355
0.6666666666666666 0.35416666666666663 2224
0.7083333333333333 0.35416666666666663 2642
0.75 0.35416666666666663 2520
0.7916666666666666 0.35416666666666663 1958
0.8333333333333333 0.35416666666666663 2637
0.875 0.35416666666666663 1628
0.9166666666666666 0.35416666666666663 1421
0.9583333333333333 0.35416666666666663 1730
1.0 0.35416666666666663 2179
0.0 0.375 2621
0.041666666666666664 0.375 2480
0.08333333333333333 0.375 2519
0.125 0.375 2488
0.16666666666666666 0.375 2575
0.20833333333333331 0.375 2558
0.25 0.375 2419
0.29166666666666663 0.375 2474
0.3333333333333333 0.375 2554
0.375 0.375 2581
0.41666666666666663 0.375 2303
0.4583333333333333 0.375 2533
0.5 0.375 2494
0.5416666666666666 0.375 2225
0.5833333333333333 0.375 2295
0.625 0.375 2460
0.6666666666666666 0.375 2021
0.7083333333333333 0.375 2310
0.75 0.375 2121
0.7916666666666666 0.375 2259
0.8333333333333333 0.375 1928
0.875 0.375 1630
0.9166666666666666 0.375 1739
0.9583333333333333 0.375 1771
1.0 0.375 2327
0.0 0.3958333333333333 2466
0.041666666666666664 0.3958333333333333 2471
0.08333333333333333 0.3958333333333333 2505
0.125 0.3958333333333333 2642
0.16666666666666666 0.3958333333333333 2454
0.20833333333333331 0.3958333333333333 2526
0.25 0.3958333333333333 2400
0.29166666666666663 0.3958333333333333 2441
0.3333333333333333 0.3958333333333333 2380
0.375 0.3958333333333333 2546
0.41666666666666663 0.3958333333333333 2399
0.4583333333333333 0.3958333333333333 2403
0.5 0.3958333333333333 2420
0.5416666666666666 0.3958333333333333 2486
0.5833333333333333 0.3958333333333333 2452
0.625 0.3958333333333333 2225
0.6666666666666666 0.3958333333333333 2416
0.7083333333333333 0.3958333333333333 2171
0.75 0.3958333333333333 2577
0.7916666666666666 0.3958333333333333 2362
0.8333333333333333 0.3958333333333333 2441
0.875 0.3958333333333333 2542
0.9166666666666666 0.3958333333333333 2207
0.9583333333333333 0.3958333333333333 2546
1.0 0.3958333333333333 2344
0.0 0.41666666666666663 2524
0.041666666666666664 0.41666666666666663 2614
0.08333333333333333 0.41666666666666663 2599
0.125 0.41666666666666663 2512
0.16666666666666666 0.41666666666666663 2408
0.20833333333333331 0.41666666666666663 2377
0.25 0.41666666666666663 2547
0.29166666666666663 0.41666666666666663 2357
0.3333333333333333 0.41666666666666663 2448
0.375 0.41666666666666663 2402
0.41666666666666663 0.41666666666666663 2445
0.4583333333333333 0.41666666666666663 2536
0.5 0.41666666666666663 2602
0.5416666666666666 0.41666666666666663 2321
0.5833333333333333 0.41666666666666663 2499
0.625 0.41666666666666663 2296
0.6666666666666666 0.41666666666666663 2402
0.7083333333333333 0.41666666666666663 2574
0.75 0.41666666666666663 2394
0.7916666666666666 0.41666666666666663 2525
0.8333333333333333 0.41666666666666663 2307
0.875 0.41666666666666663 2540
0.9166666666666666 0.41666666666666663 2597
0.9583333333333333 0.41666666666666663 2141
1.0 0.41666666666666663 1963
0.0 0.4375 2480
0.041666666666666664 0.4375 2437
0.08333333333333333 0.4375 2475
0.125 0.4375 2566
0.16666666666666666 0.4375 2527
0.20833333333333331 0.4375 2603
0.25 0.4375 2358
0.29166666666666663 0.4375 2537
0.3333333333333333 0.4375 2521
0.375 0.4375 2414
0.41666666666666663 0.4375 2577
0.4583333333333333 0.4375 2337
0.5 0.4375 2354
0.5416666666666666 0.4375 2434
0.5833333333333333 0.4375 2385
0.625 0.4375 2261
0.6666666666666666 0.4375 2263
0.7083333333333333 0.4375 2114
0.75 0.4375 2426
0.7916666666666666 0.4375 2483
0.8333333333333333 0.4375 2533
0.875 0.4375 2594
0.9166666666666666 0.4375 2635
0.9583333333333333 0.4375 2575
1.0 0.4375 2516
0.0 0.4583333333333333 2571
0.041666666666666664 0.4583333333333333 2550
0.08333333333333333 0.4583333333333333 2434
0.125 0.4583333333333333 2518
0.16666666666666666 0.4583333333333333 2610
0.20833333333333331 0.4583333333333333 2561
0.25 0.4583333333333333 2533
0.29166666666666663 0.4583333333333333 2437
0.3333333333333333 0.4583333333333333 2371
0.375 0.4583333333333333 2541
0.41666666666666663 0.4583333333333333 2404
0.4583333333333333 0.4583333333333333 2351
0.5 0.4583333333333333 2439
0.5416666666666666 0.4583333333333333 2360
0.5833333333333333 0.4583333333333333 2622
0.625 0.4583333333333333 2479
0.6666666666666666 0.4583333333333333 2273
0.7083333333333333 0.4583333333333333 2108
0.75 0.4583333333333333 2227
0.7916666666666666 0.4583333333333333 2524
0.8333333333333333 0.4583333333333333 2065
0.875 0.4583333333333333 2529
0.9166666666666666 0.4583333333333333 2523
0.9583333333333333 0.4583333333333333 2510
1.0 0.4583333333333333 1920
0.0 0.47916666666666663 2500
0.041666666666666664 0.47916666666666663 2574
0.08333333333333333 0.47916666666666663 2443
0.125 0.47916666666666663 2487
0.16666666666666666 0.47916666666666663 2409
0.20833333333333331 0.47916666666666663 2540
0.25 0.47916666666666663 2578
0.29166666666666663 0.47916666666666663 2320
0.3333333333333333 0.47916666666666663 2387
0.375 0.47916666666666663 2421
0.41666666666666663 0.47916666666666663 2637
0.4583333333333333 0.47916666666666663 2303
0.5 0.47916666666666663 2346
0.5416666666666666 0.47916666666666663 2590
0.5833333333333333 0.47916666666666663 2290
0.625 0.47916666666666663 2275
0.6666666666666666 0.47916666666666663 2168
0.7083333333333333 0.47916666666666663 2281
0.75 0.47916666666666663 2009
0.7916666666666666 0.47916666666666663 2626
0.8333333333333333 0.47916666666666663 2468
0.875 0.47916666666666663 2658
0.9166666666666666 0.47916666666666663 1721
0.9583333333333333 0.47916666666666663 2566
1.0 0.47916666666666663 1540
0.0 0.5 2422
0.041666666666666664 0.5 2670
0.08333333333333333 0.5 2578
0.125 0.5 2419
0.16666666666666666 0.5 2620
0.20833333333333331 0.5 2440
0.25 0.5 2540
0.29166666666666663 0.5 2587
0.3333333333333333 0.5 2548
0.375 0.5 2387
0.41666666666666663 0.5 2392
0.4583333333333333 0.5 2571
0.5 0.5 2585
0.5416666666666666 0.5 2339
0.5833333333333333 0.5 2353
0.625 0.5 2311
0.6666666666666666 0.5 2393
0.7083333333333333 0.5 2474
0.75 0.5 2516
0.7916666666666666 0.5 2582
0.8333333333333333 0.5 2292
0.875 0.5 2430
0.9166666666666666 0.5 1674
0.9583333333333333 0.5 2161
1.0 0.5 2417
