0.0 0.0 2565
0.041666666666666664 0.0 2542
0.08333333333333333 0.0 2610
0.125 0.0 2373
0.16666666666666666 0.0 2541
0.20833333333333331 0.0 2469
0.25 0.0 2481
0.29166666666666663 0.0 2469
0.3333333333333333 0.0 2382
0.375 0.0 2389
0.41666666666666663 0.0 2340
0.4583333333333333 0.0 2222
0.5 0.0 0
0.5416666666666666 0.0 2336
0.5833333333333333 0.0 2182
0.625 0.0 2138
0.6666666666666666 0.0 2058
0.7083333333333333 0.0 1988
0.75 0.0 1850
0.7916666666666666 0.0 1727
0.8333333333333333 0.0 1537
0.875 0.0 1292
0.9166666666666666 0.0 0
0.9583333333333333 0.0 0
1.0 0.0 0
0.0 0.020833333333333332 2595
0.041666666666666664 0.020833333333333332 2391
0.08333333333333333 0.020833333333333332 2525
0.125 0.020833333333333332 2527
0.16666666666666666 0.020833333333333332 2436
0.20833333333333331 0.020833333333333332 2361
0.25 0.020833333333333332 2566
0.29166666666666663 0.020833333333333332 2330
0.3333333333333333 0.020833333333333332 2379
0.375 0.020833333333333332 2397
0.41666666666666663 0.020833333333333332 2372
0.4583333333333333 0.020833333333333332 2326
0.5 0.020833333333333332 2287
0.5416666666666666 0.020833333333333332 2208
0.5833333333333333 0.020833333333333332 2146
0.625 0.020833333333333332 2120
0.6666666666666666 0.020833333333333332 2026
0.7083333333333333 0.020833333333333332 1977
0.75 0.020833333333333332 1840
0.7916666666666666 0.020833333333333332 1756
0.8333333333333333 0.020833333333333332 1603
0.875 0.020833333333333332 1394
0.9166666666666666 0.020833333333333332 1043
0.9583333333333333 0.020833333333333332 655
1.0 0.020833333333333332 304
0.0 0.041666666666666664 2533
0.041666666666666664 0.041666666666666664 2561
0.08333333333333333 0.041666666666666664 2386
0.125 0.041666666666666664 2509
0.16666666666666666 0.041666666666666664 2487
0.20833333333333331 0.041666666666666664 2471
0.25 0.041666666666666664 2521
0.29166666666666663 0.041666666666666664 2414
0.3333333333333333 0.041666666666666664 2417
0.375 0.041666666666666664 2400
0.41666666666666663 0.041666666666666664 2252
0.4583333333333333 0.041666666666666664 2351
0.5 0.041666666666666664 2210
0.5416666666666666 0.041666666666666664 2246
0.5833333333333333 0.041666666666666664 2258
0.625 0.041666666666666664 2190
0.6666666666666666 0.041666666666666664 2083
0.7083333333333333 0.041666666666666664 1950
0.75 0.041666666666666664 1844
0.7916666666666666 0.041666666666666664 1868
0.8333333333333333 0.041666666666666664 1580
0.875 0.041666666666666664 1466
0.9166666666666666 0.041666666666666664 1277
0.9583333333333333 0.041666666666666664 721
1.0 0.041666666666666664 292
0.0 0.0625 2495
0.041666666666666664 0.0625 2404
0.08333333333333333 0.0625 2372
0.125 0.0625 2436
0.16666666666666666 0.0625 2474
0.20833333333333331 0.0625 2488
0.25 0.0625 2294
0.29166666666666663 0.0625 2486
0.3333333333333333 0.0625 2337
0.375 0.0625 2288
0.41666666666666663 0.0625 2362
0.4583333333333333 0.0625 2319
0.5 0.0625 2287
0.5416666666666666 0.0625 2283
0.5833333333333333 0.0625 2189
0.625 0.0625 2119
0.6666666666666666 0.0625 2017
0.7083333333333333 0.0625 2030
0.75 0.0625 1911
0.7916666666666666 0.0625 1724
0.8333333333333333 0.0625 1562
0.875 0.0625 1379
0.9166666666666666 0.0625 1463
0.9583333333333333 0.0625 623
1.0 0.0625 616
0.0 0.08333333333333333 2481
0.041666666666666664 0.08333333333333333 2472
0.08333333333333333 0.08333333333333333 2431
0.125 0.08333333333333333 2463
0.16666666666666666 0.08333333333333333 0
0.20833333333333331 0.08333333333333333 2415
0.25 0.08333333333333333 2525
0.29166666666666663 0.08333333333333333 2411
0.3333333333333333 0.08333333333333333 2412
0.375 0.08333333333333333 2434
0.41666666666666663 0.08333333333333333 2243
0.4583333333333333 0.08333333333333333 2352
0.5 0.08333333333333333 2307
0.5416666666666666 0.08333333333333333 2248
0.5833333333333333 0.08333333333333333 2291
0.625 0.08333333333333333 2192
0.6666666666666666 0.08333333333333333 2077
0.7083333333333333 0.08333333333333333 1963
0.75 0.08333333333333333 2078
0.7916666666666666 0.08333333333333333 1731
0.8333333333333333 0.08333333333333333 1598
0.875 0.08333333333333333 1361
0.9166666666666666 0.08333333333333333 1248
0.9583333333333333 0.08333333333333333 577
1.0 0.08333333333333333 599
0.0 0.10416666666666666 2698
0.041666666666666664 0.10416666666666666 2608
0.08333333333333333 0.10416666666666666 2522
0.125 0.10416666666666666 2522
0.16666666666666666 0.10416666666666666 2519
0.20833333333333331 0.10416666666666666 2539
0.25 0.10416666666666666 2385
0.29166666666666663 0.10416666666666666 2469
0.3333333333333333 0.10416666666666666 2409
0.375 0.10416666666666666 2317
0.41666666666666663 0.10416666666666666 2327
0.4583333333333333 0.10416666666666666 2260
0.5 0.10416666666666666 2294
0.5416666666666666 0.10416666666666666 2224
0.5833333333333333 0.10416666666666666 2235
0.625 0.10416666666666666 2311
0.6666666666666666 0.10416666666666666 2072
0.7083333333333333 0.10416666666666666 2168
0.75 0.10416666666666666 1889
0.7916666666666666 0.10416666666666666 1920
0.8333333333333333 0.10416666666666666 1752
0.875 0.10416666666666666 1429
0.9166666666666666 0.10416666666666666 1224
0.9583333333333333 0.10416666666666666 992
1.0 0.10416666666666666 994
0.0 0.125 2585
0.041666666666666664 0.125 2536
0.08333333333333333 0.125 2530
0.125 0.125 2558
0.16666666666666666 0.125 2372
0.20833333333333331 0.125 2449
0.25 0.125 2342
0.29166666666666663 0.125 2454
0.3333333333333333 0.125 2341
0.375 0.125 2272
0.41666666666666663 0.125 2380
0.4583333333333333 0.125 2374
0.5 0.125 2261
0.5416666666666666 0.125 2247
0.5833333333333333 0.125 2222
0.625 0.125 2142
0.6666666666666666 0.125 2107
0.7083333333333333 0.125 2090
0.75 0.125 1899
0.7916666666666666 0.125 1802
0.8333333333333333 0.125 1882
0.875 0.125 1410
0.9166666666666666 0.125 1173
0.9583333333333333 0.125 1561
1.0 0.125 1585
0.0 0.14583333333333331 2421
0.041666666666666664 0.14583333333333331 2549
0.08333333333333333 0.14583333333333331 2515
0.125 0.14583333333333331 2400
0.16666666666666666 0.14583333333333331 2341
0.20833333333333331 0.14583333333333331 2409
0.25 0.14583333333333331 2387
0.29166666666666663 0.14583333333333331 2431
0.3333333333333333 0.14583333333333331 2460
0.375 0.14583333333333331 2413
0.41666666666666663 0.14583333333333331 2370
0.4583333333333333 0.14583333333333331 2298
0.5 0.14583333333333331 2332
0.5416666666666666 0.14583333333333331 2239
0.5833333333333333 0.14583333333333331 2222
0.625 0.14583333333333331 2232
0.6666666666666666 0.14583333333333331 2041
0.7083333333333333 0.14583333333333331 2027
0.75 0.14583333333333331 1912
0.7916666666666666 0.14583333333333331 1745
0.8333333333333333 0.14583333333333331 1635
0.875 0.14583333333333331 1388
0.9166666666666666 0.14583333333333331 1186
0.9583333333333333 0.14583333333333331 708
1.0 0.14583333333333331 2261
0.0 0.16666666666666666 2607
0.041666666666666664 0.16666666666666666 2461
0.08333333333333333 0.16666666666666666 2346
0.125 0.16666666666666666 2592
0.16666666666666666 0.16666666666666666 2562
0.20833333333333331 0.16666666666666666 2498
0.25 0.16666666666666666 2410
0.29166666666666663 0.16666666666666666 2345
0.3333333333333333 0.16666666666666666 2396
0.375 0.16666666666666666 2447
0.41666666666666663 0.16666666666666666 2305
0.4583333333333333 0.16666666666666666 2266
0.5 0.16666666666666666 2234
0.5416666666666666 0.16666666666666666 2326
0.5833333333333333 0.16666666666666666 2227
0.625 0.16666666666666666 2069
0.6666666666666666 0.16666666666666666 2186
0.7083333333333333 0.16666666666666666 1931
0.75 0.16666666666666666 1987
0.7916666666666666 0.16666666666666666 1814
0.8333333333333333 0.16666666666666666 2039
0.875 0.16666666666666666 1626
0.9166666666666666 0.16666666666666666 1907
0.9583333333333333 0.16666666666666666 747
1.0 0.16666666666666666 958
0.0 0.1875 2559
0.041666666666666664 0.1875 2595
0.08333333333333333 0.1875 2409
0.125 0.1875 2430
0.16666666666666666 0.1875 2423
0.20833333333333331 0.1875 2542
0.25 0.1875 2458
0.29166666666666663 0.1875 2390
0.3333333333333333 0.1875 2518
0.375 0.1875 2372
0.41666666666666663 0.1875 2405
0.4583333333333333 0.1875 2294
0.5 0.1875 2302
0.5416666666666666 0.1875 2384
0.5833333333333333 0.1875 2313
0.625 0.1875 2087
0.6666666666666666 0.1875 2348
0.7083333333333333 0.1875 2152
0.75 0.1875 1896
0.7916666666666666 0.1875 1868
0.8333333333333333 0.1875 1779
0.875 0.1875 1732
0.9166666666666666 0.1875 1653
0.9583333333333333 0.1875 802
1.0 0.1875 1112
0.0 0.20833333333333331 2593
0.041666666666666664 0.20833333333333331 2422
0.08333333333333333 0.20833333333333331 2398
0.125 0.20833333333333331 2419
0.16666666666666666 0.20833333333333331 2478
0.20833333333333331 0.20833333333333331 2447
0.25 0.20833333333333331 2474
0.29166666666666663 0.20833333333333331 2388
0.3333333333333333 0.20833333333333331 2430
0.375 0.20833333333333331 2383
0.41666666666666663 0.20833333333333331 2307
0.4583333333333333 0.20833333333333331 2359
0.5 0.20833333333333331 2353
0.5416666666666666 0.20833333333333331 2312
0.5833333333333333 0.20833333333333331 2236
0.625 0.20833333333333331 2454
0.6666666666666666 0.20833333333333331 2089
0.7083333333333333 0.20833333333333331 2070
0.75 0.20833333333333331 1911
0.7916666666666666 0.20833333333333331 2133
0.8333333333333333 0.20833333333333331 1877
0.875 0.20833333333333331 1849
0.9166666666666666 0.20833333333333331 2087
0.9583333333333333 0.20833333333333331 2461
1.0 0.20833333333333331 2176
0.0 0.22916666666666666 2533
0.041666666666666664 0.22916666666666666 2471
0.08333333333333333 0.22916666666666666 2422
0.125 0.22916666666666666 2368
0.16666666666666666 0.22916666666666666 2468
0.20833333333333331 0.22916666666666666 2414
0.25 0.22916666666666666 2310
0.29166666666666663 0.22916666666666666 2517
0.3333333333333333 0.22916666666666666 2493
0.375 0.22916666666666666 2415
0.41666666666666663 0.22916666666666666 2494
0.4583333333333333 0.22916666666666666 2343
0.5 0.22916666666666666 2376
0.5416666666666666 0.22916666666666666 2261
0.5833333333333333 0.22916666666666666 2221
0.625 0.22916666666666666 2268
0.6666666666666666 0.22916666666666666 2254
0.7083333333333333 0.22916666666666666 2023
0.75 0.22916666666666666 2414
0.7916666666666666 0.22916666666666666 1831
0.8333333333333333 0.22916666666666666 1862
0.875 0.22916666666666666 1809
0.9166666666666666 0.22916666666666666 1807
0.9583333333333333 0.22916666666666666 928
1.0 0.22916666666666666 2086
0.0 0.25 2431
0.041666666666666664 0.25 2586
0.08333333333333333 0.25 2519
0.125 0.25 2406
0.16666666666666666 0.25 2450
0.20833333333333331 0.25 2541
0.25 0.25 2404
0.29166666666666663 0.25 2432
0.3333333333333333 0.25 2377
0.375 0.25 2509
0.41666666666666663 0.25 2350
0.4583333333333333 0.25 2476
0.5 0.25 2250
0.5416666666666666 0.25 2334
0.5833333333333333 0.25 2388
0.625 0.25 2360
0.6666666666666666 0.25 2265
0.7083333333333333 0.25 2077
0.75 0.25 2016
0.7916666666666666 0.25 1829
0.8333333333333333 0.25 1701
0.875 0.25 1459
0.9166666666666666 0.25 1763
0.9583333333333333 0.25 1749
1.0 0.25 2396
0.0 0.2708333333333333 2603
0.041666666666666664 0.2708333333333333 2591
0.08333333333333333 0.2708333333333333 2607
0.125 0.2708333333333333 2403
0.16666666666666666 0.2708333333333333 2605
0.20833333333333331 0.2708333333333333 2461
0.25 0.2708333333333333 2423
0.29166666666666663 0.2708333333333333 2435
0.3333333333333333 0.2708333333333333 2403
0.375 0.2708333333333333 2519
0.41666666666666663 0.2708333333333333 2303
0.4583333333333333 0.2708333333333333 2356
0.5 0.2708333333333333 2304
0.5416666666666666 0.2708333333333333 2253
0.5833333333333333 0.2708333333333333 2350
0.625 0.2708333333333333 2543
0.6666666666666666 0.2708333333333333 2342
0.7083333333333333 0.2708333333333333 2024
0.75 0.2708333333333333 1989
0.7916666666666666 0.2708333333333333 2338
0.8333333333333333 0.2708333333333333 2057
0.875 0.2708333333333333 1707
0.9166666666666666 0.2708333333333333 2422
0.9583333333333333 0.2708333333333333 2396
1.0 0.2708333333333333 1527
0.0 0.29166666666666663 2409
0.041666666666666664 0.29166666666666663 2563
0.08333333333333333 0.29166666666666663 2582
0.125 0.29166666666666663 2496
0.16666666666666666 0.29166666666666663 2571
0.20833333333333331 0.29166666666666663 2421
0.25 0.29166666666666663 2540
0.29166666666666663 0.29166666666666663 2441
0.3333333333333333 0.29166666666666663 2288
0.375 0.29166666666666663 2606
0.41666666666666663 0.29166666666666663 2378
0.4583333333333333 0.29166666666666663 2369
0.5 0.29166666666666663 2345
0.5416666666666666 0.29166666666666663 2325
0.5833333333333333 0.29166666666666663 2514
0.625 0.29166666666666663 2496
0.6666666666666666 0.29166666666666663 2240
0.7083333333333333 0.29166666666666663 2056
0.75 0.29166666666666663 1922
0.7916666666666666 0.29166666666666663 2265
0.8333333333333333 0.29166666666666663 1836
0.875 0.29166666666666663 2422
0.9166666666666666 0.29166666666666663 2245
0.9583333333333333 0.29166666666666663 1589
1.0 0.29166666666666663 906
0.0 0.3125 0
0.041666666666666664 0.3125 2508
0.08333333333333333 0.3125 2415
0.125 0.3125 2572
0.16666666666666666 0.3125 2535
0.20833333333333331 0.3125 2404
0.25 0.3125 2461
0.29166666666666663 0.3125 2407
0.3333333333333333 0.3125 2431
0.375 0.3125 2348
0.41666666666666663 0.3125 2397
0.4583333333333333 0.3125 2460
0.5 0.3125 2520
0.5416666666666666 0.3125 2250
0.5833333333333333 0.3125 2260
0.625 0.3125 2151
0.6666666666666666 0.3125 2230
0.7083333333333333 0.3125 2553
0.75 0.3125 1928
0.7916666666666666 0.3125 2011
0.8333333333333333 0.3125 1767
0.875 0.3125 2369
0.9166666666666666 0.3125 2513
0.9583333333333333 0.3125 1859
1.0 0.3125 2591
0.0 0.3333333333333333 2564
0.041666666666666664 0.3333333333333333 2548
0.08333333333333333 0.3333333333333333 2520
0.125 0.3333333333333333 2578
0.16666666666666666 0.3333333333333333 2505
0.20833333333333331 0.3333333333333333 2452
0.25 0.3333333333333333 2421
0.29166666666666663 0.3333333333333333 2431
0.3333333333333333 0.3333333333333333 2473
0.375 0.3333333333333333 2461
0.41666666666666663 0.3333333333333333 2594
0.4583333333333333 0.3333333333333333 2345
0.5 0.3333333333333333 2320
0.5416666666666666 0.3333333333333333 2461
0.5833333333333333 0.3333333333333333 2360
0.625 0.3333333333333333 2204
0.6666666666666666 0.3333333333333333 2219
0.7083333333333333 0.3333333333333333 2171
0.75 0.3333333333333333 2255
0.7916666666666666 0.3333333333333333 2513
0.8333333333333333 0.3333333333333333 2504
0.875 0.3333333333333333 1535
0.9166666666666666 0.3333333333333333 2570
0.9583333333333333 0.3333333333333333 2179
1.0 0.3333333333333333 1913
0.0 0.35416666666666663 2644
0.041666666666666664 0.35416666666666663 2544
0.08333333333333333 0.35416666666666663 2554
0.125 0.35416666666666663 2592
0.16666666666666666 0.35416666666666663 2634
0.20833333333333331 0.35416666666666663 2472
0.25 0.35416666666666663 2447
0.29166666666666663 0.35416666666666663 2510
0.3333333333333333 0.35416666666666663 2452
0.375 0.35416666666666663 2569
0.41666666666666663 0.35416666666666663 2344
0.4583333333333333 0.35416666666666663 2387
0.5 0.35416666666666663 2558
0.5416666666666666 0.35416666666666663 2523
0.5833333333333333 0.35416666666666663 2306
0.625 0.35416666666666663 2133
0.6666666666666666 0.35416666666666663 2141
0.7083333333333333 0.35416666666666663 2092
0.75 0.35416666666666663 2227
0.7916666666666666 0.35416666666666663 2047
0.8333333333333333 0.35416666666666663 2103
0.875 0.35416666666666663 2494
0.9166666666666666 0.35416666666666663 1705
0.9583333333333333 0.35416666666666663 1911
1.0 0.35416666666666663 2607
0.0 0.375 2395
0.041666666666666664 0.375 2449
0.08333333333333333 0.375 2434
0.125 0.375 2486
0.16666666666666666 0.375 2427
0.20833333333333331 0.375 2500
0.25 0.375 2546
0.29166666666666663 0.375 2573
0.3333333333333333 0.375 2482
0.375 0.375 2450
0.41666666666666663 0.375 2440
0.4583333333333333 0.375 2558
0.5 0.375 2311
0.5416666666666666 0.375 2308
0.5833333333333333 0.375 2396
0.625 0.375 2650
0.6666666666666666 0.375 2607
0.7083333333333333 0.375 2039
0.75 0.375 2452
0.7916666666666666 0.375 1921
0.8333333333333333 0.375 1780
0.875 0.375 1552
0.9166666666666666 0.375 1643
0.9583333333333333 0.375 2464
1.0 0.375 2065
0.0 0.3958333333333333 2489
0.041666666666666664 0.3958333333333333 2563
0.08333333333333333 0.3958333333333333 2532
0.125 0.3958333333333333 2613
0.16666666666666666 0.3958333333333333 2488
0.20833333333333331 0.3958333333333333 2530
0.25 0.3958333333333333 2480
0.29166666666666663 0.3958333333333333 2372
0.3333333333333333 0.3958333333333333 2575
0.375 0.3958333333333333 2456
0.41666666666666663 0.3958333333333333 2431
0.4583333333333333 0.3958333333333333 2395
0.5 0.3958333333333333 2440
0.5416666666666666 0.3958333333333333 2340
0.5833333333333333 0.3958333333333333 2586
0.625 0.3958333333333333 2549
0.6666666666666666 0.3958333333333333 2264
0.7083333333333333 0.3958333333333333 2497
0.75 0.3958333333333333 2166
0.7916666666666666 0.3958333333333333 1903
0.8333333333333333 0.3958333333333333 2517
0.875 0.3958333333333333 2619
0.9166666666666666 0.3958333333333333 2428
0.9583333333333333 0.3958333333333333 2539
1.0 0.3958333333333333 2068
0.0 0.41666666666666663 2442
0.041666666666666664 0.41666666666666663 2587
0.08333333333333333 0.41666666666666663 2568
0.125 0.41666666666666663 2520
0.16666666666666666 0.41666666666666663 2583
0.20833333333333331 0.41666666666666663 2536
0.25 0.41666666666666663 2550
0.29166666666666663 0.41666666666666663 2514
0.3333333333333333 0.41666666666666663 2547
0.375 0.41666666666666663 2370
0.41666666666666663 0.41666666666666663 2499
0.4583333333333333 0.41666666666666663 2421
0.5 0.41666666666666663 2538
0.5416666666666666 0.41666666666666663 2303
0.5833333333333333 0.41666666666666663 2496
0.625 0.41666666666666663 2571
0.6666666666666666 0.41666666666666663 2488
0.7083333333333333 0.41666666666666663 2058
0.75 0.41666666666666663 2500
0.7916666666666666 0.41666666666666663 2542
0.8333333333333333 0.41666666666666663 2625
0.875 0.41666666666666663 2170
0.9166666666666666 0.41666666666666663 2421
0.9583333333333333 0.41666666666666663 2543
1.0 0.41666666666666663 1430
0.0 0.4375 2526
0.041666666666666664 0.4375 2562
0.08333333333333333 0.4375 2553
0.125 0.4375 2426
0.16666666666666666 0.4375 2583
0.20833333333333331 0.4375 2526
0.25 0.4375 2548
0.29166666666666663 0.4375 2594
0.3333333333333333 0.4375 2488
0.375 0.4375 2438
0.41666666666666663 0.4375 2378
0.4583333333333333 0.4375 2571
0.5 0.4375 2567
0.5416666666666666 0.4375 2312
0.5833333333333333 0.4375 2568
0.625 0.4375 2314
0.6666666666666666 0.4375 2254
0.7083333333333333 0.4375 2202
0.75 0.4375 2564
0.7916666666666666 0.4375 2267
0.8333333333333333 0.4375 1796
0.875 0.4375 2409
0.9166666666666666 0.4375 2605
0.9583333333333333 0.4375 2253
1.0 0.4375 2365
0.0 0.4583333333333333 2610
0.041666666666666664 0.4583333333333333 2560
0.08333333333333333 0.4583333333333333 2488
0.125 0.4583333333333333 2577
0.16666666666666666 0.4583333333333333 2580
0.20833333333333331 0.4583333333333333 2552
0.25 0.4583333333333333 2395
0.29166666666666663 0.4583333333333333 2451
0.3333333333333333 0.4583333333333333 2454
0.375 0.4583333333333333 2431
0.41666666666666663 0.4583333333333333 2494
0.4583333333333333 0.4583333333333333 2465
0.5 0.4583333333333333 2554
0.5416666666666666 0.4583333333333333 2323
0.5833333333333333 0.4583333333333333 2382
0.625 0.4583333333333333 2454
0.6666666666666666 0.4583333333333333 2666
0.7083333333333333 0.4583333333333333 2152
0.75 0.4583333333333333 2617
0.7916666666666666 0.4583333333333333 2452
0.8333333333333333 0.4583333333333333 1872
0.875 0.4583333333333333 2580
0.9166666666666666 0.4583333333333333 1673
0.9583333333333333 0.4583333333333333 2539
1.0 0.4583333333333333 1628
0.0 0.47916666666666663 2649
0.041666666666666664 0.47916666666666663 2504
0.08333333333333333 0.47916666666666663 2538
0.125 0.47916666666666663 2386
0.16666666666666666 0.47916666666666663 2458
0.20833333333333331 0.47916666666666663 2533
0.25 0.47916666666666663 2357
0.29166666666666663 0.47916666666666663 2572
0.3333333333333333 0.47916666666666663 2384
0.375 0.47916666666666663 2574
0.41666666666666663 0.47916666666666663 2566
0.4583333333333333 0.47916666666666663 2603
0.5 0.47916666666666663 2369
0.5416666666666666 0.47916666666666663 2321
0.5833333333333333 0.47916666666666663 2313
0.625 0.47916666666666663 2629
0.6666666666666666 0.47916666666666663 2186
0.7083333333333333 0.47916666666666663 2257
0.75 0.47916666666666663 1982
0.7916666666666666 0.47916666666666663 2663
0.8333333333333333 0.47916666666666663 2298
0.875 0.47916666666666663 2548
0.9166666666666666 0.47916666666666663 1935
0.9583333333333333 0.47916666666666663 0
1.0 0.47916666666666663 2074
0.0 0.5 2608
0.041666666666666664 0.5 2450
0.08333333333333333 0.5 2597
0.125 0.5 2475
0.16666666666666666 0.5 2462
0.20833333333333331 0.5 2577
0.25 0.5 2527
0.29166666666666663 0.5 2500
0.3333333333333333 0.5 2628
0.375 0.5 2378
0.41666666666666663 0.5 2494
0.4583333333333333 0.5 2412
0.5 0.5 2494
0.5416666666666666 0.5 2353
0.5833333333333333 0.5 2622
0.625 0.5 2242
0.6666666666666666 0.5 2181
0.7083333333333333 0.5 2705
0.75 0.5 2534
0.7916666666666666 0.5 2223
0.8333333333333333 0.5 2356
0.875 0.5 2584
0.9166666666666666 0.5 2134
0.9583333333333333 0.5 2226
1.0 0.5 1802
