0.0 0.0 2540
0.041666666666666664 0.0 2394
0.08333333333333333 0.0 2524
0.125 0.0 2409
0.16666666666666666 0.0 2508
0.20833333333333331 0.0 2507
0.25 0.0 2322
0.29166666666666663 0.0 2495
0.3333333333333333 0.0 2379
0.375 0.0 2360
0.41666666666666663 0.0 2254
0.4583333333333333 0.0 2248
0.5 0.0 2299
0.5416666666666666 0.0 2188
0.5833333333333333 0.0 2243
0.625 0.0 2041
0.6666666666666666 0.0 2049
0.7083333333333333 0.0 1935
0.75 0.0 1763
0.7916666666666666 0.0 1700
0.8333333333333333 0.0 1518
0.875 0.0 1391
0.9166666666666666 0.0 0
0.9583333333333333 0.0 448
1.0 0.0 0
0.0 0.020833333333333332 2564
0.041666666666666664 0.020833333333333332 2517
0.08333333333333333 0.020833333333333332 2458
0.125 0.020833333333333332 2547
0.16666666666666666 0.020833333333333332 2414
0.20833333333333331 0.020833333333333332 2362
0.25 0.020833333333333332 2435
0.29166666666666663 0.020833333333333332 2517
0.3333333333333333 0.020833333333333332 2391
0.375 0.020833333333333332 2392
0.41666666666666663 0.020833333333333332 2352
0.4583333333333333 0.020833333333333332 2211
0.5 0.020833333333333332 2254
0.5416666666666666 0.020833333333333332 2273
0.5833333333333333 0.020833333333333332 2174
0.625 0.020833333333333332 2112
0.6666666666666666 0.020833333333333332 1970
0.7083333333333333 0.020833333333333332 1927
0.75 0.020833333333333332 1903
0.7916666666666666 0.020833333333333332 1826
0.8333333333333333 0.020833333333333332 1647
0.875 0.020833333333333332 1362
0.9166666666666666 0.020833333333333332 975
0.9583333333333333 0.020833333333333332 532
1.0 0.020833333333333332 155
0.0 0.041666666666666664 2491
0.041666666666666664 0.041666666666666664 2677
0.08333333333333333 0.041666666666666664 2604
0.125 0.041666666666666664 2421
0.16666666666666666 0.041666666666666664 2534
0.20833333333333331 0.041666666666666664 2402
0.25 0.041666666666666664 2332
0.29166666666666663 0.041666666666666664 2457
0.3333333333333333 0.041666666666666664 2346
0.375 0.041666666666666664 2333
0.41666666666666663 0.041666666666666664 2296
0.4583333333333333 0.041666666666666664 2379
0.5 0.041666666666666664 2299
0.5416666666666666 0.041666666666666664 2236
0.5833333333333333 0.041666666666666664 2133
0.625 0.041666666666666664 2084
0.6666666666666666 0.041666666666666664 2017
0.7083333333333333 0.041666666666666664 1930
0.75 0.041666666666666664 1881
0.7916666666666666 0.041666666666666664 1704
0.8333333333333333 0.041666666666666664 1581
0.875 0.041666666666666664 1342
0.9166666666666666 0.041666666666666664 1227
0.9583333333333333 0.041666666666666664 584
1.0 0.041666666666666664 545
0.0 0.0625 2554
0.041666666666666664 0.0625 2444
0.08333333333333333 0.0625 2512
0.125 0.0625 2605
0.16666666666666666 0.0625 2448
0.20833333333333331 0.0625 2488
0.25 0.0625 2509
0.29166666666666663 0.0625 2450
0.3333333333333333 0.0625 2432
0.375 0.0625 2392
0.41666666666666663 0.0625 2297
0.4583333333333333 0.0625 2264
0.5 0.0625 2267
0.5416666666666666 0.0625 2217
0.5833333333333333 0.0625 2140
0.625 0.0625 2161
0.6666666666666666 0.0625 2059
0.7083333333333333 0.0625 2113
0.75 0.0625 1893
0.7916666666666666 0.0625 1930
0.8333333333333333 0.0625 1574
0.875 0.0625 1405
0.9166666666666666 0.0625 1182
0.9583333333333333 0.0625 1128
1.0 0.0625 205
0.0 0.08333333333333333 2453
0.041666666666666664 0.08333333333333333 2526
0.08333333333333333 0.08333333333333333 2486
0.125 0.08333333333333333 2507
0.16666666666666666 0.08333333333333333 2398
0.20833333333333331 0.08333333333333333 2496
0.25 0.08333333333333333 2512
0.29166666666666663 0.08333333333333333 2430
0.3333333333333333 0.08333333333333333 2454
0.375 0.08333333333333333 2435
0.41666666666666663 0.08333333333333333 2377
0.4583333333333333 0.08333333333333333 2312
0.5 0.08333333333333333 2312
0.5416666666666666 0.08333333333333333 2282
0.5833333333333333 0.08333333333333333 2117
0.625 0.08333333333333333 2080
0.6666666666666666 0.08333333333333333 2011
0.7083333333333333 0.08333333333333333 1940
0.75 0.08333333333333333 1974
0.7916666666666666 0.08333333333333333 1726
0.8333333333333333 0.08333333333333333 1668
0.875 0.08333333333333333 1460
0.9166666666666666 0.08333333333333333 1537
0.9583333333333333 0.08333333333333333 769
1.0 0.08333333333333333 451
0.0 0.10416666666666666 2529
0.041666666666666664 0.10416666666666666 2590
0.08333333333333333 0.10416666666666666 2569
0.125 0.10416666666666666 2517
0.16666666666666666 0.10416666666666666 2521
0.20833333333333331 0.10416666666666666 2434
0.25 0.10416666666666666 2393
0.29166666666666663 0.10416666666666666 2304
0.3333333333333333 0.10416666666666666 2445
0.375 0.10416666666666666 2352
0.41666666666666663 0.10416666666666666 2389
0.4583333333333333 0.10416666666666666 2432
0.5 0.10416666666666666 2229
0.5416666666666666 0.10416666666666666 2267
0.5833333333333333 0.10416666666666666 2236
0.625 0.10416666666666666 2151
0.6666666666666666 0.10416666666666666 2091
0.7083333333333333 0.10416666666666666 1924
0.75 0.10416666666666666 2025
0.7916666666666666 0.10416666666666666 1787
0.8333333333333333 0.10416666666666666 1759
0.875 0.10416666666666666 1604
0.9166666666666666 0.10416666666666666 1722
0.9583333333333333 0.10416666666666666 1559
1.0 0.10416666666666666 399
0.0 0.125 2418
0.041666666666666664 0.125 2410
0.08333333333333333 0.125 2591
0.125 0.125 2541
0.16666666666666666 0.125 2478
0.20833333333333331 0.125 2470
0.25 0.125 2357
0.29166666666666663 0.125 2353
0.3333333333333333 0.125 2317
0.375 0.125 2435
0.41666666666666663 0.125 2283
0.4583333333333333 0.125 2317
0.5 0.125 2256
0.5416666666666666 0.125 0
0.5833333333333333 0.125 2245
0.625 0.125 2292
0.6666666666666666 0.125 2076
0.7083333333333333 0.125 2032
0.75 0.125 1893
0.7916666666666666 0.125 1718
0.8333333333333333 0.125 1603
0.875 0.125 1543
0.9166666666666666 0.125 1362
0.9583333333333333 0.125 766
1.0 0.125 1807
0.0 0.14583333333333331 2634
0.041666666666666664 0.14583333333333331 2413
0.08333333333333333 0.14583333333333331 2429
0.125 0.14583333333333331 2498
0.16666666666666666 0.14583333333333331 2543
0.20833333333333331 0.14583333333333331 2463
0.25 0.14583333333333331 2512
0.29166666666666663 0.14583333333333331 2467
0.3333333333333333 0.14583333333333331 2407
0.375 0.14583333333333331 2480
0.41666666666666663 0.14583333333333331 2361
0.4583333333333333 0.14583333333333331 2314
0.5 0.14583333333333331 2288
0.5416666666666666 0.14583333333333331 2191
0.5833333333333333 0.14583333333333331 2325
0.625 0.14583333333333331 2155
0.6666666666666666 0.14583333333333331 2079
0.7083333333333333 0.14583333333333331 1977
0.75 0.14583333333333331 2149
0.7916666666666666 0.14583333333333331 2148
0.8333333333333333 0.14583333333333331 1553
0.875 0.14583333333333331 1423
0.9166666666666666 0.14583333333333331 1260
0.9583333333333333 0.14583333333333331 1823
1.0 0.14583333333333331 511
0.0 0.16666666666666666 2586
0.041666666666666664 0.16666666666666666 2502
0.08333333333333333 0.16666666666666666 2534
0.125 0.16666666666666666 2424
0.16666666666666666 0.16666666666666666 2456
0.20833333333333331 0.16666666666666666 2314
0.25 0.16666666666666666 2440
0.29166666666666663 0.16666666666666666 2439
0.3333333333333333 0.16666666666666666 2434
0.375 0.16666666666666666 2413
0.41666666666666663 0.16666666666666666 2429
0.4583333333333333 0.16666666666666666 2242
0.5 0.16666666666666666 2361
0.5416666666666666 0.16666666666666666 2291
0.5833333333333333 0.16666666666666666 2331
0.625 0.16666666666666666 2265
0.6666666666666666 0.16666666666666666 2120
0.7083333333333333 0.16666666666666666 2167
0.75 0.16666666666666666 1952
0.7916666666666666 0.16666666666666666 2194
0.8333333333333333 0.16666666666666666 2301
0.875 0.16666666666666666 1357
0.9166666666666666 0.16666666666666666 1111
0.9583333333333333 0.16666666666666666 982
1.0 0.16666666666666666 1914
0.0 0.1875 2461
0.041666666666666664 0.1875 2507
0.08333333333333333 0.1875 2546
0.125 0.1875 2570
0.16666666666666666 0.1875 2476
0.20833333333333331 0.1875 2363
0.25 0.1875 2505
0.29166666666666663 0.1875 2485
0.3333333333333333 0.1875 2371
0.375 0.1875 2410
0.41666666666666663 0.1875 2428
0.4583333333333333 0.1875 2244
0.5 0.1875 2360
0.5416666666666666 0.1875 2342
0.5833333333333333 0.1875 2214
0.625 0.1875 2262
0.6666666666666666 0.1875 2080
0.7083333333333333 0.1875 1966
0.75 0.1875 2335
0.7916666666666666 0.1875 2240
0.8333333333333333 0.1875 2412
0.875 0.1875 1480
0.9166666666666666 0.1875 1186
0.9583333333333333 0.1875 880
1.0 0.1875 2150
0.0 0.20833333333333331 2438
0.041666666666666664 0.20833333333333331 2631
0.08333333333333333 0.20833333333333331 2463
0.125 0.20833333333333331 2374
0.16666666666666666 0.20833333333333331 2532
0.20833333333333331 0.20833333333333331 2374
0.25 0.20833333333333331 2550
0.29166666666666663 0.20833333333333331 2374
0.3333333333333333 0.20833333333333331 2357
0.375 0.20833333333333331 2344
0.41666666666666663 0.20833333333333331 2401
0.4583333333333333 0.20833333333333331 2396
0.5 0.20833333333333331 2197
0.5416666666666666 0.20833333333333331 2162
0.5833333333333333 0.20833333333333331 2354
0.625 0.20833333333333331 2157
0.6666666666666666 0.20833333333333331 2114
0.7083333333333333 0.20833333333333331 2218
0.75 0.20833333333333331 1928
0.7916666666666666 0.20833333333333331 2217
0.8333333333333333 0.20833333333333331 1647
0.875 0.20833333333333331 2176
0.9166666666666666 0.20833333333333331 1770
0.9583333333333333 0.20833333333333331 1051
1.0 0.20833333333333331 1315
0.0 0.22916666666666666 2524
0.041666666666666664 0.22916666666666666 2545
0.08333333333333333 0.22916666666666666 2596
0.125 0.22916666666666666 2600
0.16666666666666666 0.22916666666666666 2402
0.20833333333333331 0.22916666666666666 2422
0.25 0.22916666666666666 2470
0.29166666666666663 0.22916666666666666 2407
0.3333333333333333 0.22916666666666666 2491
0.375 0.22916666666666666 2407
0.41666666666666663 0.22916666666666666 2376
0.4583333333333333 0.22916666666666666 2223
0.5 0.22916666666666666 2366
0.5416666666666666 0.22916666666666666 2302
0.5833333333333333 0.22916666666666666 2171
0.625 0.22916666666666666 2203
0.6666666666666666 0.22916666666666666 2097
0.7083333333333333 0.22916666666666666 2112
0.75 0.22916666666666666 1909
0.7916666666666666 0.22916666666666666 1817
0.8333333333333333 0.22916666666666666 1798
0.875 0.22916666666666666 1852
0.9166666666666666 0.22916666666666666 1692
0.9583333333333333 0.22916666666666666 1640
1.0 0.22916666666666666 1541
0.0 0.25 2565
0.041666666666666664 0.25 2423
0.08333333333333333 0.25 2545
0.125 0.25 2478
0.16666666666666666 0.25 2592
0.20833333333333331 0.25 2369
0.25 0.25 2394
0.29166666666666663 0.25 2396
0.3333333333333333 0.25 2365
0.375 0.25 2389
0.41666666666666663 0.25 2296
0.4583333333333333 0.25 2412
0.5 0.25 2268
0.5416666666666666 0.25 2360
0.5833333333333333 0.25 2178
0.625 0.25 2250
0.6666666666666666 0.25 2274
0.7083333333333333 0.25 2468
0.75 0.25 1904
0.7916666666666666 0.25 1915
0.8333333333333333 0.25 1585
0.875 0.25 1435
0.9166666666666666 0.25 2267
0.9583333333333333 0.25 2281
1.0 0.25 958
0.0 0.2708333333333333 2559
0.041666666666666664 0.2708333333333333 2552
0.08333333333333333 0.2708333333333333 2528
0.125 0.2708333333333333 2416
0.16666666666666666 0.2708333333333333 2534
0.20833333333333331 0.2708333333333333 2574
0.25 0.2708333333333333 2422
0.29166666666666663 0.2708333333333333 2488
0.3333333333333333 0.2708333333333333 2377
0.375 0.2708333333333333 2356
0.41666666666666663 0.2708333333333333 2293
0.4583333333333333 0.2708333333333333 2373
0.5 0.2708333333333333 2310
0.5416666666666666 0.2708333333333333 2439
0.5833333333333333 0.2708333333333333 2155
0.625 0.2708333333333333 2224
0.6666666666666666 0.2708333333333333 2234
0.7083333333333333 0.2708333333333333 1984
0.75 0.2708333333333333 2318
0.7916666666666666 0.2708333333333333 1757
0.8333333333333333 0.2708333333333333 1949
0.875 0.2708333333333333 1560
0.9166666666666666 0.2708333333333333 2126
0.9583333333333333 0.2708333333333333 2527
1.0 0.2708333333333333 2392
0.0 0.29166666666666663 2585
0.041666666666666664 0.29166666666666663 2440
0.08333333333333333 0.29166666666666663 2532
0.125 0.29166666666666663 2565
0.16666666666666666 0.29166666666666663 2497
0.20833333333333331 0.29166666666666663 2449
0.25 0.29166666666666663 2337
0.29166666666666663 0.29166666666666663 2480
0.3333333333333333 0.29166666666666663 2457
0.375 0.29166666666666663 2336
0.41666666666666663 0.29166666666666663 2349
0.4583333333333333 0.29166666666666663 2298
0.5 0.29166666666666663 2386
0.5416666666666666 0.29166666666666663 2451
0.5833333333333333 0.29166666666666663 2144
0.625 0.29166666666666663 2519
0.6666666666666666 0.29166666666666663 2483
0.7083333333333333 0.29166666666666663 2544
0.75 0.29166666666666663 2315
0.7916666666666666 0.29166666666666663 2366
0.8333333333333333 0.29166666666666663 1684
0.875 0.29166666666666663 1526
0.9166666666666666 0.29166666666666663 2181
0.9583333333333333 0.29166666666666663 1124
1.0 0.29166666666666663 2088
0.0 0.3125 2558
0.041666666666666664 0.3125 2555
0.08333333333333333 0.3125 2387
0.125 0.3125 2491
0.16666666666666666 0.3125 2452
0.20833333333333331 0.3125 2447
0.25 0.3125 2499
0.29166666666666663 0.3125 2547
0.3333333333333333 0.3125 2479
0.375 0.3125 2346
0.41666666666666663 0.3125 2535
0.4583333333333333 0.3125 2358
0.5 0.3125 2316
0.5416666666666666 0.3125 2509
0.5833333333333333 0.3125 2280
0.625 0.3125 2283
0.6666666666666666 0.3125 2156
0.7083333333333333 0.3125 2103
0.75 0.3125 2517
0.7916666666666666 0.3125 2594
0.8333333333333333 0.3125 1934
0.875 0.3125 2375
0.9166666666666666 0.3125 2191
0.9583333333333333 0.3125 1911
1.0 0.3125 1608
0.0 0.3333333333333333 2478
0.041666666666666664 0.3333333333333333 2494
0.08333333333333333 0.3333333333333333 2553
0.125 0.3333333333333333 2593
0.16666666666666666 0.3333333333333333 2363
0.20833333333333331 0.3333333333333333 2389
0.25 0.3333333333333333 2378
0.29166666666666663 0.3333333333333333 2443
0.3333333333333333 0.3333333333333333 2548
0.375 0.3333333333333333 2542
0.41666666666666663 0.3333333333333333 2503
0.4583333333333333 0.3333333333333333 2380
0.5 0.3333333333333333 2345
0.5416666666666666 0.3333333333333333 2319
0.5833333333333333 0.3333333333333333 2280
0.625 0.3333333333333333 2178
0.6666666666666666 0.3333333333333333 2501
0.7083333333333333 0.3333333333333333 2146
0.75 0.3333333333333333 2178
0.7916666666666666 0.3333333333333333 2144
0.8333333333333333 0.3333333333333333 2589
0.875 0.3333333333333333 2616
0.9166666666666666 0.3333333333333333 2405
0.9583333333333333 0.3333333333333333 2221
1.0 0.3333333333333333 2103
0.0 0.35416666666666663 2533
0.041666666666666664 0.35416666666666663 2561
0.08333333333333333 0.35416666666666663 2431
0.125 0.35416666666666663 2487
0.16666666666666666 0.35416666666666663 2647
0.20833333333333331 0.35416666666666663 2499
0.25 0.35416666666666663 2423
0.29166666666666663 0.35416666666666663 2502
0.3333333333333333 0.35416666666666663 2385
0.375 0.35416666666666663 2380
0.41666666666666663 0.35416666666666663 0
0.4583333333333333 0.35416666666666663 2384
0.5 0.35416666666666663 2389
0.5416666666666666 0.35416666666666663 2398
0.5833333333333333 0.35416666666666663 2249
0.625 0.35416666666666663 2358
0.6666666666666666 0.35416666666666663 2419
0.7083333333333333 0.35416666666666663 2294
0.75 0.35416666666666663 2562
0.7916666666666666 0.35416666666666663 2659
0.8333333333333333 0.35416666666666663 1993
0.875 0.35416666666666663 2430
0.9166666666666666 0.35416666666666663 1745
0.9583333333333333 0.35416666666666663 2295
1.0 0.35416666666666663 2153
0.0 0.375 2490
0.041666666666666664 0.375 2402
0.08333333333333333 0.375 2558
0.125 0.375 2471
0.16666666666666666 0.375 2579
0.20833333333333331 0.375 2435
0.25 0.375 2501
0.29166666666666663 0.375 2500
0.3333333333333333 0.375 2513
0.375 0.375 2380
0.41666666666666663 0.375 2392
0.4583333333333333 0.375 2466
0.5 0.375 2392
0.5416666666666666 0.375 2418
0.5833333333333333 0.375 2486
0.625 0.375 2562
0.6666666666666666 0.375 2046
0.7083333333333333 0.375 2632
0.75 0.375 1972
0.7916666666666666 0.375 2525
0.8333333333333333 0.375 1985
0.875 0.375 2496
0.9166666666666666 0.375 1486
0.9583333333333333 0.375 1217
1.0 0.375 2477
0.0 0.3958333333333333 2525
0.041666666666666664 0.3958333333333333 2435
0.08333333333333333 0.3958333333333333 2619
0.125 0.3958333333333333 2430
0.16666666666666666 0.3958333333333333 2467
0.20833333333333331 0.3958333333333333 2572
0.25 0.3958333333333333 2542
0.29166666666666663 0.3958333333333333 2409
0.3333333333333333 0.3958333333333333 2597
0.375 0.3958333333333333 2362
0.41666666666666663 0.3958333333333333 2423
0.4583333333333333 0.3958333333333333 2295
0.5 0.3958333333333333 2289
0.5416666666666666 0.3958333333333333 2622
0.5833333333333333 0.3958333333333333 2190
0.625 0.3958333333333333 2270
0.6666666666666666 0.3958333333333333 2140
0.7083333333333333 0.3958333333333333 2098
0.75 0.3958333333333333 2336
0.7916666666666666 0.3958333333333333 2243
0.8333333333333333 0.3958333333333333 2610
0.875 0.3958333333333333 2552
0.9166666666666666 0.3958333333333333 1908
0.9583333333333333 0.3958333333333333 2644
1.0 0.3958333333333333 1552
0.0 0.41666666666666663 2443
0.041666666666666664 0.41666666666666663 2562
0.08333333333333333 0.41666666666666663 2512
0.125 0.41666666666666663 2541
0.16666666666666666 0.41666666666666663 2391
0.20833333333333331 0.41666666666666663 2475
0.25 0.41666666666666663 2412
0.29166666666666663 0.41666666666666663 2472
0.3333333333333333 0.41666666666666663 2560
0.375 0.41666666666666663 2426
0.41666666666666663 0.41666666666666663 2323
0.4583333333333333 0.41666666666666663 2375
0.5 0.41666666666666663 2533
0.5416666666666666 0.41666666666666663 2257
0.5833333333333333 0.41666666666666663 2241
0.625 0.41666666666666663 2211
0.6666666666666666 0.41666666666666663 2085
0.7083333333333333 0.41666666666666663 2487
0.75 0.41666666666666663 1948
0.7916666666666666 0.41666666666666663 2063
0.8333333333333333 0.41666666666666663 2579
0.875 0.41666666666666663 2538
0.9166666666666666 0.41666666666666663 2050
0.9583333333333333 0.41666666666666663 1663
1.0 0.41666666666666663 1993
0.0 0.4375 2387
0.041666666666666664 0.4375 2552
0.08333333333333333 0.4375 2439
0.125 0.4375 2473
0.16666666666666666 0.4375 2476
0.20833333333333331 0.4375 2439
0.25 0.4375 2470
0.29166666666666663 0.4375 2504
0.3333333333333333 0.4375 2626
0.375 0.4375 2604
0.41666666666666663 0.4375 2543
0.4583333333333333 0.4375 2412
0.5 0.4375 2372
0.5416666666666666 0.4375 2322
0.5833333333333333 0.4375 2311
0.625 0.4375 2312
0.6666666666666666 0.4375 2234
0.7083333333333333 0.4375 2456
0.75 0.4375 2143
0.7916666666666666 0.4375 2048
0.8333333333333333 0.4375 1825
0.875 0.4375 1764
0.9166666666666666 0.4375 2470
0.9583333333333333 0.4375 1997
1.0 0.4375 2291
0.0 0.4583333333333333 2662
0.041666666666666664 0.4583333333333333 2444
0.08333333333333333 0.4583333333333333 2478
0.125 0.4583333333333333 2389
0.16666666666666666 0.4583333333333333 2437
0.20833333333333331 0.4583333333333333 2434
0.25 0.4583333333333333 2469
0.29166666666666663 0.4583333333333333 2414
0.3333333333333333 0.4583333333333333 2454
0.375 0.4583333333333333 2459
0.41666666666666663 0.4583333333333333 2395
0.4583333333333333 0.4583333333333333 2399
0.5 0.4583333333333333 2585
0.5416666666666666 0.4583333333333333 2339
0.5833333333333333 0.4583333333333333 2588
0.625 0.4583333333333333 2662
0.6666666666666666 0.4583333333333333 2628
0.7083333333333333 0.4583333333333333 2272
0.75 0.4583333333333333 2078
0.7916666666666666 0.4583333333333333 2398
0.8333333333333333 0.4583333333333333 2087
0.875 0.4583333333333333 1820
0.9166666666666666 0.4583333333333333 2232
0.9583333333333333 0.4583333333333333 1843
1.0 0.4583333333333333 1940
0.0 0.47916666666666663 2629
0.041666666666666664 0.47916666666666663 2557
0.08333333333333333 0.47916666666666663 2456
0.125 0.47916666666666663 2500
0.16666666666666666 0.47916666666666663 2544
0.20833333333333331 0.47916666666666663 2492
0.25 0.47916666666666663 2474
0.29166666666666663 0.47916666666666663 2627
0.3333333333333333 0.47916666666666663 2446
0.375 0.47916666666666663 2466
0.41666666666666663 0.47916666666666663 2347
0.4583333333333333 0.47916666666666663 2370
0.5 0.47916666666666663 2329
0.5416666666666666 0.47916666666666663 2634
0.5833333333333333 0.47916666666666663 2268
0.625 0.47916666666666663 2196
0.6666666666666666 0.47916666666666663 2134
0.7083333333333333 0.47916666666666663 2247
0.75 0.47916666666666663 2417
0.7916666666666666 0.47916666666666663 2187
0.8333333333333333 0.47916666666666663 2082
0.875 0.47916666666666663 2411
0.9166666666666666 0.47916666666666663 2146
0.9583333333333333 0.47916666666666663 2141
1.0 0.47916666666666663 2598
0.0 0.5 2648
0.041666666666666664 0.5 2396
0.08333333333333333 0.5 2558
0.125 0.5 2544
0.16666666666666666 0.5 2451
0.20833333333333331 0.5 2578
0.25 0.5 2573
0.29166666666666663 0.5 2375
0.3333333333333333 0.5 2555
0.375 0.5 2458
0.41666666666666663 0.5 2411
0.4583333333333333 0.5 2604
0.5 0.5 2602
0.5416666666666666 0.5 2307
0.5833333333333333 0.5 2310
0.625 0.5 2367
0.6666666666666666 0.5 2478
0.7083333333333333 0.5 2564
0.75 0.5 2437
0.7916666666666666 0.5 2067
0.8333333333333333 0.5 2578
0.875 0.5 1801
0.9166666666666666 0.5 2521
0.9583333333333333 0.5 2471
1.0 0.5 2612
