0.0 0.0 2440
0.041666666666666664 0.0 2415
0.08333333333333333 0.0 2568
0.125 0.0 2443
0.16666666666666666 0.0 2465
0.20833333333333331 0.0 2531
0.25 0.0 2450
0.29166666666666663 0.0 2411
0.3333333333333333 0.0 2445
0.375 0.0 2493
0.41666666666666663 0.0 2350
0.4583333333333333 0.0 2273
0.5 0.0 2306
0.5416666666666666 0.0 2223
0.5833333333333333 0.0 2155
0.625 0.0 2081
0.6666666666666666 0.0 2096
0.7083333333333333 0.0 1978
0.75 0.0 1853
0.7916666666666666 0.0 1691
0.8333333333333333 0.0 1610
0.875 0.0 1350
0.9166666666666666 0.0 1062
0.9583333333333333 0.0 0
1.0 0.0 1
0.0 0.020833333333333332 2542
0.041666666666666664 0.020833333333333332 2500
0.08333333333333333 0.020833333333333332 2512
0.125 0.020833333333333332 2495
0.16666666666666666 0.020833333333333332 2465
0.20833333333333331 0.020833333333333332 2427
0.25 0.020833333333333332 2520
0.29166666666666663 0.020833333333333332 2398
0.3333333333333333 0.020833333333333332 2408
0.375 0.020833333333333332 2378
0.41666666666666663 0.020833333333333332 2375
0.4583333333333333 0.020833333333333332 2310
0.5 0.020833333333333332 2321
0.5416666666666666 0.020833333333333332 2184
0.5833333333333333 0.020833333333333332 2196
0.625 0.020833333333333332 2172
0.6666666666666666 0.020833333333333332 2045
0.7083333333333333 0.020833333333333332 1879
0.75 0.020833333333333332 1988
0.7916666666666666 0.020833333333333332 1696
0.8333333333333333 0.020833333333333332 1570
0.875 0.020833333333333332 1387
0.9166666666666666 0.020833333333333332 1086
0.9583333333333333 0.020833333333333332 532
1.0 0.020833333333333332 622
0.0 0.041666666666666664 2564
0.041666666666666664 0.041666666666666664 2537
0.08333333333333333 0.041666666666666664 2600
0.125 0.041666666666666664 2514
0.16666666666666666 0.041666666666666664 2542
0.20833333333333331 0.041666666666666664 2402
0.25 0.041666666666666664 2474
0.29166666666666663 0.041666666666666664 2380
0.3333333333333333 0.041666666666666664 2321
0.375 0.041666666666666664 2320
0.41666666666666663 0.041666666666666664 2312
0.4583333333333333 0.041666666666666664 2245
0.5 0.041666666666666664 2267
0.5416666666666666 0.041666666666666664 2215
0.5833333333333333 0.041666666666666664 2144
0.625 0.041666666666666664 2143
0.6666666666666666 0.041666666666666664 2088
0.7083333333333333 0.041666666666666664 1979
0.75 0.041666666666666664 1873
0.7916666666666666 0.041666666666666664 1776
0.8333333333333333 0.041666666666666664 1601
0.875 0.041666666666666664 1520
0.9166666666666666 0.041666666666666664 1065
0.9583333333333333 0.041666666666666664 749
1.0 0.041666666666666664 225
0.0 0.0625 2459
0.041666666666666664 0.0625 2577
0.08333333333333333 0.0625 2365
0.125 0.0625 2545
0.16666666666666666 0.0625 2527
0.20833333333333331 0.0625 2518
0.25 0.0625 2445
0.29166666666666663 0.0625 2470
0.3333333333333333 0.0625 2408
0.375 0.0625 2440
0.41666666666666663 0.0625 2295
0.4583333333333333 0.0625 2276
0.5 0.0625 2231
0.5416666666666666 0.0625 2196
0.5833333333333333 0.0625 2187
0.625 0.0625 2204
0.6666666666666666 0.0625 2012
0.7083333333333333 0.0625 1980
0.75 0.0625 1828
0.7916666666666666 0.0625 1805
0.8333333333333333 0.0625 1590
0.875 0.0625 1390
0.9166666666666666 0.0625 1091
0.9583333333333333 0.0625 1485
1.0 0.0625 614
0.0 0.08333333333333333 2463
0.041666666666666664 0.08333333333333333 2464
0.08333333333333333 0.08333333333333333 2433
0.125 0.08333333333333333 2533
0.16666666666666666 0.08333333333333333 2464
0.20833333333333331 0.08333333333333333 2477
0.25 0.08333333333333333 2494
0.29166666666666663 0.08333333333333333 2390
0.3333333333333333 0.08333333333333333 2296
0.375 0.08333333333333333 2271
0.41666666666666663 0.08333333333333333 2395
0.4583333333333333 0.08333333333333333 2314
0.5 0.08333333333333333 2386
0.5416666666666666 0.08333333333333333 2238
0.5833333333333333 0.08333333333333333 2125
0.625 0.08333333333333333 2135
0.6666666666666666 0.08333333333333333 1962
0.7083333333333333 0.08333333333333333 2028
0.75 0.08333333333333333 1967
0.7916666666666666 0.08333333333333333 1793
0.8333333333333333 0.08333333333333333 1549
0.875 0.08333333333333333 1416
0.9166666666666666 0.08333333333333333 1106
0.9583333333333333 0.08333333333333333 781
1.0 0.08333333333333333 723
0.0 0.10416666666666666 2520
0.041666666666666664 0.10416666666666666 2464
0.08333333333333333 0.10416666666666666 2575
0.125 0.10416666666666666 2480
0.16666666666666666 0.10416666666666666 2414
0.20833333333333331 0.10416666666666666 2446
0.25 0.10416666666666666 2458
0.29166666666666663 0.10416666666666666 2412
0.3333333333333333 0.10416666666666666 2309
0.375 0.10416666666666666 2467
0.41666666666666663 0.10416666666666666 2331
0.4583333333333333 0.10416666666666666 2383
0.5 0.10416666666666666 2248
0.5416666666666666 0.10416666666666666 2269
0.5833333333333333 0.10416666666666666 2213
0.625 0.10416666666666666 2218
0.6666666666666666 0.10416666666666666 2125
0.7083333333333333 0.10416666666666666 2044
0.75 0.10416666666666666 1902
0.7916666666666666 0.10416666666666666 1817
0.8333333333333333 0.10416666666666666 1583
0.875 0.10416666666666666 1443
0.9166666666666666 0.10416666666666666 1190
0.9583333333333333 0.10416666666666666 899
1.0 0.10416666666666666 602
0.0 0.125 2524
0.041666666666666664 0.125 2603
0.08333333333333333 0.125 2451
0.125 0.125 2441
0.16666666666666666 0.125 2525
0.20833333333333331 0.125 2364
0.25 0.125 2278
0.29166666666666663 0.125 2402
0.3333333333333333 0.125 2393
0.375 0.125 2480
0.41666666666666663 0.125 2316
0.4583333333333333 0.125 2275
0.5 0.125 2162
0.5416666666666666 0.125 2299
0.5833333333333333 0.125 2244
0.625 0.125 2088
0.6666666666666666 0.125 2195
0.7083333333333333 0.125 2152
0.75 0.125 1859
0.7916666666666666 0.125 2061
0.8333333333333333 0.125 1978
0.875 0.125 2027
0.9166666666666666 0.125 1927
0.9583333333333333 0.125 745
1.0 0.125 1865
0.0 0.14583333333333331 2448
0.041666666666666664 0.14583333333333331 2518
0.08333333333333333 0.14583333333333331 2394
0.125 0.14583333333333331 2537
0.16666666666666666 0.14583333333333331 2538
0.20833333333333331 0.14583333333333331 2400
0.25 0.14583333333333331 2448
0.29166666666666663 0.14583333333333331 2467
0.3333333333333333 0.14583333333333331 2372
0.375 0.14583333333333331 2373
0.41666666666666663 0.14583333333333331 2319
0.4583333333333333 0.14583333333333331 2337
0.5 0.14583333333333331 2284
0.5416666666666666 0.14583333333333331 2278
0.5833333333333333 0.14583333333333331 2161
0.625 0.14583333333333331 2119
0.6666666666666666 0.14583333333333331 2089
0.7083333333333333 0.14583333333333331 2116
0.75 0.14583333333333331 1869
0.7916666666666666 0.14583333333333331 1794
0.8333333333333333 0.14583333333333331 1984
0.875 0.14583333333333331 1907
0.9166666666666666 0.14583333333333331 1883
0.9583333333333333 0.14583333333333331 1138
1.0 0.14583333333333331 1686
0.0 0.16666666666666666 2492
0.041666666666666664 0.16666666666666666 2597
0.08333333333333333 0.16666666666666666 2451
0.125 0.16666666666666666 2534
0.16666666666666666 0.16666666666666666 2466
0.20833333333333331 0.16666666666666666 2396
0.25 0.16666666666666666 2570
0.29166666666666663 0.16666666666666666 2398
0.3333333333333333 0.16666666666666666 2388
0.375 0.16666666666666666 2346
0.41666666666666663 0.16666666666666666 2330
0.4583333333333333 0.16666666666666666 2277
0.5 0.16666666666666666 2280
0.5416666666666666 0.16666666666666666 2252
0.5833333333333333 0.16666666666666666 2268
0.625 0.16666666666666666 2128
0.6666666666666666 0.16666666666666666 2076
0.7083333333333333 0.16666666666666666 2204
0.75 0.16666666666666666 2191
0.7916666666666666 0.16666666666666666 2055
0.8333333333333333 0.16666666666666666 2158
0.875 0.16666666666666666 1434
0.9166666666666666 0.16666666666666666 1143
0.9583333333333333 0.16666666666666666 1787
1.0 0.16666666666666666 1008
0.0 0.1875 2471
0.041666666666666664 0.1875 2456
0.08333333333333333 0.1875 2369
0.125 0.1875 2543
0.16666666666666666 0.1875 2465
0.20833333333333331 0.1875 2536
0.25 0.1875 2547
0.29166666666666663 0.1875 2320
0.3333333333333333 0.1875 2431
0.375 0.1875 2352
0.41666666666666663 0.1875 2383
0.4583333333333333 0.1875 2373
0.5 0.1875 2261
0.5416666666666666 0.1875 2327
0.5833333333333333 0.1875 2226
0.625 0.1875 2228
0.6666666666666666 0.1875 2297
0.7083333333333333 0.1875 2204
0.75 0.1875 1814
0.7916666666666666 0.1875 1963
0.8333333333333333 0.1875 2147
0.875 0.1875 1381
0.9166666666666666 0.1875 1560
0.9583333333333333 0.1875 796
1.0 0.1875 788
0.0 0.20833333333333331 2569
0.041666666666666664 0.20833333333333331 2450
0.08333333333333333 0.20833333333333331 2410
0.125 0.20833333333333331 2428
0.16666666666666666 0.20833333333333331 2497
0.20833333333333331 0.20833333333333331 2406
0.25 0.20833333333333331 2389
0.29166666666666663 0.20833333333333331 2463
0.3333333333333333 0.20833333333333331 2488
0.375 0.20833333333333331 2393
0.41666666666666663 0.20833333333333331 2344
0.4583333333333333 0.20833333333333331 2271
0.5 0.20833333333333331 2337
0.5416666666666666 0.20833333333333331 2214
0.5833333333333333 0.20833333333333331 2356
0.625 0.20833333333333331 2214
0.6666666666666666 0.20833333333333331 2181
0.7083333333333333 0.20833333333333331 2046
0.75 0.20833333333333331 2107
0.7916666666666666 0.20833333333333331 2429
0.8333333333333333 0.20833333333333331 1836
0.875 0.20833333333333331 1559
0.9166666666666666 0.20833333333333331 1800
0.9583333333333333 0.20833333333333331 1062
1.0 0.20833333333333331 1583
0.0 0.22916666666666666 2568
0.041666666666666664 0.22916666666666666 2444
0.08333333333333333 0.22916666666666666 2610
0.125 0.22916666666666666 2546
0.16666666666666666 0.22916666666666666 2369
0.20833333333333331 0.22916666666666666 2338
0.25 0.22916666666666666 2464
0.29166666666666663 0.22916666666666666 2350
0.3333333333333333 0.22916666666666666 2415
0.375 0.22916666666666666 2309
0.41666666666666663 0.22916666666666666 2326
0.4583333333333333 0.22916666666666666 2297
0.5 0.22916666666666666 2308
0.5416666666666666 0.22916666666666666 2270
0.5833333333333333 0.22916666666666666 2268
0.625 0.22916666666666666 2119
0.6666666666666666 0.22916666666666666 2275
0.7083333333333333 0.22916666666666666 2354
0.75 0.22916666666666666 2235
0.7916666666666666 0.22916666666666666 1868
0.8333333333333333 0.22916666666666666 2185
0.875 0.22916666666666666 1518
0.9166666666666666 0.22916666666666666 1781
0.9583333333333333 0.22916666666666666 944
1.0 0.22916666666666666 2210
0.0 0.25 2414
0.041666666666666664 0.25 2572
0.08333333333333333 0.25 2466
0.125 0.25 2562
0.16666666666666666 0.25 2385
0.20833333333333331 0.25 2484
0.25 0.25 2424
0.29166666666666663 0.25 2364
0.3333333333333333 0.25 2311
0.375 0.25 2325
0.41666666666666663 0.25 2416
0.4583333333333333 0.25 2331
0.5 0.25 2405
0.5416666666666666 0.25 2380
0.5833333333333333 0.25 2172
0.625 0.25 2313
0.6666666666666666 0.25 2203
0.7083333333333333 0.25 2005
0.75 0.25 1936
0.7916666666666666 0.25 2315
0.8333333333333333 0.25 1707
0.875 0.25 1852
0.9166666666666666 0.25 2314
0.9583333333333333 0.25 1886
1.0 0.25 827
0.0 0.2708333333333333 2524
0.041666666666666664 0.2708333333333333 2461
0.08333333333333333 0.2708333333333333 2465
0.125 0.2708333333333333 2515
0.16666666666666666 0.2708333333333333 2571
0.20833333333333331 0.2708333333333333 2477
0.25 0.2708333333333333 2475
0.29166666666666663 0.2708333333333333 2443
0.3333333333333333 0.2708333333333333 2458
0.375 0.2708333333333333 2439
0.41666666666666663 0.2708333333333333 2363
0.4583333333333333 0.2708333333333333 2390
0.5 0.2708333333333333 2244
0.5416666666666666 0.2708333333333333 2470
0.5833333333333333 0.2708333333333333 2286
0.625 0.2708333333333333 2209
0.6666666666666666 0.2708333333333333 2174
0.7083333333333333 0.2708333333333333 2254
0.75 0.2708333333333333 2475
0.7916666666666666 0.2708333333333333 2385
0.8333333333333333 0.2708333333333333 1726
0.875 0.2708333333333333 1708
0.9166666666666666 0.2708333333333333 1477
0.9583333333333333 0.2708333333333333 2330
1.0 0.2708333333333333 2480
0.0 0.29166666666666663 2558
0.041666666666666664 0.29166666666666663 2443
0.08333333333333333 0.29166666666666663 2567
0.125 0.29166666666666663 2583
0.16666666666666666 0.29166666666666663 2580
0.20833333333333331 0.29166666666666663 2431
0.25 0.29166666666666663 2401
0.29166666666666663 0.29166666666666663 2581
0.3333333333333333 0.29166666666666663 2394
0.375 0.29166666666666663 2436
0.41666666666666663 0.29166666666666663 2387
0.4583333333333333 0.29166666666666663 2309
0.5 0.29166666666666663 2233
0.5416666666666666 0.29166666666666663 0
0.5833333333333333 0.29166666666666663 2324
0.625 0.29166666666666663 2233
0.6666666666666666 0.29166666666666663 2267
0.7083333333333333 0.29166666666666663 2168
0.75 0.29166666666666663 2376
0.7916666666666666 0.29166666666666663 2119
0.8333333333333333 0.29166666666666663 2317
0.875 0.29166666666666663 1782
0.9166666666666666 0.29166666666666663 2481
0.9583333333333333 0.29166666666666663 1168
1.0 0.29166666666666663 983
0.0 0.3125 2541
0.041666666666666664 0.3125 2408
0.08333333333333333 0.3125 2418
0.125 0.3125 2518
0.16666666666666666 0.3125 2498
0.20833333333333331 0.3125 2518
0.25 0.3125 2578
0.29166666666666663 0.3125 2421
0.3333333333333333 0.3125 2472
0.375 0.3125 2390
0.41666666666666663 0.3125 2408
0.4583333333333333 0.3125 2271
0.5 0.3125 2277
0.5416666666666666 0.3125 2388
0.5833333333333333 0.3125 2337
0.625 0.3125 2257
0.6666666666666666 0.3125 2527
0.7083333333333333 0.3125 2230
0.75 0.3125 1843
0.7916666666666666 0.3125 2315
0.8333333333333333 0.3125 2106
0.875 0.3125 2490
0.9166666666666666 0.3125 1674
0.9583333333333333 0.3125 1382
1.0 0.3125 1469
0.0 0.3333333333333333 2518
0.041666666666666664 0.3333333333333333 2513
0.08333333333333333 0.3333333333333333 2425
0.125 0.3333333333333333 2583
0.16666666666666666 0.3333333333333333 2518
0.20833333333333331 0.3333333333333333 2535
0.25 0.3333333333333333 2455
0.29166666666666663 0.3333333333333333 2448
0.3333333333333333 0.3333333333333333 2575
0.375 0.3333333333333333 2398
0.41666666666666663 0.3333333333333333 2385
0.4583333333333333 0.3333333333333333 2355
0.5 0.3333333333333333 2260
0.5416666666666666 0.3333333333333333 2200
0.5833333333333333 0.3333333333333333 2234
0.625 0.3333333333333333 2241
0.6666666666666666 0.3333333333333333 2093
0.7083333333333333 0.3333333333333333 1985
0.75 0.3333333333333333 2468
0.7916666666666666 0.3333333333333333 1847
0.8333333333333333 0.3333333333333333 2436
0.875 0.3333333333333333 0
0.9166666666666666 0.3333333333333333 1879
0.9583333333333333 0.3333333333333333 2574
1.0 0.3333333333333333 1602
0.0 0.35416666666666663 2628
0.041666666666666664 0.35416666666666663 2554
0.08333333333333333 0.35416666666666663 2427
0.125 0.35416666666666663 2476
0.16666666666666666 0.35416666666666663 2446
0.20833333333333331 0.35416666666666663 2461
0.25 0.35416666666666663 2482
0.29166666666666663 0.35416666666666663 2643
0.3333333333333333 0.35416666666666663 2426
0.375 0.35416666666666663 2543
0.41666666666666663 0.35416666666666663 2288
0.4583333333333333 0.35416666666666663 2302
0.5 0.35416666666666663 2278
0.5416666666666666 0.35416666666666663 2370
0.5833333333333333 0.35416666666666663 2229
0.625 0.35416666666666663 2349
0.6666666666666666 0.35416666666666663 2507
0.7083333333333333 0.35416666666666663 2054
0.75 0.35416666666666663 2068
0.7916666666666666 0.35416666666666663 1832
0.8333333333333333 0.35416666666666663 2254
0.875 0.35416666666666663 1857
0.9166666666666666 0.35416666666666663 1430
0.9583333333333333 0.35416666666666663 2282
1.0 0.35416666666666663 1072
0.0 0.375 2544
0.041666666666666664 0.375 2521
0.08333333333333333 0.375 2515
0.125 0.375 2551
0.16666666666666666 0.375 2407
0.20833333333333331 0.375 2452
0.25 0.375 2421
0.29166666666666663 0.375 2612
0.3333333333333333 0.375 2572
0.375 0.375 2427
0.41666666666666663 0.375 2386
0.4583333333333333 0.375 2411
0.5 0.375 2301
0.5416666666666666 0.375 2212
0.5833333333333333 0.375 2325
0.625 0.375 2435
0.6666666666666666 0.375 2223
0.7083333333333333 0.375 2111
0.75 0.375 2501
0.7916666666666666 0.375 2131
0.8333333333333333 0.375 1716
0.875 0.375 2508
0.9166666666666666 0.375 1983
0.9583333333333333 0.375 1819
1.0 0.375 1844
0.0 0.3958333333333333 2538
0.041666666666666664 0.3958333333333333 2450
0.08333333333333333 0.3958333333333333 2654
0.125 0.3958333333333333 2522
0.16666666666666666 0.3958333333333333 2582
0.20833333333333331 0.3958333333333333 2439
0.25 0.3958333333333333 2567
0.29166666666666663 0.3958333333333333 2363
0.3333333333333333 0.3958333333333333 2464
0.375 0.3958333333333333 2484
0.41666666666666663 0.3958333333333333 2431
0.4583333333333333 0.3958333333333333 2407
0.5 0.3958333333333333 2474
0.5416666666666666 0.3958333333333333 0
0.5833333333333333 0.3958333333333333 2300
0.625 0.3958333333333333 2586
0.6666666666666666 0.3958333333333333 2156
0.7083333333333333 0.3958333333333333 2599
0.75 0.3958333333333333 2217
0.7916666666666666 0.3958333333333333 1909
0.8333333333333333 0.3958333333333333 2438
0.875 0.3958333333333333 2480
0.9166666666666666 0.3958333333333333 2175
0.9583333333333333 0.3958333333333333 1330
1.0 0.3958333333333333 2419
0.0 0.41666666666666663 2457
0.041666666666666664 0.41666666666666663 2377
0.08333333333333333 0.41666666666666663 2356
0.125 0.41666666666666663 2635
0.16666666666666666 0.41666666666666663 2516
0.20833333333333331 0.41666666666666663 2491
0.25 0.41666666666666663 2590
0.29166666666666663 0.41666666666666663 2404
0.3333333333333333 0.41666666666666663 2458
0.375 0.41666666666666663 2565
0.41666666666666663 0.41666666666666663 2418
0.4583333333333333 0.41666666666666663 2503
0.5 0.41666666666666663 2369
0.5416666666666666 0.41666666666666663 2342
0.5833333333333333 0.41666666666666663 2268
0.625 0.41666666666666663 2415
0.6666666666666666 0.41666666666666663 2220
0.7083333333333333 0.41666666666666663 2151
0.75 0.41666666666666663 2407
0.7916666666666666 0.41666666666666663 2350
0.8333333333333333 0.41666666666666663 2293
0.875 0.41666666666666663 1785
0.9166666666666666 0.41666666666666663 1862
0.9583333333333333 0.41666666666666663 2541
1.0 0.41666666666666663 1584
0.0 0.4375 2568
0.041666666666666664 0.4375 2513
0.08333333333333333 0.4375 2603
0.125 0.4375 2511
0.16666666666666666 0.4375 2604
0.20833333333333331 0.4375 2518
0.25 0.4375 2471
0.29166666666666663 0.4375 2497
0.3333333333333333 0.4375 2628
0.375 0.4375 2361
0.41666666666666663 0.4375 2527
0.4583333333333333 0.4375 2552
0.5 0.4375 2351
0.5416666666666666 0.4375 2278
0.5833333333333333 0.4375 2295
0.625 0.4375 2539
0.6666666666666666 0.4375 2236
0.7083333333333333 0.4375 2600
0.75 0.4375 2640
0.7916666666666666 0.4375 2651
0.8333333333333333 0.4375 2409
0.875 0.4375 1727
0.9166666666666666 0.4375 1669
0.9583333333333333 0.4375 2297
1.0 0.4375 2561
0.0 0.4583333333333333 2524
0.041666666666666664 0.4583333333333333 2513
0.08333333333333333 0.4583333333333333 2490
0.125 0.4583333333333333 2531
0.16666666666666666 0.4583333333333333 2566
0.20833333333333331 0.4583333333333333 2453
0.25 0.4583333333333333 2580
0.29166666666666663 0.4583333333333333 2501
0.3333333333333333 0.4583333333333333 2365
0.375 0.4583333333333333 2414
0.41666666666666663 0.4583333333333333 2379
0.4583333333333333 0.4583333333333333 2608
0.5 0.4583333333333333 2543
0.5416666666666666 0.4583333333333333 2389
0.5833333333333333 0.4583333333333333 2254
0.625 0.4583333333333333 2441
0.6666666666666666 0.4583333333333333 2456
0.7083333333333333 0.4583333333333333 2592
0.75 0.4583333333333333 2067
0.7916666666666666 0.4583333333333333 2561
0.8333333333333333 0.4583333333333333 2564
0.875 0.4583333333333333 2015
0.9166666666666666 0.4583333333333333 2552
0.9583333333333333 0.4583333333333333 1807
1.0 0.4583333333333333 2464
0.0 0.47916666666666663 2474
0.041666666666666664 0.47916666666666663 2482
0.08333333333333333 0.47916666666666663 2596
0.125 0.47916666666666663 2493
0.16666666666666666 0.47916666666666663 2410
0.20833333333333331 0.47916666666666663 2479
0.25 0.47916666666666663 2488
0.29166666666666663 0.47916666666666663 2644
0.3333333333333333 0.47916666666666663 2470
0.375 0.47916666666666663 2418
0.41666666666666663 0.47916666666666663 2547
0.4583333333333333 0.47916666666666663 2533
0.5 0.47916666666666663 2561
0.5416666666666666 0.47916666666666663 2316
0.5833333333333333 0.47916666666666663 2440
0.625 0.47916666666666663 2270
0.6666666666666666 0.47916666666666663 2395
0.7083333333333333 0.47916666666666663 2399
0.75 0.47916666666666663 2469
0.7916666666666666 0.47916666666666663 2020
0.8333333333333333 0.47916666666666663 2616
0.875 0.47916666666666663 2372
0.9166666666666666 0.47916666666666663 2147
0.9583333333333333 0.47916666666666663 2027
1.0 0.47916666666666663 2424
0.0 0.5 2513
0.041666666666666664 0.5 2437
0.08333333333333333 0.5 2488
0.125 0.5 2475
0.16666666666666666 0.5 2472
0.20833333333333331 0.5 2629
0.25 0.5 2551
0.29166666666666663 0.5 2569
0.3333333333333333 0.5 2437
0.375 0.5 2344
0.41666666666666663 0.5 2382
0.4583333333333333 0.5 2592
0.5 0.5 2436
0.5416666666666666 0.5 2485
0.5833333333333333 0.5 2532
0.625 0.5 2392
0.6666666666666666 0.5 2382
0.7083333333333333 0.5 2207
0.75 0.5 2447
0.7916666666666666 0.5 2148
0.8333333333333333 0.5 1888
0.875 0.5 2391
0.9166666666666666 0.5 2548
0.9583333333333333 0.5 2360
1.0 0.5 2551
