0.0 0.0 2620
0.041666666666666664 0.0 2435
0.08333333333333333 0.0 2513
0.125 0.0 2552
0.16666666666666666 0.0 2323
0.20833333333333331 0.0 2382
0.25 0.0 2333
0.29166666666666663 0.0 2392
0.3333333333333333 0.0 2293
0.375 0.0 2363
0.41666666666666663 0.0 2330
0.4583333333333333 0.0 2305
0.5 0.0 2267
0.5416666666666666 0.0 2205
0.5833333333333333 0.0 2146
0.625 0.0 2094
0.6666666666666666 0.0 2020
0.7083333333333333 0.0 1963
0.75 0.0 1848
0.7916666666666666 0.0 1751
0.8333333333333333 0.0 1603
0.875 0.0 1332
0.9166666666666666 0.0 1000
0.9583333333333333 0.0 0
1.0 0.0 0
0.0 0.020833333333333332 2518
0.041666666666666664 0.020833333333333332 2592
0.08333333333333333 0.020833333333333332 2445
0.125 0.020833333333333332 2489
0.16666666666666666 0.020833333333333332 2400
0.20833333333333331 0.020833333333333332 2387
0.25 0.020833333333333332 2462
0.29166666666666663 0.020833333333333332 2299
0.3333333333333333 0.020833333333333332 2352
0.375 0.020833333333333332 2289
0.41666666666666663 0.020833333333333332 2345
0.4583333333333333 0.020833333333333332 2378
0.5 0.020833333333333332 2314
0.5416666666666666 0.020833333333333332 2254
0.5833333333333333 0.020833333333333332 2129
0.625 0.020833333333333332 2098
0.6666666666666666 0.020833333333333332 2052
0.7083333333333333 0.020833333333333332 1946
0.75 0.020833333333333332 1792
0.7916666666666666 0.020833333333333332 1770
0.8333333333333333 0.020833333333333332 1620
0.875 0.020833333333333332 1311
0.9166666666666666 0.020833333333333332 1138
0.9583333333333333 0.020833333333333332 501
1.0 0.020833333333333332 228
0.0 0.041666666666666664 2465
0.041666666666666664 0.041666666666666664 2548
0.08333333333333333 0.041666666666666664 2589
0.125 0.041666666666666664 2532
0.16666666666666666 0.041666666666666664 2480
0.20833333333333331 0.041666666666666664 2479
0.25 0.041666666666666664 2502
0.29166666666666663 0.041666666666666664 2435
0.3333333333333333 0.041666666666666664 2366
0.375 0.041666666666666664 2329
0.41666666666666663 0.041666666666666664 2393
0.4583333333333333 0.041666666666666664 2267
0.5 0.041666666666666664 2307
0.5416666666666666 0.041666666666666664 2216
0.5833333333333333 0.041666666666666664 2186
0.625 0.041666666666666664 2170
0.6666666666666666 0.041666666666666664 2132
0.7083333333333333 0.041666666666666664 1966
0.75 0.041666666666666664 1846
0.7916666666666666 0.041666666666666664 1723
0.8333333333333333 0.041666666666666664 1535
0.875 0.041666666666666664 1467
0.9166666666666666 0.041666666666666664 1151
0.9583333333333333 0.041666666666666664 627
1.0 0.041666666666666664 205
0.0 0.0625 2505
0.041666666666666664 0.0625 2452
0.08333333333333333 0.0625 2553
0.125 0.0625 2546
0.16666666666666666 0.0625 2575
0.20833333333333331 0.0625 2531
0.25 0.0625 2395
0.29166666666666663 0.0625 2441
0.3333333333333333 0.0625 2412
0.375 0.0625 2278
0.41666666666666663 0.0625 2390
0.4583333333333333 0.0625 2231
0.5 0.0625 2307
0.5416666666666666 0.0625 2193
0.5833333333333333 0.0625 2184
0.625 0.0625 2137
0.6666666666666666 0.0625 2045
0.7083333333333333 0.0625 1983
0.75 0.0625 1771
0.7916666666666666 0.0625 1778
0.8333333333333333 0.0625 1770
0.875 0.0625 1443
0.9166666666666666 0.0625 1226
0.9583333333333333 0.0625 715
1.0 0.0625 892
0.0 0.08333333333333333 2476
0.041666666666666664 0.08333333333333333 2406
0.08333333333333333 0.08333333333333333 2513
0.125 0.08333333333333333 2459
0.16666666666666666 0.08333333333333333 2469
0.20833333333333331 0.08333333333333333 2376
0.25 0.08333333333333333 2463
0.29166666666666663 0.08333333333333333 2378
0.3333333333333333 0.08333333333333333 2456
0.375 0.08333333333333333 2457
0.41666666666666663 0.08333333333333333 2322
0.4583333333333333 0.08333333333333333 2307
0.5 0.08333333333333333 2250
0.5416666666666666 0.08333333333333333 2221
0.5833333333333333 0.08333333333333333 2207
0.625 0.08333333333333333 2109
0.6666666666666666 0.08333333333333333 2046
0.7083333333333333 0.08333333333333333 2086
0.75 0.08333333333333333 1925
0.7916666666666666 0.08333333333333333 1990
0.8333333333333333 0.08333333333333333 1815
0.875 0.08333333333333333 1388
0.9166666666666666 0.08333333333333333 1285
0.9583333333333333 0.08333333333333333 965
1.0 0.08333333333333333 657
0.0 0.10416666666666666 2422
0.041666666666666664 0.10416666666666666 2522
0.08333333333333333 0.10416666666666666 2441
0.125 0.10416666666666666 2402
0.16666666666666666 0.10416666666666666 2495
0.20833333333333331 0.10416666666666666 2481
0.25 0.10416666666666666 2342
0.29166666666666663 0.10416666666666666 2334
0.3333333333333333 0.10416666666666666 2359
0.375 0.10416666666666666 2368
0.41666666666666663 0.10416666666666666 2254
0.4583333333333333 0.10416666666666666 2390
0.5 0.10416666666666666 2344
0.5416666666666666 0.10416666666666666 2237
0.5833333333333333 0.10416666666666666 2251
0.625 0.10416666666666666 2139
0.6666666666666666 0.10416666666666666 2022
0.7083333333333333 0.10416666666666666 2004
0.75 0.10416666666666666 1902
0.7916666666666666 0.10416666666666666 1818
0.8333333333333333 0.10416666666666666 1531
0.875 0.10416666666666666 1377
0.9166666666666666 0.10416666666666666 1205
0.9583333333333333 0.10416666666666666 767
1.0 0.10416666666666666 1639
0.0 0.125 2582
0.041666666666666664 0.125 2400
0.08333333333333333 0.125 2425
0.125 0.125 2540
0.16666666666666666 0.125 2433
0.20833333333333331 0.125 2460
0.25 0.125 2452
0.29166666666666663 0.125 2339
0.3333333333333333 0.125 2416
0.375 0.125 2462
0.41666666666666663 0.125 2399
0.4583333333333333 0.125 2408
0.5 0.125 2349
0.5416666666666666 0.125 2245
0.5833333333333333 0.125 2301
0.625 0.125 2162
0.6666666666666666 0.125 2123
0.7083333333333333 0.125 2007
0.75 0.125 1918
0.7916666666666666 0.125 1765
0.8333333333333333 0.125 1675
0.875 0.125 1427
0.9166666666666666 0.125 1193
0.9583333333333333 0.125 1757
1.0 0.125 1436
0.0 0.14583333333333331 2534
0.041666666666666664 0.14583333333333331 2526
0.08333333333333333 0.14583333333333331 2391
0.125 0.14583333333333331 2489
0.16666666666666666 0.14583333333333331 2524
0.20833333333333331 0.14583333333333331 2401
0.25 0.14583333333333331 2424
0.29166666666666663 0.14583333333333331 2290
0.3333333333333333 0.14583333333333331 2378
0.375 0.14583333333333331 2275
0.41666666666666663 0.14583333333333331 2270
0.4583333333333333 0.14583333333333331 2274
0.5 0.14583333333333331 2441
0.5416666666666666 0.14583333333333331 2240
0.5833333333333333 0.14583333333333331 2331
0.625 0.14583333333333331 2131
0.6666666666666666 0.14583333333333331 2042
0.7083333333333333 0.14583333333333331 2124
0.75 0.14583333333333331 2090
0.7916666666666666 0.14583333333333331 1743
0.8333333333333333 0.14583333333333331 1786
0.875 0.14583333333333331 1494
0.9166666666666666 0.14583333333333331 1333
0.9583333333333333 0.14583333333333331 945
1.0 0.14583333333333331 1152
0.0 0.16666666666666666 2486
0.041666666666666664 0.16666666666666666 2620
0.08333333333333333 0.16666666666666666 2584
0.125 0.16666666666666666 2474
0.16666666666666666 0.16666666666666666 2470
0.20833333333333331 0.16666666666666666 2446
0.25 0.16666666666666666 2447
0.29166666666666663 0.16666666666666666 2455
0.3333333333333333 0.16666666666666666 2521
0.375 0.16666666666666666 2297
0.41666666666666663 0.16666666666666666 2392
0.4583333333333333 0.16666666666666666 2240
0.5 0.16666666666666666 2259
0.5416666666666666 0.16666666666666666 2262
0.5833333333333333 0.16666666666666666 2243
0.625 0.16666666666666666 2149
0.6666666666666666 0.16666666666666666 2278
0.7083333333333333 0.16666666666666666 1975
0.75 0.16666666666666666 1954
0.7916666666666666 0.16666666666666666 1823
0.8333333333333333 0.16666666666666666 1656
0.875 0.16666666666666666 1747
0.9166666666666666 0.16666666666666666 2131
0.9583333333333333 0.16666666666666666 2099
1.0 0.16666666666666666 706
0.0 0.1875 2507
0.041666666666666664 0.1875 2610
0.08333333333333333 0.1875 2565
0.125 0.1875 2535
0.16666666666666666 0.1875 2400
0.20833333333333331 0.1875 2487
0.25 0.1875 2467
0.29166666666666663 0.1875 2408
0.3333333333333333 0.1875 2343
0.375 0.1875 2303
0.41666666666666663 0.1875 2364
0.4583333333333333 0.1875 2328
0.5 0.1875 2297
0.5416666666666666 0.1875 2194
0.5833333333333333 0.1875 2294
0.625 0.1875 2245
0.6666666666666666 0.1875 2072
0.7083333333333333 0.1875 2168
0.75 0.1875 2356
0.7916666666666666 0.1875 1782
0.8333333333333333 0.1875 2342
0.875 0.1875 2222
0.9166666666666666 0.1875 1624
0.9583333333333333 0.1875 1602
1.0 0.1875 1309
0.0 0.20833333333333331 2583
0.041666666666666664 0.20833333333333331 2440
0.08333333333333333 0.20833333333333331 2593
0.125 0.20833333333333331 2382
0.16666666666666666 0.20833333333333331 2526
0.20833333333333331 0.20833333333333331 2491
0.25 0.20833333333333331 2341
0.29166666666666663 0.20833333333333331 2464
0.3333333333333333 0.20833333333333331 2441
0.375 0.20833333333333331 2313
0.41666666666666663 0.20833333333333331 2301
0.4583333333333333 0.20833333333333331 2280
0.5 0.20833333333333331 2271
0.5416666666666666 0.20833333333333331 2377
0.5833333333333333 0.20833333333333331 2390
0.625 0.20833333333333331 2411
0.6666666666666666 0.20833333333333331 2145
0.7083333333333333 0.20833333333333331 2343
0.75 0.20833333333333331 2063
0.7916666666666666 0.20833333333333331 1948
0.8333333333333333 0.20833333333333331 2253
0.875 0.20833333333333331 2297
0.9166666666666666 0.20833333333333331 1543
0.9583333333333333 0.20833333333333331 1741
1.0 0.20833333333333331 770
0.0 0.22916666666666666 2600
0.041666666666666664 0.22916666666666666 2529
0.08333333333333333 0.22916666666666666 2389
0.125 0.22916666666666666 2405
0.16666666666666666 0.22916666666666666 2377
0.20833333333333331 0.22916666666666666 2494
0.25 0.22916666666666666 2435
0.29166666666666663 0.22916666666666666 2453
0.3333333333333333 0.22916666666666666 2328
0.375 0.22916666666666666 2420
0.41666666666666663 0.22916666666666666 2391
0.4583333333333333 0.22916666666666666 2381
0.5 0.22916666666666666 2230
0.5416666666666666 0.22916666666666666 2225
0.5833333333333333 0.22916666666666666 2311
0.625 0.22916666666666666 2346
0.6666666666666666 0.22916666666666666 2387
0.7083333333333333 0.22916666666666666 2047
0.75 0.22916666666666666 2129
0.7916666666666666 0.22916666666666666 1844
0.8333333333333333 0.22916666666666666 1763
0.875 0.22916666666666666 2295
0.9166666666666666 0.22916666666666666 2405
0.9583333333333333 0.22916666666666666 2345
1.0 0.22916666666666666 893
0.0 0.25 2535
0.041666666666666664 0.25 2559
0.08333333333333333 0.25 2406
0.125 0.25 2551
0.16666666666666666 0.25 2557
0.20833333333333331 0.25 2505
0.25 0.25 0
0.29166666666666663 0.25 2388
0.3333333333333333 0.25 2480
0.375 0.25 2594
0.41666666666666663 0.25 2394
0.4583333333333333 0.25 2444
0.5 0.25 2289
0.5416666666666666 0.25 2460
0.5833333333333333 0.25 2288
0.625 0.25 2193
0.6666666666666666 0.25 2191
0.7083333333333333 0.25 2058
0.75 0.25 2034
0.7916666666666666 0.25 1843
0.8333333333333333 0.25 1645
0.875 0.25 1726
0.9166666666666666 0.25 1509
0.9583333333333333 0.25 2344
1.0 0.25 1105
0.0 0.2708333333333333 2384
0.041666666666666664 0.2708333333333333 2500
0.08333333333333333 0.2708333333333333 2550
0.125 0.2708333333333333 2503
0.16666666666666666 0.2708333333333333 2435
0.20833333333333331 0.2708333333333333 2425
0.25 0.2708333333333333 2525
0.29166666666666663 0.2708333333333333 2341
0.3333333333333333 0.2708333333333333 2525
0.375 0.2708333333333333 2439
0.41666666666666663 0.2708333333333333 2398
0.4583333333333333 0.2708333333333333 2364
0.5 0.2708333333333333 2375
0.5416666666666666 0.2708333333333333 2221
0.5833333333333333 0.2708333333333333 2289
0.625 0.2708333333333333 2206
0.6666666666666666 0.2708333333333333 2347
0.7083333333333333 0.2708333333333333 2530
0.75 0.2708333333333333 1905
0.7916666666666666 0.2708333333333333 2277
0.8333333333333333 0.2708333333333333 1718
0.875 0.2708333333333333 1870
0.9166666666666666 0.2708333333333333 2387
0.9583333333333333 0.2708333333333333 1788
1.0 0.2708333333333333 1416
0.0 0.29166666666666663 2440
0.041666666666666664 0.29166666666666663 2577
0.08333333333333333 0.29166666666666663 2498
0.125 0.29166666666666663 2503
0.16666666666666666 0.29166666666666663 2451
0.20833333333333331 0.29166666666666663 2443
0.25 0.29166666666666663 2492
0.29166666666666663 0.29166666666666663 2384
0.3333333333333333 0.29166666666666663 2371
0.375 0.29166666666666663 2443
0.41666666666666663 0.29166666666666663 2282
0.4583333333333333 0.29166666666666663 2445
0.5 0.29166666666666663 2366
0.5416666666666666 0.29166666666666663 2305
0.5833333333333333 0.29166666666666663 2269
0.625 0.29166666666666663 2231
0.6666666666666666 0.29166666666666663 2419
0.7083333333333333 0.29166666666666663 2200
0.75 0.29166666666666663 2415
0.7916666666666666 0.29166666666666663 1899
0.8333333333333333 0.29166666666666663 1741
0.875 0.29166666666666663 2240
0.9166666666666666 0.29166666666666663 1805
0.9583333333333333 0.29166666666666663 2442
1.0 0.29166666666666663 0
0.0 0.3125 2507
0.041666666666666664 0.3125 2630
0.08333333333333333 0.3125 2418
0.125 0.3125 2454
0.16666666666666666 0.3125 2603
0.20833333333333331 0.3125 2497
0.25 0.3125 2424
0.29166666666666663 0.3125 2416
0.3333333333333333 0.3125 2400
0.375 0.3125 2412
0.41666666666666663 0.3125 2419
0.4583333333333333 0.3125 2492
0.5 0.3125 2393
0.5416666666666666 0.3125 2499
0.5833333333333333 0.3125 2293
0.625 0.3125 2251
0.6666666666666666 0.3125 2509
0.7083333333333333 0.3125 2111
0.75 0.3125 2400
0.7916666666666666 0.3125 1793
0.8333333333333333 0.3125 2554
0.875 0.3125 1710
0.9166666666666666 0.3125 1370
0.9583333333333333 0.3125 2296
1.0 0.3125 1445
0.0 0.3333333333333333 2470
0.041666666666666664 0.3333333333333333 2572
0.08333333333333333 0.3333333333333333 2632
0.125 0.3333333333333333 2546
0.16666666666666666 0.3333333333333333 2596
0.20833333333333331 0.3333333333333333 2459
0.25 0.3333333333333333 2373
0.29166666666666663 0.3333333333333333 2424
0.3333333333333333 0.3333333333333333 2410
0.375 0.3333333333333333 2357
0.41666666666666663 0.3333333333333333 2354
0.4583333333333333 0.3333333333333333 2349
0.5 0.3333333333333333 2438
0.5416666666666666 0.3333333333333333 2240
0.5833333333333333 0.3333333333333333 2542
0.625 0.3333333333333333 2173
0.6666666666666666 0.3333333333333333 2561
0.7083333333333333 0.3333333333333333 2416
0.75 0.3333333333333333 2245
0.7916666666666666 0.3333333333333333 2283
0.8333333333333333 0.3333333333333333 1753
0.875 0.3333333333333333 1580
0.9166666666666666 0.3333333333333333 2372
0.9583333333333333 0.3333333333333333 1
1.0 0.3333333333333333 2378
0.0 0.35416666666666663 2641
0.041666666666666664 0.35416666666666663 2511
0.08333333333333333 0.35416666666666663 2596
0.125 0.35416666666666663 2469
0.16666666666666666 0.35416666666666663 2401
0.20833333333333331 0.35416666666666663 2513
0.25 0.35416666666666663 2454
0.29166666666666663 0.35416666666666663 2464
0.3333333333333333 0.35416666666666663 2455
0.375 0.35416666666666663 2474
0.41666666666666663 0.35416666666666663 2313
0.4583333333333333 0.35416666666666663 2459
0.5 0.35416666666666663 2254
0.5416666666666666 0.35416666666666663 2183
0.5833333333333333 0.35416666666666663 2378
0.625 0.35416666666666663 2302
0.6666666666666666 0.35416666666666663 2296
0.7083333333333333 0.35416666666666663 1993
0.75 0.35416666666666663 2570
0.7916666666666666 0.35416666666666663 1819
0.8333333333333333 0.35416666666666663 2379
0.875 0.35416666666666663 2177
0.9166666666666666 0.35416666666666663 2434
0.9583333333333333 0.35416666666666663 2660
1.0 0.35416666666666663 1102
0.0 0.375 2450
0.041666666666666664 0.375 2467
0.08333333333333333 0.375 2442
0.125 0.375 2419
0.16666666666666666 0.375 2513
0.20833333333333331 0.375 2502
0.25 0.375 2534
0.29166666666666663 0.375 2437
0.3333333333333333 0.375 2524
0.375 0.375 2420
0.41666666666666663 0.375 2387
0.4583333333333333 0.375 2459
0.5 0.375 2278
0.5416666666666666 0.375 2553
0.5833333333333333 0.375 2206
0.625 0.375 2336
0.6666666666666666 0.375 2146
0.7083333333333333 0.375 2464
0.75 0.375 2367
0.7916666666666666 0.375 2549
0.8333333333333333 0.375 2532
0.875 0.375 2479
0.9166666666666666 0.375 1535
0.9583333333333333 0.375 2079
1.0 0.375 1552
0.0 0.3958333333333333 2412
0.041666666666666664 0.3958333333333333 2489
0.08333333333333333 0.3958333333333333 2439
0.125 0.3958333333333333 2568
0.16666666666666666 0.3958333333333333 2419
0.20833333333333331 0.3958333333333333 2478
0.25 0.3958333333333333 2577
0.29166666666666663 0.3958333333333333 2498
0.3333333333333333 0.3958333333333333 2347
0.375 0.3958333333333333 2398
0.41666666666666663 0.3958333333333333 2417
0.4583333333333333 0.3958333333333333 2530
0.5 0.3958333333333333 2547
0.5416666666666666 0.3958333333333333 2265
0.5833333333333333 0.3958333333333333 2534
0.625 0.3958333333333333 2253
0.6666666666666666 0.3958333333333333 2188
0.7083333333333333 0.3958333333333333 2382
0.75 0.3958333333333333 1999
0.7916666666666666 0.3958333333333333 0
0.8333333333333333 0.3958333333333333 2392
0.875 0.3958333333333333 1704
0.9166666666666666 0.3958333333333333 2407
0.9583333333333333 0.3958333333333333 2473
1.0 0.3958333333333333 2410
0.0 0.41666666666666663 2588
0.041666666666666664 0.41666666666666663 2601
0.08333333333333333 0.41666666666666663 2468
0.125 0.41666666666666663 2564
0.16666666666666666 0.41666666666666663 2571
0.20833333333333331 0.41666666666666663 2502
0.25 0.41666666666666663 2497
0.29166666666666663 0.41666666666666663 2366
0.3333333333333333 0.41666666666666663 2642
0.375 0.41666666666666663 2435
0.41666666666666663 0.41666666666666663 2592
0.4583333333333333 0.41666666666666663 2365
0.5 0.41666666666666663 2334
0.5416666666666666 0.41666666666666663 2358
0.5833333333333333 0.41666666666666663 2458
0.625 0.41666666666666663 2228
0.6666666666666666 0.41666666666666663 2155
0.7083333333333333 0.41666666666666663 1943
0.75 0.41666666666666663 2514
0.7916666666666666 0.41666666666666663 2484
0.8333333333333333 0.41666666666666663 2491
0.875 0.41666666666666663 2214
0.9166666666666666 0.41666666666666663 2630
0.9583333333333333 0.41666666666666663 2068
1.0 0.41666666666666663 1341
0.0 0.4375 2429
0.041666666666666664 0.4375 2528
0.08333333333333333 0.4375 2528
0.125 0.4375 2573
0.16666666666666666 0.4375 2398
0.20833333333333331 0.4375 2529
0.25 0.4375 2371
0.29166666666666663 0.4375 2399
0.3333333333333333 0.4375 2362
0.375 0.4375 2399
0.41666666666666663 0.4375 2404
0.4583333333333333 0.4375 2303
0.5 0.4375 2333
0.5416666666666666 0.4375 2647
0.5833333333333333 0.4375 2569
0.625 0.4375 2546
0.6666666666666666 0.4375 2596
0.7083333333333333 0.4375 2510
0.75 0.4375 2539
0.7916666666666666 0.4375 2605
0.8333333333333333 0.4375 1846
0.875 0.4375 1824
0.9166666666666666 0.4375 2613
0.9583333333333333 0.4375 2025
1.0 0.4375 2424
0.0 0.4583333333333333 2639
0.041666666666666664 0.4583333333333333 2546
0.08333333333333333 0.4583333333333333 2429
0.125 0.4583333333333333 2516
0.16666666666666666 0.4583333333333333 2601
0.20833333333333331 0.4583333333333333 2605
0.25 0.4583333333333333 2413
0.29166666666666663 0.4583333333333333 2518
0.3333333333333333 0.4583333333333333 2447
0.375 0.4583333333333333 2394
0.41666666666666663 0.4583333333333333 2365
0.4583333333333333 0.4583333333333333 2516
0.5 0.4583333333333333 2388
0.5416666666666666 0.4583333333333333 2625
0.5833333333333333 0.4583333333333333 2246
0.625 0.4583333333333333 2404
0.6666666666666666 0.4583333333333333 2465
0.7083333333333333 0.4583333333333333 2464
0.75 0.4583333333333333 2423
0.7916666666666666 0.4583333333333333 2339
0.8333333333333333 0.4583333333333333 1989
0.875 0.4583333333333333 2380
0.9166666666666666 0.4583333333333333 2538
0.9583333333333333 0.4583333333333333 2133
1.0 0.4583333333333333 2602
0.0 0.47916666666666663 2585
0.041666666666666664 0.47916666666666663 2529
0.08333333333333333 0.47916666666666663 2621
0.125 0.47916666666666663 2457
0.16666666666666666 0.47916666666666663 2506
0.20833333333333331 0.47916666666666663 2606
0.25 0.47916666666666663 2449
0.29166666666666663 0.47916666666666663 2504
0.3333333333333333 0.47916666666666663 2580
0.375 0.47916666666666663 2560
0.41666666666666663 0.47916666666666663 2518
0.4583333333333333 0.47916666666666663 2415
0.5 0.47916666666666663 2330
0.5416666666666666 0.47916666666666663 2289
0.5833333333333333 0.47916666666666663 2487
0.625 0.47916666666666663 2464
0.6666666666666666 0.47916666666666663 2593
0.7083333333333333 0.47916666666666663 2269
0.75 0.47916666666666663 2600
0.7916666666666666 0.47916666666666663 2547
0.8333333333333333 0.47916666666666663 2557
0.875 0.47916666666666663 2282
0.9166666666666666 0.47916666666666663 1922
0.9583333333333333 0.47916666666666663 1990
1.0 0.47916666666666663 1958
0.0 0.5 2490
0.041666666666666664 0.5 2439
0.08333333333333333 0.5 2556
0.125 0.5 2542
0.16666666666666666 0.5 2443
0.20833333333333331 0.5 2449
0.25 0.5 2471
0.29166666666666663 0.5 2443
0.3333333333333333 0.5 2339
0.375 0.5 2590
0.41666666666666663 0.5 2391
0.4583333333333333 0.5 2532
0.5 0.5 2372
0.5416666666666666 0.5 2547
0.5833333333333333 0.5 2639
0.625 0.5 2223
0.6666666666666666 0.5 2454
0.7083333333333333 0.5 2607
0.75 0.5 2125
0.7916666666666666 0.5 2579
0.8333333333333333 0.5 2392
0.875 0.5 2493
0.9166666666666666 0.5 2519
0.9583333333333333 0.5 2644
1.0 0.5 2470
