0.0 0.0 2593
0.041666666666666664 0.0 2580
0.08333333333333333 0.0 2504
0.125 0.0 2402
0.16666666666666666 0.0 2516
0.20833333333333331 0.0 2450
0.25 0.0 2445
0.29166666666666663 0.0 2389
0.3333333333333333 0.0 2388
0.375 0.0 2334
0.41666666666666663 0.0 2403
0.4583333333333333 0.0 2247
0.5 0.0 2258
0.5416666666666666 0.0 2236
0.5833333333333333 0.0 2239
0.625 0.0 2042
0.6666666666666666 0.0 1980
0.7083333333333333 0.0 1900
0.75 0.0 1808
0.7916666666666666 0.0 0
0.8333333333333333 0.0 1625
0.875 0.0 1379
0.9166666666666666 0.0 1024
0.9583333333333333 0.0 0
1.0 0.0 1
0.0 0.020833333333333332 2547
0.041666666666666664 0.020833333333333332 2546
0.08333333333333333 0.020833333333333332 2464
0.125 0.020833333333333332 2466
0.16666666666666666 0.020833333333333332 2412
0.20833333333333331 0.020833333333333332 2395
0.25 0.020833333333333332 2401
0.29166666666666663 0.020833333333333332 2372
0.3333333333333333 0.020833333333333332 2463
0.375 0.020833333333333332 2312
0.41666666666666663 0.020833333333333332 2220
0.4583333333333333 0.020833333333333332 2348
0.5 0.020833333333333332 2243
0.5416666666666666 0.020833333333333332 2264
0.5833333333333333 0.020833333333333332 2223
0.625 0.020833333333333332 2148
0.6666666666666666 0.020833333333333332 2100
0.7083333333333333 0.020833333333333332 1942
0.75 0.020833333333333332 1886
0.7916666666666666 0.020833333333333332 1843
0.8333333333333333 0.020833333333333332 1570
0.875 0.020833333333333332 1337
0.9166666666666666 0.020833333333333332 1055
0.9583333333333333 0.020833333333333332 905
1.0 0.020833333333333332 440
0.0 0.041666666666666664 2566
0.041666666666666664 0.041666666666666664 2568
0.08333333333333333 0.041666666666666664 2535
0.125 0.041666666666666664 2607
0.16666666666666666 0.041666666666666664 2421
0.20833333333333331 0.041666666666666664 2526
0.25 0.041666666666666664 2423
0.29166666666666663 0.041666666666666664 2478
0.3333333333333333 0.041666666666666664 2366
0.375 0.041666666666666664 2390
0.41666666666666663 0.041666666666666664 2354
0.4583333333333333 0.041666666666666664 2276
0.5 0.041666666666666664 2311
0.5416666666666666 0.041666666666666664 2128
0.5833333333333333 0.041666666666666664 2173
0.625 0.041666666666666664 2135
0.6666666666666666 0.041666666666666664 2007
0.7083333333333333 0.041666666666666664 1913
0.75 0.041666666666666664 1866
0.7916666666666666 0.041666666666666664 1765
0.8333333333333333 0.041666666666666664 1624
0.875 0.041666666666666664 1496
0.9166666666666666 0.041666666666666664 1303
0.9583333333333333 0.041666666666666664 636
1.0 0.041666666666666664 188
0.0 0.0625 2556
0.041666666666666664 0.0625 2555
0.08333333333333333 0.0625 2461
0.125 0.0625 2525
0.16666666666666666 0.0625 2428
0.20833333333333331 0.0625 2433
0.25 0.0625 2488
0.29166666666666663 0.0625 2384
0.3333333333333333 0.0625 2367
0.375 0.0625 2350
0.41666666666666663 0.0625 2405
0.4583333333333333 0.0625 2248
0.5 0.0625 2174
0.5416666666666666 0.0625 2253
0.5833333333333333 0.0625 2120
0.625 0.0625 2104
0.6666666666666666 0.0625 2045
0.7083333333333333 0.0625 2011
0.75 0.0625 1931
0.7916666666666666 0.0625 1768
0.8333333333333333 0.0625 1566
0.875 0.0625 1519
0.9166666666666666 0.0625 1239
0.9583333333333333 0.0625 916
1.0 0.0625 769
0.0 0.08333333333333333 2486
0.041666666666666664 0.08333333333333333 2457
0.08333333333333333 0.08333333333333333 2428
0.125 0.08333333333333333 2380
0.16666666666666666 0.08333333333333333 2379
0.20833333333333331 0.08333333333333333 2541
0.25 0.08333333333333333 2534
0.29166666666666663 0.08333333333333333 2471
0.3333333333333333 0.08333333333333333 2468
0.375 0.08333333333333333 2322
0.41666666666666663 0.08333333333333333 2348
0.4583333333333333 0.08333333333333333 2290
0.5 0.08333333333333333 2245
0.5416666666666666 0.08333333333333333 2234
0.5833333333333333 0.08333333333333333 2238
0.625 0.08333333333333333 2131
0.6666666666666666 0.08333333333333333 1999
0.7083333333333333 0.08333333333333333 1989
0.75 0.08333333333333333 1938
0.7916666666666666 0.08333333333333333 1803
0.8333333333333333 0.08333333333333333 1578
0.875 0.08333333333333333 1509
0.9166666666666666 0.08333333333333333 1190
0.9583333333333333 0.08333333333333333 622
1.0 0.08333333333333333 1060
0.0 0.10416666666666666 2557
0.041666666666666664 0.10416666666666666 2551
0.08333333333333333 0.10416666666666666 2460
0.125 0.10416666666666666 2408
0.16666666666666666 0.10416666666666666 2535
0.20833333333333331 0.10416666666666666 2532
0.25 0.10416666666666666 2375
0.29166666666666663 0.10416666666666666 2462
0.3333333333333333 0.10416666666666666 2396
0.375 0.10416666666666666 2372
0.41666666666666663 0.10416666666666666 2368
0.4583333333333333 0.10416666666666666 2325
0.5 0.10416666666666666 2378
0.5416666666666666 0.10416666666666666 2227
0.5833333333333333 0.10416666666666666 2243
0.625 0.10416666666666666 2225
0.6666666666666666 0.10416666666666666 2098
0.7083333333333333 0.10416666666666666 1955
0.75 0.10416666666666666 1871
0.7916666666666666 0.10416666666666666 1747
0.8333333333333333 0.10416666666666666 1740
0.875 0.10416666666666666 1506
0.9166666666666666 0.10416666666666666 1449
0.9583333333333333 0.10416666666666666 938
1.0 0.10416666666666666 1939
0.0 0.125 2468
0.041666666666666664 0.125 2357
0.08333333333333333 0.125 2402
0.125 0.125 2440
0.16666666666666666 0.125 2507
0.20833333333333331 0.125 2466
0.25 0.125 2491
0.29166666666666663 0.125 2502
0.3333333333333333 0.125 2387
0.375 0.125 2333
0.41666666666666663 0.125 2239
0.4583333333333333 0.125 2335
0.5 0.125 2319
0.5416666666666666 0.125 2195
0.5833333333333333 0.125 2282
0.625 0.125 2127
0.6666666666666666 0.125 2049
0.7083333333333333 0.125 2025
0.75 0.125 2006
0.7916666666666666 0.125 1822
0.8333333333333333 0.125 1529
0.875 0.125 1845
0.9166666666666666 0.125 1781
0.9583333333333333 0.125 1648
1.0 0.125 0
0.0 0.14583333333333331 2393
0.041666666666666664 0.14583333333333331 2607
0.08333333333333333 0.14583333333333331 2498
0.125 0.14583333333333331 2536
0.16666666666666666 0.14583333333333331 2448
0.20833333333333331 0.14583333333333331 2446
0.25 0.14583333333333331 2501
0.29166666666666663 0.14583333333333331 2547
0.3333333333333333 0.14583333333333331 2447
0.375 0.14583333333333331 2376
0.41666666666666663 0.14583333333333331 2394
0.4583333333333333 0.14583333333333331 2283
0.5 0.14583333333333331 2366
0.5416666666666666 0.14583333333333331 2184
0.5833333333333333 0.14583333333333331 2272
0.625 0.14583333333333331 2266
0.6666666666666666 0.14583333333333331 2034
0.7083333333333333 0.14583333333333331 1970
0.75 0.14583333333333331 1921
0.7916666666666666 0.14583333333333331 0
0.8333333333333333 0.14583333333333331 1606
0.875 0.14583333333333331 1606
0.9166666666666666 0.14583333333333331 1174
0.9583333333333333 0.14583333333333331 962
1.0 0.14583333333333331 1240
0.0 0.16666666666666666 2518
0.041666666666666664 0.16666666666666666 2546
0.08333333333333333 0.16666666666666666 2456
0.125 0.16666666666666666 2540
0.16666666666666666 0.16666666666666666 2521
0.20833333333333331 0.16666666666666666 2421
0.25 0.16666666666666666 2464
0.29166666666666663 0.16666666666666666 2508
0.3333333333333333 0.16666666666666666 2467
0.375 0.16666666666666666 2372
0.41666666666666663 0.16666666666666666 2401
0.4583333333333333 0.16666666666666666 2387
0.5 0.16666666666666666 2227
0.5416666666666666 0.16666666666666666 2227
0.5833333333333333 0.16666666666666666 2353
0.625 0.16666666666666666 2123
0.6666666666666666 0.16666666666666666 2202
0.7083333333333333 0.16666666666666666 1958
0.75 0.16666666666666666 1955
0.7916666666666666 0.16666666666666666 1827
0.8333333333333333 0.16666666666666666 2015
0.875 0.16666666666666666 2065
0.9166666666666666 0.16666666666666666 1136
0.9583333333333333 0.16666666666666666 972
1.0 0.16666666666666666 511
0.0 0.1875 2378
0.041666666666666664 0.1875 2434
0.08333333333333333 0.1875 2591
0.125 0.1875 2419
0.16666666666666666 0.1875 2617
0.20833333333333331 0.1875 2415
0.25 0.1875 0
0.29166666666666663 0.1875 2352
0.3333333333333333 0.1875 2469
0.375 0.1875 2339
0.41666666666666663 0.1875 2279
0.4583333333333333 0.1875 2318
0.5 0.1875 2346
0.5416666666666666 0.1875 2224
0.5833333333333333 0.1875 2223
0.625 0.1875 2348
0.6666666666666666 0.1875 2076
0.7083333333333333 0.1875 2001
0.75 0.1875 1938
0.7916666666666666 0.1875 1996
0.8333333333333333 0.1875 1670
0.875 0.1875 1954
0.9166666666666666 0.1875 1120
0.9583333333333333 0.1875 1304
1.0 0.1875 715
0.0 0.20833333333333331 2417
0.041666666666666664 0.20833333333333331 2382
0.08333333333333333 0.20833333333333331 2428
0.125 0.20833333333333331 2453
0.16666666666666666 0.20833333333333331 2522
0.20833333333333331 0.20833333333333331 2414
0.25 0.20833333333333331 2475
0.29166666666666663 0.20833333333333331 2332
0.3333333333333333 0.20833333333333331 2442
0.375 0.20833333333333331 2454
0.41666666666666663 0.20833333333333331 2303
0.4583333333333333 0.20833333333333331 2348
0.5 0.20833333333333331 2365
0.5416666666666666 0.20833333333333331 2247
0.5833333333333333 0.20833333333333331 2373
0.625 0.20833333333333331 2283
0.6666666666666666 0.20833333333333331 2385
0.7083333333333333 0.20833333333333331 2008
0.75 0.20833333333333331 2479
0.7916666666666666 0.20833333333333331 1926
0.8333333333333333 0.20833333333333331 2187
0.875 0.20833333333333331 2299
0.9166666666666666 0.20833333333333331 1552
0.9583333333333333 0.20833333333333331 2063
1.0 0.20833333333333331 2190
0.0 0.22916666666666666 2480
0.041666666666666664 0.22916666666666666 2401
0.08333333333333333 0.22916666666666666 2420
0.125 0.22916666666666666 2384
0.16666666666666666 0.22916666666666666 2516
0.20833333333333331 0.22916666666666666 2563
0.25 0.22916666666666666 2519
0.29166666666666663 0.22916666666666666 2388
0.3333333333333333 0.22916666666666666 2385
0.375 0.22916666666666666 2458
0.41666666666666663 0.22916666666666666 2359
0.4583333333333333 0.22916666666666666 2420
0.5 0.22916666666666666 2291
0.5416666666666666 0.22916666666666666 2197
0.5833333333333333 0.22916666666666666 2307
0.625 0.22916666666666666 2199
0.6666666666666666 0.22916666666666666 2110
0.7083333333333333 0.22916666666666666 2277
0.75 0.22916666666666666 2177
0.7916666666666666 0.22916666666666666 2236
0.8333333333333333 0.22916666666666666 2399
0.875 0.22916666666666666 1955
0.9166666666666666 0.22916666666666666 1679
0.9583333333333333 0.22916666666666666 2422
1.0 0.22916666666666666 2377
0.0 0.25 2452
0.041666666666666664 0.25 2595
0.08333333333333333 0.25 2387
0.125 0.25 2533
0.16666666666666666 0.25 2454
0.20833333333333331 0.25 2421
0.25 0.25 2283
0.29166666666666663 0.25 2496
0.3333333333333333 0.25 2438
0.375 0.25 2425
0.41666666666666663 0.25 2470
0.4583333333333333 0.25 2433
0.5 0.25 2374
0.5416666666666666 0.25 2223
0.5833333333333333 0.25 2231
0.625 0.25 2306
0.6666666666666666 0.25 2165
0.7083333333333333 0.25 2295
0.75 0.25 2095
0.7916666666666666 0.25 2518
0.8333333333333333 0.25 0
0.875 0.25 1802
0.9166666666666666 0.25 1346
0.9583333333333333 0.25 2148
1.0 0.25 2377
0.0 0.2708333333333333 2520
0.041666666666666664 0.2708333333333333 2606
0.08333333333333333 0.2708333333333333 2512
0.125 0.2708333333333333 2531
0.16666666666666666 0.2708333333333333 2368
0.20833333333333331 0.2708333333333333 2488
0.25 0.2708333333333333 2313
0.29166666666666663 0.2708333333333333 2474
0.3333333333333333 0.2708333333333333 2379
0.375 0.2708333333333333 2384
0.41666666666666663 0.2708333333333333 2393
0.4583333333333333 0.2708333333333333 2354
0.5 0.2708333333333333 2332
0.5416666666666666 0.2708333333333333 2454
0.5833333333333333 0.2708333333333333 2291
0.625 0.2708333333333333 2451
0.6666666666666666 0.2708333333333333 2114
0.7083333333333333 0.2708333333333333 1999
0.75 0.2708333333333333 2200
0.7916666666666666 0.2708333333333333 2490
0.8333333333333333 0.2708333333333333 2280
0.875 0.2708333333333333 1482
0.9166666666666666 0.2708333333333333 2390
0.9583333333333333 0.2708333333333333 1633
1.0 0.2708333333333333 1842
0.0 0.29166666666666663 2561
0.041666666666666664 0.29166666666666663 2396
0.08333333333333333 0.29166666666666663 2472
0.125 0.29166666666666663 2526
0.16666666666666666 0.29166666666666663 2419
0.20833333333333331 0.29166666666666663 2453
0.25 0.29166666666666663 2391
0.29166666666666663 0.29166666666666663 2334
0.3333333333333333 0.29166666666666663 2499
0.375 0.29166666666666663 2374
0.41666666666666663 0.29166666666666663 2345
0.4583333333333333 0.29166666666666663 2353
0.5 0.29166666666666663 2346
0.5416666666666666 0.29166666666666663 2278
0.5833333333333333 0.29166666666666663 2517
0.625 0.29166666666666663 2262
0.6666666666666666 0.29166666666666663 2107
0.7083333333333333 0.29166666666666663 2286
0.75 0.29166666666666663 2038
0.7916666666666666 0.29166666666666663 1845
0.8333333333333333 0.29166666666666663 1968
0.875 0.29166666666666663 1622
0.9166666666666666 0.29166666666666663 2376
0.9583333333333333 0.29166666666666663 1997
1.0 0.29166666666666663 2501
0.0 0.3125 2603
0.041666666666666664 0.3125 2400
0.08333333333333333 0.3125 2602
0.125 0.3125 2335
0.16666666666666666 0.3125 2475
0.20833333333333331 0.3125 2461
0.25 0.3125 2429
0.29166666666666663 0.3125 2364
0.3333333333333333 0.3125 2433
0.375 0.3125 2380
0.41666666666666663 0.3125 2440
0.4583333333333333 0.3125 2532
0.5 0.3125 2220
0.5416666666666666 0.3125 2426
0.5833333333333333 0.3125 2337
0.625 0.3125 2332
0.6666666666666666 0.3125 2267
0.7083333333333333 0.3125 2471
0.75 0.3125 2146
0.7916666666666666 0.3125 2404
0.8333333333333333 0.3125 2169
0.875 0.3125 2188
0.9166666666666666 0.3125 2400
0.9583333333333333 0.3125 2494
1.0 0.3125 1976
0.0 0.3333333333333333 2584
0.041666666666666664 0.3333333333333333 2566
0.08333333333333333 0.3333333333333333 2377
0.125 0.3333333333333333 2521
0.16666666666666666 0.3333333333333333 0
0.20833333333333331 0.3333333333333333 2544
0.25 0.3333333333333333 2532
0.29166666666666663 0.3333333333333333 2493
0.3333333333333333 0.3333333333333333 2461
0.375 0.3333333333333333 2409
0.41666666666666663 0.3333333333333333 2299
0.4583333333333333 0.3333333333333333 2389
0.5 0.3333333333333333 2323
0.5416666666666666 0.3333333333333333 2257
0.5833333333333333 0.3333333333333333 2526
0.625 0.3333333333333333 2120
0.6666666666666666 0.3333333333333333 2063
0.7083333333333333 0.3333333333333333 2567
0.75 0.3333333333333333 2096
0.7916666666666666 0.3333333333333333 2571
0.8333333333333333 0.3333333333333333 2546
0.875 0.3333333333333333 1683
0.9166666666666666 0.3333333333333333 1324
0.9583333333333333 0.3333333333333333 2050
1.0 0.3333333333333333 2304
0.0 0.35416666666666663 2508
0.041666666666666664 0.35416666666666663 2414
0.08333333333333333 0.35416666666666663 2488
0.125 0.35416666666666663 2493
0.16666666666666666 0.35416666666666663 2562
0.20833333333333331 0.35416666666666663 2443
0.25 0.35416666666666663 2606
0.29166666666666663 0.35416666666666663 2412
0.3333333333333333 0.35416666666666663 2580
0.375 0.35416666666666663 2585
0.41666666666666663 0.35416666666666663 2617
0.4583333333333333 0.35416666666666663 2394
0.5 0.35416666666666663 2503
0.5416666666666666 0.35416666666666663 2190
0.5833333333333333 0.35416666666666663 2265
0.625 0.35416666666666663 2289
0.6666666666666666 0.35416666666666663 2529
0.7083333333333333 0.35416666666666663 2108
0.75 0.35416666666666663 2405
0.7916666666666666 0.35416666666666663 1983
0.8333333333333333 0.35416666666666663 2474
0.875 0.35416666666666663 2306
0.9166666666666666 0.35416666666666663 2525
0.9583333333333333 0.35416666666666663 2527
1.0 0.35416666666666663 2566
0.0 0.375 2420
0.041666666666666664 0.375 2640
0.08333333333333333 0.375 2499
0.125 0.375 2498
0.16666666666666666 0.375 2531
0.20833333333333331 0.375 2537
0.25 0.375 2486
0.29166666666666663 0.375 2459
0.3333333333333333 0.375 2394
0.375 0.375 2446
0.41666666666666663 0.375 2342
0.4583333333333333 0.375 2390
0.5 0.375 2561
0.5416666666666666 0.375 2247
0.5833333333333333 0.375 2516
0.625 0.375 2259
0.6666666666666666 0.375 2634
0.7083333333333333 0.375 2275
0.75 0.375 1983
0.7916666666666666 0.375 2423
0.8333333333333333 0.375 1757
0.875 0.375 1729
0.9166666666666666 0.375 2437
0.9583333333333333 0.375 2374
1.0 0.375 2177
0.0 0.3958333333333333 2583
0.041666666666666664 0.3958333333333333 2580
0.08333333333333333 0.3958333333333333 2538
0.125 0.3958333333333333 2454
0.16666666666666666 0.3958333333333333 2502
0.20833333333333331 0.3958333333333333 2480
0.25 0.3958333333333333 2435
0.29166666666666663 0.3958333333333333 2636
0.3333333333333333 0.3958333333333333 2582
0.375 0.3958333333333333 2457
0.41666666666666663 0.3958333333333333 2440
0.4583333333333333 0.3958333333333333 2403
0.5 0.3958333333333333 2365
0.5416666666666666 0.3958333333333333 2571
0.5833333333333333 0.3958333333333333 2443
0.625 0.3958333333333333 2209
0.6666666666666666 0.3958333333333333 2185
0.7083333333333333 0.3958333333333333 2456
0.75 0.3958333333333333 2309
0.7916666666666666 0.3958333333333333 2648
0.8333333333333333 0.3958333333333333 2104
0.875 0.3958333333333333 2457
0.9166666666666666 0.3958333333333333 1857
0.9583333333333333 0.3958333333333333 2503
1.0 0.3958333333333333 2060
0.0 0.41666666666666663 2442
0.041666666666666664 0.41666666666666663 2498
0.08333333333333333 0.41666666666666663 2572
0.125 0.41666666666666663 2547
0.16666666666666666 0.41666666666666663 2440
0.20833333333333331 0.41666666666666663 2587
0.25 0.41666666666666663 2436
0.29166666666666663 0.41666666666666663 2387
0.3333333333333333 0.41666666666666663 2567
0.375 0.41666666666666663 2356
0.41666666666666663 0.41666666666666663 2368
0.4583333333333333 0.41666666666666663 2593
0.5 0.41666666666666663 2455
0.5416666666666666 0.41666666666666663 2499
0.5833333333333333 0.41666666666666663 2341
0.625 0.41666666666666663 2658
0.6666666666666666 0.41666666666666663 2114
0.7083333333333333 0.41666666666666663 2514
0.75 0.41666666666666663 2447
0.7916666666666666 0.41666666666666663 2597
0.8333333333333333 0.41666666666666663 1967
0.875 0.41666666666666663 2590
0.9166666666666666 0.41666666666666663 1855
0.9583333333333333 0.41666666666666663 1291
1.0 0.41666666666666663 2021
0.0 0.4375 2538
0.041666666666666664 0.4375 2461
0.08333333333333333 0.4375 2445
0.125 0.4375 2553
0.16666666666666666 0.4375 2461
0.20833333333333331 0.4375 2636
0.25 0.4375 2418
0.29166666666666663 0.4375 2353
0.3333333333333333 0.4375 2474
0.375 0.4375 2385
0.41666666666666663 0.4375 2529
0.4583333333333333 0.4375 2613
0.5 0.4375 2348
0.5416666666666666 0.4375 2332
0.5833333333333333 0.4375 2299
0.625 0.4375 2270
0.6666666666666666 0.4375 2536
0.7083333333333333 0.4375 2303
0.75 0.4375 2489
0.7916666666666666 0.4375 1837
0.8333333333333333 0.4375 2503
0.875 0.4375 2215
0.9166666666666666 0.4375 1841
0.9583333333333333 0.4375 2515
1.0 0.4375 2283
0.0 0.4583333333333333 2625
0.041666666666666664 0.4583333333333333 2568
0.08333333333333333 0.4583333333333333 2441
0.125 0.4583333333333333 2463
0.16666666666666666 0.4583333333333333 2614
0.20833333333333331 0.4583333333333333 2550
0.25 0.4583333333333333 2392
0.29166666666666663 0.4583333333333333 2460
0.3333333333333333 0.4583333333333333 2484
0.375 0.4583333333333333 2369
0.41666666666666663 0.4583333333333333 2527
0.4583333333333333 0.4583333333333333 2371
0.5 0.4583333333333333 2313
0.5416666666666666 0.4583333333333333 2635
0.5833333333333333 0.4583333333333333 2282
0.625 0.4583333333333333 2295
0.6666666666666666 0.4583333333333333 2268
0.7083333333333333 0.4583333333333333 2182
0.75 0.4583333333333333 2417
0.7916666666666666 0.4583333333333333 1912
0.8333333333333333 0.4583333333333333 1910
0.875 0.4583333333333333 2277
0.9166666666666666 0.4583333333333333 1717
0.9583333333333333 0.4583333333333333 2593
1.0 0.4583333333333333 1730
0.0 0.47916666666666663 2426
0.041666666666666664 0.47916666666666663 2440
0.08333333333333333 0.47916666666666663 2558
0.125 0.47916666666666663 2651
0.16666666666666666 0.47916666666666663 2400
0.20833333333333331 0.47916666666666663 2487
0.25 0.47916666666666663 2395
0.29166666666666663 0.47916666666666663 2613
0.3333333333333333 0.47916666666666663 2346
0.375 0.47916666666666663 2429
0.41666666666666663 0.47916666666666663 2399
0.4583333333333333 0.47916666666666663 2345
0.5 0.47916666666666663 2425
0.5416666666666666 0.47916666666666663 2567
0.5833333333333333 0.47916666666666663 2246
0.625 0.47916666666666663 2204
0.6666666666666666 0.47916666666666663 2616
0.7083333333333333 0.47916666666666663 2612
0.75 0.47916666666666663 2653
0.7916666666666666 0.47916666666666663 2081
0.8333333333333333 0.47916666666666663 2610
0.875 0.47916666666666663 1847
0.9166666666666666 0.47916666666666663 2056
0.9583333333333333 0.47916666666666663 2381
1.0 0.47916666666666663 2620
0.0 0.5 2577
0.041666666666666664 0.5 2535
0.08333333333333333 0.5 2414
0.125 0.5 2530
0.16666666666666666 0.5 2553
0.20833333333333331 0.5 2584
0.25 0.5 2643
0.29166666666666663 0.5 2386
0.3333333333333333 0.5 2384
0.375 0.5 2396
0.41666666666666663 0.5 2542
0.4583333333333333 0.5 2361
0.5 0.5 2486
0.5416666666666666 0.5 2459
0.5833333333333333 0.5 2303
0.625 0.5 2360
0.6666666666666666 0.5 2547
0.7083333333333333 0.5 2348
0.75 0.5 2079
0.7916666666666666 0.5 2502
0.8333333333333333 0.5 1994
0.875 0.5 2171
0.9166666666666666 0.5 2624
0.9583333333333333 0.5 2484
1.0 0.5 2418
