0.0 0.0 2602
0.041666666666666664 0.0 2524
0.08333333333333333 0.0 2424
0.125 0.0 2475
0.16666666666666666 0.0 2580
0.20833333333333331 0.0 2342
0.25 0.0 2383
0.29166666666666663 0.0 2500
0.3333333333333333 0.0 2414
0.375 0.0 2453
0.41666666666666663 0.0 2358
0.4583333333333333 0.0 2363
0.5 0.0 2382
0.5416666666666666 0.0 2285
0.5833333333333333 0.0 2187
0.625 0.0 2153
0.6666666666666666 0.0 2040
0.7083333333333333 0.0 1929
0.75 0.0 1804
0.7916666666666666 0.0 1702
0.8333333333333333 0.0 1618
0.875 0.0 1
0.9166666666666666 0.0 1020
0.9583333333333333 0.0 488
1.0 0.0 1
0.0 0.020833333333333332 2571
0.041666666666666664 0.020833333333333332 2576
0.08333333333333333 0.020833333333333332 2515
0.125 0.020833333333333332 2552
0.16666666666666666 0.020833333333333332 2441
0.20833333333333331 0.020833333333333332 2424
0.25 0.020833333333333332 2451
0.29166666666666663 0.020833333333333332 2370
0.3333333333333333 0.020833333333333332 2417
0.375 0.020833333333333332 2315
0.41666666666666663 0.020833333333333332 2310
0.4583333333333333 0.020833333333333332 2377
0.5 0.020833333333333332 2310
0.5416666666666666 0.020833333333333332 2266
0.5833333333333333 0.020833333333333332 2138
0.625 0.020833333333333332 2074
0.6666666666666666 0.020833333333333332 2055
0.7083333333333333 0.020833333333333332 1914
0.75 0.020833333333333332 1899
0.7916666666666666 0.020833333333333332 1784
0.8333333333333333 0.020833333333333332 1523
0.875 0.020833333333333332 1342
0.9166666666666666 0.020833333333333332 1053
0.9583333333333333 0.020833333333333332 504
1.0 0.020833333333333332 139
0.0 0.041666666666666664 2487
0.041666666666666664 0.041666666666666664 2449
0.08333333333333333 0.041666666666666664 2355
0.125 0.041666666666666664 2371
0.16666666666666666 0.041666666666666664 2423
0.20833333333333331 0.041666666666666664 2378
0.25 0.041666666666666664 2384
0.29166666666666663 0.041666666666666664 2328
0.3333333333333333 0.041666666666666664 2386
0.375 0.041666666666666664 2334
0.41666666666666663 0.041666666666666664 2339
0.4583333333333333 0.041666666666666664 2316
0.5 0.041666666666666664 2341
0.5416666666666666 0.041666666666666664 2220
0.5833333333333333 0.041666666666666664 2101
0.625 0.041666666666666664 2093
0.6666666666666666 0.041666666666666664 2016
0.7083333333333333 0.041666666666666664 1985
0.75 0.041666666666666664 1880
0.7916666666666666 0.041666666666666664 1767
0.8333333333333333 0.041666666666666664 1553
0.875 0.041666666666666664 1361
0.9166666666666666 0.041666666666666664 1284
0.9583333333333333 0.041666666666666664 774
1.0 0.041666666666666664 1015
0.0 0.0625 2579
0.041666666666666664 0.0625 2551
0.08333333333333333 0.0625 2422
0.125 0.0625 2420
0.16666666666666666 0.0625 2374
0.20833333333333331 0.0625 2558
0.25 0.0625 2483
0.29166666666666663 0.0625 2438
0.3333333333333333 0.0625 2416
0.375 0.0625 2289
0.41666666666666663 0.0625 2325
0.4583333333333333 0.0625 2278
0.5 0.0625 2126
0.5416666666666666 0.0625 2221
0.5833333333333333 0.0625 2137
0.625 0.0625 2174
0.6666666666666666 0.0625 2024
0.7083333333333333 0.0625 2025
0.75 0.0625 1920
0.7916666666666666 0.0625 1841
0.8333333333333333 0.0625 1640
0.875 0.0625 1474
0.9166666666666666 0.0625 1184
0.9583333333333333 0.0625 664
1.0 0.0625 445
0.0 0.08333333333333333 2477
0.041666666666666664 0.08333333333333333 2397
0.08333333333333333 0.08333333333333333 2488
0.125 0.08333333333333333 2469
0.16666666666666666 0.08333333333333333 2557
0.20833333333333331 0.08333333333333333 2491
0.25 0.08333333333333333 2407
0.29166666666666663 0.08333333333333333 2334
0.3333333333333333 0.08333333333333333 2457
0.375 0.08333333333333333 2364
0.41666666666666663 0.08333333333333333 2300
0.4583333333333333 0.08333333333333333 2274
0.5 0.08333333333333333 2300
0.5416666666666666 0.08333333333333333 2242
0.5833333333333333 0.08333333333333333 2191
0.625 0.08333333333333333 2096
0.6666666666666666 0.08333333333333333 2137
0.7083333333333333 0.08333333333333333 1971
0.75 0.08333333333333333 1946
0.7916666666666666 0.08333333333333333 1775
0.8333333333333333 0.08333333333333333 1710
0.875 0.08333333333333333 1428
0.9166666666666666 0.08333333333333333 1166
0.9583333333333333 0.08333333333333333 1630
1.0 0.08333333333333333 1199
0.0 0.10416666666666666 2494
0.041666666666666664 0.10416666666666666 2520
0.08333333333333333 0.10416666666666666 2540
0.125 0.10416666666666666 2443
0.16666666666666666 0.10416666666666666 2491
0.20833333333333331 0.10416666666666666 2508
0.25 0.10416666666666666 2440
0.29166666666666663 0.10416666666666666 2408
0.3333333333333333 0.10416666666666666 2328
0.375 0.10416666666666666 2400
0.41666666666666663 0.10416666666666666 2355
0.4583333333333333 0.10416666666666666 2265
0.5 0.10416666666666666 2270
0.5416666666666666 0.10416666666666666 2293
0.5833333333333333 0.10416666666666666 2160
0.625 0.10416666666666666 2176
0.6666666666666666 0.10416666666666666 2065
0.7083333333333333 0.10416666666666666 2021
0.75 0.10416666666666666 1884
0.7916666666666666 0.10416666666666666 1756
0.8333333333333333 0.10416666666666666 1800
0.875 0.10416666666666666 1511
0.9166666666666666 0.10416666666666666 1148
0.9583333333333333 0.10416666666666666 1184
1.0 0.10416666666666666 607
0.0 0.125 2480
0.041666666666666664 0.125 2430
0.08333333333333333 0.125 2450
0.125 0.125 2562
0.16666666666666666 0.125 2531
0.20833333333333331 0.125 2464
0.25 0.125 2473
0.29166666666666663 0.125 2442
0.3333333333333333 0.125 2440
0.375 0.125 2443
0.41666666666666663 0.125 2413
0.4583333333333333 0.125 2289
0.5 0.125 2375
0.5416666666666666 0.125 2143
0.5833333333333333 0.125 2212
0.625 0.125 2139
0.6666666666666666 0.125 2003
0.7083333333333333 0.125 2129
0.75 0.125 1793
0.7916666666666666 0.125 1901
0.8333333333333333 0.125 1633
0.875 0.125 1548
0.9166666666666666 0.125 1116
0.9583333333333333 0.125 650
1.0 0.125 2098
0.0 0.14583333333333331 2425
0.041666666666666664 0.14583333333333331 2563
0.08333333333333333 0.14583333333333331 2505
0.125 0.14583333333333331 2582
0.16666666666666666 0.14583333333333331 2469
0.20833333333333331 0.14583333333333331 2368
0.25 0.14583333333333331 2340
0.29166666666666663 0.14583333333333331 2465
0.3333333333333333 0.14583333333333331 2305
0.375 0.14583333333333331 2468
0.41666666666666663 0.14583333333333331 2334
0.4583333333333333 0.14583333333333331 2291
0.5 0.14583333333333331 2210
0.5416666666666666 0.14583333333333331 2221
0.5833333333333333 0.14583333333333331 2310
0.625 0.14583333333333331 2128
0.6666666666666666 0.14583333333333331 2091
0.7083333333333333 0.14583333333333331 2192
0.75 0.14583333333333331 2151
0.7916666666666666 0.14583333333333331 1783
0.8333333333333333 0.14583333333333331 1872
0.875 0.14583333333333331 1397
0.9166666666666666 0.14583333333333331 1586
0.9583333333333333 0.14583333333333331 885
1.0 0.14583333333333331 1882
0.0 0.16666666666666666 2487
0.041666666666666664 0.16666666666666666 2480
0.08333333333333333 0.16666666666666666 2531
0.125 0.16666666666666666 2534
0.16666666666666666 0.16666666666666666 2411
0.20833333333333331 0.16666666666666666 2437
0.25 0.16666666666666666 2445
0.29166666666666663 0.16666666666666666 2475
0.3333333333333333 0.16666666666666666 2479
0.375 0.16666666666666666 2430
0.41666666666666663 0.16666666666666666 2397
0.4583333333333333 0.16666666666666666 2333
0.5 0.16666666666666666 2315
0.5416666666666666 0.16666666666666666 2270
0.5833333333333333 0.16666666666666666 2134
0.625 0.16666666666666666 2250
0.6666666666666666 0.16666666666666666 2101
0.7083333333333333 0.16666666666666666 2052
0.75 0.16666666666666666 1899
0.7916666666666666 0.16666666666666666 1984
0.8333333333333333 0.16666666666666666 1840
0.875 0.16666666666666666 2105
0.9166666666666666 0.16666666666666666 2169
0.9583333333333333 0.16666666666666666 1418
1.0 0.16666666666666666 2108
0.0 0.1875 2413
0.041666666666666664 0.1875 2534
0.08333333333333333 0.1875 2580
0.125 0.1875 2541
0.16666666666666666 0.1875 2410
0.20833333333333331 0.1875 2491
0.25 0.1875 2499
0.29166666666666663 0.1875 2436
0.3333333333333333 0.1875 2474
0.375 0.1875 2400
0.41666666666666663 0.1875 2383
0.4583333333333333 0.1875 2430
0.5 0.1875 2378
0.5416666666666666 0.1875 2297
0.5833333333333333 0.1875 2200
0.625 0.1875 2245
0.6666666666666666 0.1875 2092
0.7083333333333333 0.1875 1978
0.75 0.1875 1995
0.7916666666666666 0.1875 2146
0.8333333333333333 0.1875 2101
0.875 0.1875 1582
0.9166666666666666 0.1875 2231
0.9583333333333333 0.1875 1190
1.0 0.1875 2100
0.0 0.20833333333333331 2563
0.041666666666666664 0.20833333333333331 2585
0.08333333333333333 0.20833333333333331 2410
0.125 0.20833333333333331 2352
0.16666666666666666 0.20833333333333331 2489
0.20833333333333331 0.20833333333333331 2469
0.25 0.20833333333333331 2383
0.29166666666666663 0.20833333333333331 2506
0.3333333333333333 0.20833333333333331 2337
0.375 0.20833333333333331 2372
0.41666666666666663 0.20833333333333331 2422
0.4583333333333333 0.20833333333333331 2358
0.5 0.20833333333333331 2336
0.5416666666666666 0.20833333333333331 2205
0.5833333333333333 0.20833333333333331 2300
0.625 0.20833333333333331 2248
0.6666666666666666 0.20833333333333331 2408
0.7083333333333333 0.20833333333333331 1981
0.75 0.20833333333333331 2001
0.7916666666666666 0.20833333333333331 1957
0.8333333333333333 0.20833333333333331 1619
0.875 0.20833333333333331 2108
0.9166666666666666 0.20833333333333331 1213
0.9583333333333333 0.20833333333333331 2365
1.0 0.20833333333333331 2342
0.0 0.22916666666666666 2621
0.041666666666666664 0.22916666666666666 2395
0.08333333333333333 0.22916666666666666 2576
0.125 0.22916666666666666 2526
0.16666666666666666 0.22916666666666666 2389
0.20833333333333331 0.22916666666666666 2393
0.25 0.22916666666666666 2409
0.29166666666666663 0.22916666666666666 2448
0.3333333333333333 0.22916666666666666 2515
0.375 0.22916666666666666 2312
0.41666666666666663 0.22916666666666666 2456
0.4583333333333333 0.22916666666666666 2448
0.5 0.22916666666666666 2232
0.5416666666666666 0.22916666666666666 2281
0.5833333333333333 0.22916666666666666 2107
0.625 0.22916666666666666 2448
0.6666666666666666 0.22916666666666666 2447
0.7083333333333333 0.22916666666666666 1996
0.75 0.22916666666666666 1940
0.7916666666666666 0.22916666666666666 2181
0.8333333333333333 0.22916666666666666 1853
0.875 0.22916666666666666 1455
0.9166666666666666 0.22916666666666666 2222
0.9583333333333333 0.22916666666666666 1789
1.0 0.22916666666666666 743
0.0 0.25 2611
0.041666666666666664 0.25 2585
0.08333333333333333 0.25 2457
0.125 0.25 2525
0.16666666666666666 0.25 2375
0.20833333333333331 0.25 2535
0.25 0.25 2433
0.29166666666666663 0.25 2411
0.3333333333333333 0.25 2496
0.375 0.25 2371
0.41666666666666663 0.25 2383
0.4583333333333333 0.25 2196
0.5 0.25 2414
0.5416666666666666 0.25 2327
0.5833333333333333 0.25 2183
0.625 0.25 2339
0.6666666666666666 0.25 2234
0.7083333333333333 0.25 2297
0.75 0.25 2224
0.7916666666666666 0.25 1738
0.8333333333333333 0.25 1707
0.875 0.25 1676
0.9166666666666666 0.25 1627
0.9583333333333333 0.25 2316
1.0 0.25 2103
0.0 0.2708333333333333 2618
0.041666666666666664 0.2708333333333333 2478
0.08333333333333333 0.2708333333333333 2588
0.125 0.2708333333333333 1
0.16666666666666666 0.2708333333333333 2518
0.20833333333333331 0.2708333333333333 2398
0.25 0.2708333333333333 2448
0.29166666666666663 0.2708333333333333 2525
0.3333333333333333 0.2708333333333333 2487
0.375 0.2708333333333333 2450
0.41666666666666663 0.2708333333333333 2386
0.4583333333333333 0.2708333333333333 2349
0.5 0.2708333333333333 2407
0.5416666666666666 0.2708333333333333 2207
0.5833333333333333 0.2708333333333333 2361
0.625 0.2708333333333333 2231
0.6666666666666666 0.2708333333333333 2207
0.7083333333333333 0.2708333333333333 2018
0.75 0.2708333333333333 2059
0.7916666666666666 0.2708333333333333 1951
0.8333333333333333 0.2708333333333333 1729
0.875 0.2708333333333333 2276
0.9166666666666666 0.2708333333333333 1522
0.9583333333333333 0.2708333333333333 2267
1.0 0.2708333333333333 2539
0.0 0.29166666666666663 2619
0.041666666666666664 0.29166666666666663 2597
0.08333333333333333 0.29166666666666663 2462
0.125 0.29166666666666663 2522
0.16666666666666666 0.29166666666666663 2425
0.20833333333333331 0.29166666666666663 2488
0.25 0.29166666666666663 2477
0.29166666666666663 0.29166666666666663 2460
0.3333333333333333 0.29166666666666663 2397
0.375 0.29166666666666663 2350
0.41666666666666663 0.29166666666666663 2427
0.4583333333333333 0.29166666666666663 2368
0.5 0.29166666666666663 2440
0.5416666666666666 0.29166666666666663 2274
0.5833333333333333 0.29166666666666663 2290
0.625 0.29166666666666663 2592
0.6666666666666666 0.29166666666666663 2410
0.7083333333333333 0.29166666666666663 2002
0.75 0.29166666666666663 1932
0.7916666666666666 0.29166666666666663 2460
0.8333333333333333 0.29166666666666663 2445
0.875 0.29166666666666663 2351
0.9166666666666666 0.29166666666666663 2551
0.9583333333333333 0.29166666666666663 1192
1.0 0.29166666666666663 2382
0.0 0.3125 2566
0.041666666666666664 0.3125 2577
0.08333333333333333 0.3125 2541
0.125 0.3125 2381
0.16666666666666666 0.3125 2477
0.20833333333333331 0.3125 2401
0.25 0.3125 2465
0.29166666666666663 0.3125 2494
0.3333333333333333 0.3125 2559
0.375 0.3125 2351
0.41666666666666663 0.3125 2399
0.4583333333333333 0.3125 2602
0.5 0.3125 2556
0.5416666666666666 0.3125 2154
0.5833333333333333 0.3125 2267
0.625 0.3125 2227
0.6666666666666666 0.3125 2605
0.7083333333333333 0.3125 2241
0.75 0.3125 2551
0.7916666666666666 0.3125 2269
0.8333333333333333 0.3125 2427
0.875 0.3125 1594
0.9166666666666666 0.3125 1663
0.9583333333333333 0.3125 1096
1.0 0.3125 2429
0.0 0.3333333333333333 2616
0.041666666666666664 0.3333333333333333 2568
0.08333333333333333 0.3333333333333333 2531
0.125 0.3333333333333333 2493
0.16666666666666666 0.3333333333333333 2569
0.20833333333333331 0.3333333333333333 2515
0.25 0.3333333333333333 2405
0.29166666666666663 0.3333333333333333 0
0.3333333333333333 0.3333333333333333 2503
0.375 0.3333333333333333 2467
0.41666666666666663 0.3333333333333333 2403
0.4583333333333333 0.3333333333333333 2503
0.5 0.3333333333333333 2355
0.5416666666666666 0.3333333333333333 2368
0.5833333333333333 0.3333333333333333 2245
0.625 0.3333333333333333 2483
0.6666666666666666 0.3333333333333333 2063
0.7083333333333333 0.3333333333333333 2323
0.75 0.3333333333333333 2574
0.7916666666666666 0.3333333333333333 2273
0.8333333333333333 0.3333333333333333 1703
0.875 0.3333333333333333 2531
0.9166666666666666 0.3333333333333333 1432
0.9583333333333333 0.3333333333333333 1661
1.0 0.3333333333333333 2111
0.0 0.35416666666666663 2587
0.041666666666666664 0.35416666666666663 2511
0.08333333333333333 0.35416666666666663 2535
0.125 0.35416666666666663 2554
0.16666666666666666 0.35416666666666663 2554
0.20833333333333331 0.35416666666666663 2510
0.25 0.35416666666666663 2425
0.29166666666666663 0.35416666666666663 2517
0.3333333333333333 0.35416666666666663 2445
0.375 0.35416666666666663 2419
0.41666666666666663 0.35416666666666663 2352
0.4583333333333333 0.35416666666666663 2403
0.5 0.35416666666666663 2376
0.5416666666666666 0.35416666666666663 2365
0.5833333333333333 0.35416666666666663 2471
0.625 0.35416666666666663 2121
0.6666666666666666 0.35416666666666663 2117
0.7083333333333333 0.35416666666666663 2584
0.75 0.35416666666666663 2237
0.7916666666666666 0.35416666666666663 2340
0.8333333333333333 0.35416666666666663 1727
0.875 0.35416666666666663 1716
0.9166666666666666 0.35416666666666663 2486
0.9583333333333333 0.35416666666666663 2492
1.0 0.35416666666666663 2305
0.0 0.375 2455
0.041666666666666664 0.375 2565
0.08333333333333333 0.375 2567
0.125 0.375 2433
0.16666666666666666 0.375 2509
0.20833333333333331 0.375 2488
0.25 0.375 2499
0.29166666666666663 0.375 2445
0.3333333333333333 0.375 2548
0.375 0.375 2443
0.41666666666666663 0.375 2427
0.4583333333333333 0.375 2395
0.5 0.375 2366
0.5416666666666666 0.375 2305
0.5833333333333333 0.375 2358
0.625 0.375 2460
0.6666666666666666 0.375 2184
0.7083333333333333 0.375 2210
0.75 0.375 2038
0.7916666666666666 0.375 1935
0.8333333333333333 0.375 2603
0.875 0.375 2387
0.9166666666666666 0.375 2420
0.9583333333333333 0.375 2440
1.0 0.375 1638
0.0 0.3958333333333333 2573
0.041666666666666664 0.3958333333333333 2473
0.08333333333333333 0.3958333333333333 2603
0.125 0.3958333333333333 2513
0.16666666666666666 0.3958333333333333 2543
0.20833333333333331 0.3958333333333333 2448
0.25 0.3958333333333333 2471
0.29166666666666663 0.3958333333333333 2386
0.3333333333333333 0.3958333333333333 2396
0.375 0.3958333333333333 2492
0.41666666666666663 0.3958333333333333 2374
0.4583333333333333 0.3958333333333333 2349
0.5 0.3958333333333333 2370
0.5416666666666666 0.3958333333333333 2340
0.5833333333333333 0.3958333333333333 2641
0.625 0.3958333333333333 2629
0.6666666666666666 0.3958333333333333 2159
0.7083333333333333 0.3958333333333333 2252
0.75 0.3958333333333333 2441
0.7916666666666666 0.3958333333333333 2123
0.8333333333333333 0.3958333333333333 2546
0.875 0.3958333333333333 2165
0.9166666666666666 0.3958333333333333 2498
0.9583333333333333 0.3958333333333333 1949
1.0 0.3958333333333333 1762
0.0 0.41666666666666663 2459
0.041666666666666664 0.41666666666666663 2484
0.08333333333333333 0.41666666666666663 2437
0.125 0.41666666666666663 2588
0.16666666666666666 0.41666666666666663 2566
0.20833333333333331 0.41666666666666663 2425
0.25 0.41666666666666663 2604
0.29166666666666663 0.41666666666666663 2416
0.3333333333333333 0.41666666666666663 2598
0.375 0.41666666666666663 2587
0.41666666666666663 0.41666666666666663 2433
0.4583333333333333 0.41666666666666663 2638
0.5 0.41666666666666663 2348
0.5416666666666666 0.41666666666666663 2381
0.5833333333333333 0.41666666666666663 2152
0.625 0.41666666666666663 2185
0.6666666666666666 0.41666666666666663 2359
0.7083333333333333 0.41666666666666663 2622
0.75 0.41666666666666663 2627
0.7916666666666666 0.41666666666666663 2375
0.8333333333333333 0.41666666666666663 2174
0.875 0.41666666666666663 1751
0.9166666666666666 0.41666666666666663 2196
0.9583333333333333 0.41666666666666663 2508
1.0 0.41666666666666663 2330
0.0 0.4375 2616
0.041666666666666664 0.4375 2557
0.08333333333333333 0.4375 2564
0.125 0.4375 2431
0.16666666666666666 0.4375 2418
0.20833333333333331 0.4375 2510
0.25 0.4375 2567
0.29166666666666663 0.4375 2517
0.3333333333333333 0.4375 2470
0.375 0.4375 2453
0.41666666666666663 0.4375 2406
0.4583333333333333 0.4375 2586
0.5 0.4375 2338
0.5416666666666666 0.4375 2376
0.5833333333333333 0.4375 2246
0.625 0.4375 2543
0.6666666666666666 0.4375 2153
0.7083333333333333 0.4375 2476
0.75 0.4375 2047
0.7916666666666666 0.4375 2266
0.8333333333333333 0.4375 2561
0.875 0.4375 1812
0.9166666666666666 0.4375 2181
0.9583333333333333 0.4375 1566
1.0 0.4375 2438
0.0 0.4583333333333333 2583
0.041666666666666664 0.4583333333333333 2510
0.08333333333333333 0.4583333333333333 2576
0.125 0.4583333333333333 2392
0.16666666666666666 0.4583333333333333 2610
0.20833333333333331 0.4583333333333333 2586
0.25 0.4583333333333333 2519
0.29166666666666663 0.4583333333333333 2580
0.3333333333333333 0.4583333333333333 2469
0.375 0.4583333333333333 2563
0.41666666666666663 0.4583333333333333 2580
0.4583333333333333 0.4583333333333333 2507
0.5 0.4583333333333333 2585
0.5416666666666666 0.4583333333333333 2378
0.5833333333333333 0.4583333333333333 2621
0.625 0.4583333333333333 2263
0.6666666666666666 0.4583333333333333 2250
0.7083333333333333 0.4583333333333333 2570
0.75 0.4583333333333333 2023
0.7916666666666666 0.4583333333333333 2608
0.8333333333333333 0.4583333333333333 2186
0.875 0.4583333333333333 2312
0.9166666666666666 0.4583333333333333 2365
0.9583333333333333 0.4583333333333333 2569
1.0 0.4583333333333333 2281
0.0 0.47916666666666663 2586
0.041666666666666664 0.47916666666666663 2438
0.08333333333333333 0.47916666666666663 2542
0.125 0.47916666666666663 2592
0.16666666666666666 0.47916666666666663 2448
0.20833333333333331 0.47916666666666663 2596
0.25 0.47916666666666663 2516
0.29166666666666663 0.47916666666666663 2476
0.3333333333333333 0.47916666666666663 2474
0.375 0.47916666666666663 2422
0.41666666666666663 0.47916666666666663 2392
0.4583333333333333 0.47916666666666663 2330
0.5 0.47916666666666663 2325
0.5416666666666666 0.47916666666666663 2375
0.5833333333333333 0.47916666666666663 2247
0.625 0.47916666666666663 2252
0.6666666666666666 0.47916666666666663 2473
0.7083333333333333 0.47916666666666663 2554
0.75 0.47916666666666663 2132
0.7916666666666666 0.47916666666666663 2224
0.8333333333333333 0.47916666666666663 1876
0.875 0.47916666666666663 2596
0.9166666666666666 0.47916666666666663 2543
0.9583333333333333 0.47916666666666663 2315
1.0 0.47916666666666663 2107
0.0 0.5 2593
0.041666666666666664 0.5 2403
0.08333333333333333 0.5 2486
0.125 0.5 2454
0.16666666666666666 0.5 2454
0.20833333333333331 0.5 2429
0.25 0.5 2389
0.29166666666666663 0.5 2446
0.3333333333333333 0.5 2394
0.375 0.5 2478
0.41666666666666663 0.5 2480
0.4583333333333333 0.5 2599
0.5 0.5 2588
0.5416666666666666 0.5 2304
0.5833333333333333 0.5 2377
0.625 0.5 2266
0.6666666666666666 0.5 2131
0.7083333333333333 0.5 2107
0.75 0.5 2612
0.7916666666666666 0.5 2530
0.8333333333333333 0.5 1890
0.875 0.5 2080
0.9166666666666666 0.5 2603
0.9583333333333333 0.5 2331
1.0 0.5 1695
