0.0 0.0 2499
0.041666666666666664 0.0 2389
0.08333333333333333 0.0 2512
0.125 0.0 2549
0.16666666666666666 0.0 2483
0.20833333333333331 0.0 2346
0.25 0.0 2415
0.29166666666666663 0.0 2398
0.3333333333333333 0.0 2363
0.375 0.0 2361
0.41666666666666663 0.0 2280
0.4583333333333333 0.0 2276
0.5 0.0 2305
0.5416666666666666 0.0 2183
0.5833333333333333 0.0 2212
0.625 0.0 2066
0.6666666666666666 0.0 1
0.7083333333333333 0.0 0
0.75 0.0 1915
0.7916666666666666 0.0 1711
0.8333333333333333 0.0 1614
0.875 0.0 1343
0.9166666666666666 0.0 0
0.9583333333333333 0.0 505
1.0 0.0 0
0.0 0.020833333333333332 2388
0.041666666666666664 0.020833333333333332 2522
0.08333333333333333 0.020833333333333332 2490
0.125 0.020833333333333332 2535
0.16666666666666666 0.020833333333333332 2385
0.20833333333333331 0.020833333333333332 2411
0.25 0.020833333333333332 2408
0.29166666666666663 0.020833333333333332 2428
0.3333333333333333 0.020833333333333332 2361
0.375 0.020833333333333332 2368
0.41666666666666663 0.020833333333333332 2382
0.4583333333333333 0.020833333333333332 2285
0.5 0.020833333333333332 2263
0.5416666666666666 0.020833333333333332 2258
0.5833333333333333 0.020833333333333332 2174
0.625 0.020833333333333332 2101
0.6666666666666666 0.020833333333333332 2068
0.7083333333333333 0.020833333333333332 1945
0.75 0.020833333333333332 1943
0.7916666666666666 0.020833333333333332 1620
0.8333333333333333 0.020833333333333332 1518
0.875 0.020833333333333332 1366
0.9166666666666666 0.020833333333333332 1084
0.9583333333333333 0.020833333333333332 575
1.0 0.020833333333333332 630
0.0 0.041666666666666664 2509
0.041666666666666664 0.041666666666666664 2562
0.08333333333333333 0.041666666666666664 2601
0.125 0.041666666666666664 2366
0.16666666666666666 0.041666666666666664 2508
0.20833333333333331 0.041666666666666664 2496
0.25 0.041666666666666664 2490
0.29166666666666663 0.041666666666666664 2491
0.3333333333333333 0.041666666666666664 2340
0.375 0.041666666666666664 2447
0.41666666666666663 0.041666666666666664 2279
0.4583333333333333 0.041666666666666664 2343
0.5 0.041666666666666664 2287
0.5416666666666666 0.041666666666666664 2244
0.5833333333333333 0.041666666666666664 2243
0.625 0.041666666666666664 2172
0.6666666666666666 0.041666666666666664 2077
0.7083333333333333 0.041666666666666664 1952
0.75 0.041666666666666664 1922
0.7916666666666666 0.041666666666666664 1860
0.8333333333333333 0.041666666666666664 1655
0.875 0.041666666666666664 1376
0.9166666666666666 0.041666666666666664 1246
0.9583333333333333 0.041666666666666664 817
1.0 0.041666666666666664 541
0.0 0.0625 2434
0.041666666666666664 0.0625 2563
0.08333333333333333 0.0625 2554
0.125 0.0625 2579
0.16666666666666666 0.0625 2416
0.20833333333333331 0.0625 2359
0.25 0.0625 2315
0.29166666666666663 0.0625 2424
0.3333333333333333 0.0625 2504
0.375 0.0625 2265
0.41666666666666663 0.0625 2339
0.4583333333333333 0.0625 2205
0.5 0.0625 2180
0.5416666666666666 0.0625 2202
0.5833333333333333 0.0625 2242
0.625 0.0625 2043
0.6666666666666666 0.0625 2049
0.7083333333333333 0.0625 2086
0.75 0.0625 1960
0.7916666666666666 0.0625 1900
0.8333333333333333 0.0625 1625
0.875 0.0625 1435
0.9166666666666666 0.0625 1270
0.9583333333333333 0.0625 613
1.0 0.0625 1296
0.0 0.08333333333333333 2400
0.041666666666666664 0.08333333333333333 2437
0.08333333333333333 0.08333333333333333 2507
0.125 0.08333333333333333 2529
0.16666666666666666 0.08333333333333333 2457
0.20833333333333331 0.08333333333333333 2459
0.25 0.08333333333333333 2525
0.29166666666666663 0.08333333333333333 2345
0.3333333333333333 0.08333333333333333 2366
0.375 0.08333333333333333 2365
0.41666666666666663 0.08333333333333333 2423
0.4583333333333333 0.08333333333333333 2317
0.5 0.08333333333333333 2211
0.5416666666666666 0.08333333333333333 2251
0.5833333333333333 0.08333333333333333 2245
0.625 0.08333333333333333 2067
0.6666666666666666 0.08333333333333333 2011
0.7083333333333333 0.08333333333333333 1955
0.75 0.08333333333333333 2011
0.7916666666666666 0.08333333333333333 1734
0.8333333333333333 0.08333333333333333 1666
0.875 0.08333333333333333 1463
0.9166666666666666 0.08333333333333333 1317
0.9583333333333333 0.08333333333333333 1024
1.0 0.08333333333333333 754
0.0 0.10416666666666666 2546
0.041666666666666664 0.10416666666666666 2522
0.08333333333333333 0.10416666666666666 2379
0.125 0.10416666666666666 2529
0.16666666666666666 0.10416666666666666 2390
0.20833333333333331 0.10416666666666666 2579
0.25 0.10416666666666666 2358
0.29166666666666663 0.10416666666666666 2449
0.3333333333333333 0.10416666666666666 2353
0.375 0.10416666666666666 2320
0.41666666666666663 0.10416666666666666 2298
0.4583333333333333 0.10416666666666666 2270
0.5 0.10416666666666666 2311
0.5416666666666666 0.10416666666666666 2202
0.5833333333333333 0.10416666666666666 2222
0.625 0.10416666666666666 2132
0.6666666666666666 0.10416666666666666 2051
0.7083333333333333 0.10416666666666666 1943
0.75 0.10416666666666666 2038
0.7916666666666666 0.10416666666666666 1813
0.8333333333333333 0.10416666666666666 1706
0.875 0.10416666666666666 1784
0.9166666666666666 0.10416666666666666 1222
0.9583333333333333 0.10416666666666666 1276
1.0 0.10416666666666666 732
0.0 0.125 2380
0.041666666666666664 0.125 2448
0.08333333333333333 0.125 2631
0.125 0.125 2575
0.16666666666666666 0.125 2509
0.20833333333333331 0.125 2454
0.25 0.125 2463
0.29166666666666663 0.125 2301
0.3333333333333333 0.125 2386
0.375 0.125 2293
0.41666666666666663 0.125 2379
0.4583333333333333 0.125 2397
0.5 0.125 2407
0.5416666666666666 0.125 2216
0.5833333333333333 0.125 2167
0.625 0.125 2280
0.6666666666666666 0.125 2204
0.7083333333333333 0.125 1965
0.75 0.125 2074
0.7916666666666666 0.125 1904
0.8333333333333333 0.125 1939
0.875 0.125 1360
0.9166666666666666 0.125 1147
0.9583333333333333 0.125 1621
1.0 0.125 831
0.0 0.14583333333333331 2391
0.041666666666666664 0.14583333333333331 2478
0.08333333333333333 0.14583333333333331 2372
0.125 0.14583333333333331 2514
0.16666666666666666 0.14583333333333331 2581
0.20833333333333331 0.14583333333333331 2322
0.25 0.14583333333333331 2432
0.29166666666666663 0.14583333333333331 2323
0.3333333333333333 0.14583333333333331 2369
0.375 0.14583333333333331 2447
0.41666666666666663 0.14583333333333331 2299
0.4583333333333333 0.14583333333333331 2260
0.5 0.14583333333333331 2212
0.5416666666666666 0.14583333333333331 2360
0.5833333333333333 0.14583333333333331 2194
0.625 0.14583333333333331 2260
0.6666666666666666 0.14583333333333331 2261
0.7083333333333333 0.14583333333333331 2014
0.75 0.14583333333333331 2099
0.7916666666666666 0.14583333333333331 1796
0.8333333333333333 0.14583333333333331 1890
0.875 0.14583333333333331 1661
0.9166666666666666 0.14583333333333331 1139
0.9583333333333333 0.14583333333333331 828
1.0 0.14583333333333331 1539
0.0 0.16666666666666666 2591
0.041666666666666664 0.16666666666666666 2583
0.08333333333333333 0.16666666666666666 2562
0.125 0.16666666666666666 2439
0.16666666666666666 0.16666666666666666 2393
0.20833333333333331 0.16666666666666666 2493
0.25 0.16666666666666666 2537
0.29166666666666663 0.16666666666666666 2360
0.3333333333333333 0.16666666666666666 2410
0.375 0.16666666666666666 2308
0.41666666666666663 0.16666666666666666 2297
0.4583333333333333 0.16666666666666666 2442
0.5 0.16666666666666666 2269
0.5416666666666666 0.16666666666666666 2456
0.5833333333333333 0.16666666666666666 2259
0.625 0.16666666666666666 2163
0.6666666666666666 0.16666666666666666 2080
0.7083333333333333 0.16666666666666666 2214
0.75 0.16666666666666666 2021
0.7916666666666666 0.16666666666666666 1733
0.8333333333333333 0.16666666666666666 1652
0.875 0.16666666666666666 1595
0.9166666666666666 0.16666666666666666 2095
0.9583333333333333 0.16666666666666666 1663
1.0 0.16666666666666666 1110
0.0 0.1875 2530
0.041666666666666664 0.1875 2632
0.08333333333333333 0.1875 2521
0.125 0.1875 2543
0.16666666666666666 0.1875 2469
0.20833333333333331 0.1875 2539
0.25 0.1875 2565
0.29166666666666663 0.1875 2470
0.3333333333333333 0.1875 2454
0.375 0.1875 2399
0.41666666666666663 0.1875 2341
0.4583333333333333 0.1875 2403
0.5 0.1875 2262
0.5416666666666666 0.1875 2237
0.5833333333333333 0.1875 2193
0.625 0.1875 2245
0.6666666666666666 0.1875 2336
0.7083333333333333 0.1875 2024
0.75 0.1875 1929
0.7916666666666666 0.1875 1966
0.8333333333333333 0.1875 1678
0.875 0.1875 2330
0.9166666666666666 0.1875 1284
0.9583333333333333 0.1875 1195
1.0 0.1875 861
0.0 0.20833333333333331 2529
0.041666666666666664 0.20833333333333331 2433
0.08333333333333333 0.20833333333333331 2542
0.125 0.20833333333333331 2546
0.16666666666666666 0.20833333333333331 2470
0.20833333333333331 0.20833333333333331 2562
0.25 0.20833333333333331 2409
0.29166666666666663 0.20833333333333331 2339
0.3333333333333333 0.20833333333333331 2275
0.375 0.20833333333333331 2351
0.41666666666666663 0.20833333333333331 2410
0.4583333333333333 0.20833333333333331 2338
0.5 0.20833333333333331 2258
0.5416666666666666 0.20833333333333331 2303
0.5833333333333333 0.20833333333333331 2212
0.625 0.20833333333333331 2260
0.6666666666666666 0.20833333333333331 2142
0.7083333333333333 0.20833333333333331 2209
0.75 0.20833333333333331 1930
0.7916666666666666 0.20833333333333331 2449
0.8333333333333333 0.20833333333333331 1614
0.875 0.20833333333333331 1444
0.9166666666666666 0.20833333333333331 1163
0.9583333333333333 0.20833333333333331 849
1.0 0.20833333333333331 1009
0.0 0.22916666666666666 2479
0.041666666666666664 0.22916666666666666 2613
0.08333333333333333 0.22916666666666666 2575
0.125 0.22916666666666666 2536
0.16666666666666666 0.22916666666666666 2362
0.20833333333333331 0.22916666666666666 2425
0.25 0.22916666666666666 2320
0.29166666666666663 0.22916666666666666 2516
0.3333333333333333 0.22916666666666666 2434
0.375 0.22916666666666666 2396
0.41666666666666663 0.22916666666666666 2462
0.4583333333333333 0.22916666666666666 2372
0.5 0.22916666666666666 2371
0.5416666666666666 0.22916666666666666 2352
0.5833333333333333 0.22916666666666666 2214
0.625 0.22916666666666666 2214
0.6666666666666666 0.22916666666666666 2083
0.7083333333333333 0.22916666666666666 2176
0.75 0.22916666666666666 1937
0.7916666666666666 0.22916666666666666 2092
0.8333333333333333 0.22916666666666666 1813
0.875 0.22916666666666666 1493
0.9166666666666666 0.22916666666666666 1374
0.9583333333333333 0.22916666666666666 1222
1.0 0.22916666666666666 2324
0.0 0.25 2426
0.041666666666666664 0.25 2556
0.08333333333333333 0.25 2541
0.125 0.25 2466
0.16666666666666666 0.25 2552
0.20833333333333331 0.25 2450
0.25 0.25 2500
0.29166666666666663 0.25 2423
0.3333333333333333 0.25 2435
0.375 0.25 2384
0.41666666666666663 0.25 2397
0.4583333333333333 0.25 2413
0.5 0.25 2251
0.5416666666666666 0.25 2239
0.5833333333333333 0.25 2326
0.625 0.25 2324
0.6666666666666666 0.25 2112
0.7083333333333333 0.25 2157
0.75 0.25 2085
0.7916666666666666 0.25 1855
0.8333333333333333 0.25 2026
0.875 0.25 1475
0.9166666666666666 0.25 1421
0.9583333333333333 0.25 2192
1.0 0.25 1858
0.0 0.2708333333333333 2616
0.041666666666666664 0.2708333333333333 2602
0.08333333333333333 0.2708333333333333 2473
0.125 0.2708333333333333 2562
0.16666666666666666 0.2708333333333333 2462
0.20833333333333331 0.2708333333333333 2437
0.25 0.2708333333333333 2500
0.29166666666666663 0.2708333333333333 2438
0.3333333333333333 0.2708333333333333 2477
0.375 0.2708333333333333 2414
0.41666666666666663 0.2708333333333333 2211
0.4583333333333333 0.2708333333333333 2342
0.5 0.2708333333333333 2230
0.5416666666666666 0.2708333333333333 2498
0.5833333333333333 0.2708333333333333 2245
0.625 0.2708333333333333 2280
0.6666666666666666 0.2708333333333333 2213
0.7083333333333333 0.2708333333333333 2463
0.75 0.2708333333333333 2040
0.7916666666666666 0.2708333333333333 2001
0.8333333333333333 0.2708333333333333 1801
0.875 0.2708333333333333 1567
0.9166666666666666 0.2708333333333333 2278
0.9583333333333333 0.2708333333333333 1181
1.0 0.2708333333333333 2151
0.0 0.29166666666666663 2581
0.041666666666666664 0.29166666666666663 0
0.08333333333333333 0.29166666666666663 2601
0.125 0.29166666666666663 2527
0.16666666666666666 0.29166666666666663 2515
0.20833333333333331 0.29166666666666663 2471
0.25 0.29166666666666663 2447
0.29166666666666663 0.29166666666666663 2356
0.3333333333333333 0.29166666666666663 2494
0.375 0.29166666666666663 2391
0.41666666666666663 0.29166666666666663 2406
0.4583333333333333 0.29166666666666663 2375
0.5 0.29166666666666663 2237
0.5416666666666666 0.29166666666666663 2233
0.5833333333333333 0.29166666666666663 2356
0.625 0.29166666666666663 2329
0.6666666666666666 0.29166666666666663 2400
0.7083333333333333 0.29166666666666663 2017
0.75 0.29166666666666663 2170
0.7916666666666666 0.29166666666666663 2227
0.8333333333333333 0.29166666666666663 1837
0.875 0.29166666666666663 1863
0.9166666666666666 0.29166666666666663 1428
0.9583333333333333 0.29166666666666663 2467
1.0 0.29166666666666663 2525
0.0 0.3125 2396
0.041666666666666664 0.3125 2539
0.08333333333333333 0.3125 2482
0.125 0.3125 2497
0.16666666666666666 0.3125 2479
0.20833333333333331 0.3125 2522
0.25 0.3125 2439
0.29166666666666663 0.3125 2531
0.3333333333333333 0.3125 2423
0.375 0.3125 2384
0.41666666666666663 0.3125 2529
0.4583333333333333 0.3125 2327
0.5 0.3125 2445
0.5416666666666666 0.3125 2309
0.5833333333333333 0.3125 2476
0.625 0.3125 2008
0.6666666666666666 0.3125 2193
0.7083333333333333 0.3125 2185
0.75 0.3125 1997
0.7916666666666666 0.3125 2320
0.8333333333333333 0.3125 2125
0.875 0.3125 2141
0.9166666666666666 0.3125 1352
0.9583333333333333 0.3125 2295
1.0 0.3125 1573
0.0 0.3333333333333333 0
0.041666666666666664 0.3333333333333333 2451
0.08333333333333333 0.3333333333333333 2538
0.125 0.3333333333333333 2445
0.16666666666666666 0.3333333333333333 2514
0.20833333333333331 0.3333333333333333 2478
0.25 0.3333333333333333 2600
0.29166666666666663 0.3333333333333333 2437
0.3333333333333333 0.3333333333333333 2413
0.375 0.3333333333333333 2448
0.41666666666666663 0.3333333333333333 2398
0.4583333333333333 0.3333333333333333 2441
0.5 0.3333333333333333 2308
0.5416666666666666 0.3333333333333333 2134
0.5833333333333333 0.3333333333333333 2589
0.625 0.3333333333333333 2325
0.6666666666666666 0.3333333333333333 2166
0.7083333333333333 0.3333333333333333 2140
0.75 0.3333333333333333 2416
0.7916666666666666 0.3333333333333333 2179
0.8333333333333333 0.3333333333333333 2566
0.875 0.3333333333333333 2461
0.9166666666666666 0.3333333333333333 2364
0.9583333333333333 0.3333333333333333 2317
1.0 0.3333333333333333 2235
0.0 0.35416666666666663 2623
0.041666666666666664 0.35416666666666663 2375
0.08333333333333333 0.35416666666666663 2568
0.125 0.35416666666666663 2419
0.16666666666666666 0.35416666666666663 2509
0.20833333333333331 0.35416666666666663 2554
0.25 0.35416666666666663 2494
0.29166666666666663 0.35416666666666663 2410
0.3333333333333333 0.35416666666666663 2398
0.375 0.35416666666666663 2413
0.41666666666666663 0.35416666666666663 2561
0.4583333333333333 0.35416666666666663 2332
0.5 0.35416666666666663 2460
0.5416666666666666 0.35416666666666663 2380
0.5833333333333333 0.35416666666666663 2361
0.625 0.35416666666666663 2207
0.6666666666666666 0.35416666666666663 2233
0.7083333333333333 0.35416666666666663 2257
0.75 0.35416666666666663 2163
0.7916666666666666 0.35416666666666663 2624
0.8333333333333333 0.35416666666666663 2586
0.875 0.35416666666666663 2527
0.9166666666666666 0.35416666666666663 2509
0.9583333333333333 0.35416666666666663 2401
1.0 0.35416666666666663 1727
0.0 0.375 2496
0.041666666666666664 0.375 2465
0.08333333333333333 0.375 2519
0.125 0.375 2540
0.16666666666666666 0.375 2607
0.20833333333333331 0.375 2422
0.25 0.375 2596
0.29166666666666663 0.375 2449
0.3333333333333333 0.375 2577
0.375 0.375 2405
0.41666666666666663 0.375 2363
0.4583333333333333 0.375 2523
0.5 0.375 2452
0.5416666666666666 0.375 2635
0.5833333333333333 0.375 2567
0.625 0.375 2172
0.6666666666666666 0.375 2534
0.7083333333333333 0.375 2224
0.75 0.375 2138
0.7916666666666666 0.375 2263
0.8333333333333333 0.375 2636
0.875 0.375 2483
0.9166666666666666 0.375 2390
0.9583333333333333 0.375 2592
1.0 0.375 2112
0.0 0.3958333333333333 2472
0.041666666666666664 0.3958333333333333 2556
0.08333333333333333 0.3958333333333333 2415
0.125 0.3958333333333333 2429
0.16666666666666666 0.3958333333333333 2496
0.20833333333333331 0.3958333333333333 2452
0.25 0.3958333333333333 2440
0.29166666666666663 0.3958333333333333 2345
0.3333333333333333 0.3958333333333333 2602
0.375 0.3958333333333333 2434
0.41666666666666663 0.3958333333333333 2420
0.4583333333333333 0.3958333333333333 2384
0.5 0.3958333333333333 2273
0.5416666666666666 0.3958333333333333 2477
0.5833333333333333 0.3958333333333333 2291
0.625 0.3958333333333333 2374
0.6666666666666666 0.3958333333333333 2423
0.7083333333333333 0.3958333333333333 2020
0.75 0.3958333333333333 2555
0.7916666666666666 0.3958333333333333 2037
0.8333333333333333 0.3958333333333333 2200
0.875 0.3958333333333333 2422
0.9166666666666666 0.3958333333333333 2506
0.9583333333333333 0.3958333333333333 2535
1.0 0.3958333333333333 2494
0.0 0.41666666666666663 2542
0.041666666666666664 0.41666666666666663 2556
0.08333333333333333 0.41666666666666663 2582
0.125 0.41666666666666663 2460
0.16666666666666666 0.41666666666666663 2451
0.20833333333333331 0.41666666666666663 2503
0.25 0.41666666666666663 2509
0.29166666666666663 0.41666666666666663 2473
0.3333333333333333 0.41666666666666663 2465
0.375 0.41666666666666663 2398
0.41666666666666663 0.41666666666666663 2374
0.4583333333333333 0.41666666666666663 2361
0.5 0.41666666666666663 2483
0.5416666666666666 0.41666666666666663 2368
0.5833333333333333 0.41666666666666663 2307
0.625 0.41666666666666663 2646
0.6666666666666666 0.41666666666666663 2344
0.7083333333333333 0.41666666666666663 2498
0.75 0.41666666666666663 1996
0.7916666666666666 0.41666666666666663 2144
0.8333333333333333 0.41666666666666663 2340
0.875 0.41666666666666663 2377
0.9166666666666666 0.41666666666666663 1979
0.9583333333333333 0.41666666666666663 2498
1.0 0.41666666666666663 2532
0.0 0.4375 2515
0.041666666666666664 0.4375 2633
0.08333333333333333 0.4375 2634
0.125 0.4375 2406
0.16666666666666666 0.4375 2457
0.20833333333333331 0.4375 2575
0.25 0.4375 2419
0.29166666666666663 0.4375 2623
0.3333333333333333 0.4375 2499
0.375 0.4375 2449
0.41666666666666663 0.4375 2389
0.4583333333333333 0.4375 2477
0.5 0.4375 2476
0.5416666666666666 0.4375 2354
0.5833333333333333 0.4375 2274
0.625 0.4375 2261
0.6666666666666666 0.4375 2490
0.7083333333333333 0.4375 2451
0.75 0.4375 1938
0.7916666666666666 0.4375 2492
0.8333333333333333 0.4375 1726
0.875 0.4375 2380
0.9166666666666666 0.4375 1536
0.9583333333333333 0.4375 2200
1.0 0.4375 2429
0.0 0.4583333333333333 2541
0.041666666666666664 0.4583333333333333 2468
0.08333333333333333 0.4583333333333333 2492
0.125 0.4583333333333333 2569
0.16666666666666666 0.4583333333333333 2353
0.20833333333333331 0.4583333333333333 2471
0.25 0.4583333333333333 2636
0.29166666666666663 0.4583333333333333 2378
0.3333333333333333 0.4583333333333333 2413
0.375 0.4583333333333333 2622
0.41666666666666663 0.4583333333333333 2392
0.4583333333333333 0.4583333333333333 2359
0.5 0.4583333333333333 2511
0.5416666666666666 0.4583333333333333 2292
0.5833333333333333 0.4583333333333333 2386
0.625 0.4583333333333333 2577
0.6666666666666666 0.4583333333333333 2109
0.7083333333333333 0.4583333333333333 2156
0.75 0.4583333333333333 2046
0.7916666666666666 0.4583333333333333 2073
0.8333333333333333 0.4583333333333333 2598
0.875 0.4583333333333333 2608
0.9166666666666666 0.4583333333333333 2615
0.9583333333333333 0.4583333333333333 2645
1.0 0.4583333333333333 1426
0.0 0.47916666666666663 2513
0.041666666666666664 0.47916666666666663 2402
0.08333333333333333 0.47916666666666663 2490
0.125 0.47916666666666663 2513
0.16666666666666666 0.47916666666666663 2526
0.20833333333333331 0.47916666666666663 2468
0.25 0.47916666666666663 2511
0.29166666666666663 0.47916666666666663 2451
0.3333333333333333 0.47916666666666663 2347
0.375 0.47916666666666663 2585
0.41666666666666663 0.47916666666666663 2642
0.4583333333333333 0.47916666666666663 2336
0.5 0.47916666666666663 2327
0.5416666666666666 0.47916666666666663 2333
0.5833333333333333 0.47916666666666663 2272
0.625 0.47916666666666663 2254
0.6666666666666666 0.47916666666666663 2347
0.7083333333333333 0.47916666666666663 2137
0.75 0.47916666666666663 2619
0.7916666666666666 0.47916666666666663 2558
0.8333333333333333 0.47916666666666663 2452
0.875 0.47916666666666663 2561
0.9166666666666666 0.47916666666666663 1571
0.9583333333333333 0.47916666666666663 2530
1.0 0.47916666666666663 2014
0.0 0.5 2468
0.041666666666666664 0.5 2559
0.08333333333333333 0.5 2374
0.125 0.5 2436
0.16666666666666666 0.5 2602
0.20833333333333331 0.5 0
0.25 0.5 2390
0.29166666666666663 0.5 2431
0.3333333333333333 0.5 2621
0.375 0.5 2407
0.41666666666666663 0.5 2683
0.4583333333333333 0.5 2412
0.5 0.5 2477
0.5416666666666666 0.5 2364
0.5833333333333333 0.5 2459
0.625 0.5 2393
0.6666666666666666 0.5 2235
0.7083333333333333 0.5 2206
0.75 0.5 2583
0.7916666666666666 0.5 2525
0.8333333333333333 0.5 2374
0.875 0.5 2620
0.9166666666666666 0.5 2517
0.9583333333333333 0.5 1606
1.0 0.5 1610
