0.0 0.0 2531
0.041666666666666664 0.0 2686
0.08333333333333333 0.0 2482
0.125 0.0 2348
0.16666666666666666 0.0 0
0.20833333333333331 0.0 2444
0.25 0.0 2438
0.29166666666666663 0.0 2468
0.3333333333333333 0.0 2387
0.375 0.0 2454
0.41666666666666663 0.0 2373
0.4583333333333333 0.0 0
0.5 0.0 2282
0.5416666666666666 0.0 2264
0.5833333333333333 0.0 2169
0.625 0.0 2123
0.6666666666666666 0.0 1
0.7083333333333333 0.0 1969
0.75 0.0 1815
0.7916666666666666 0.0 1734
0.8333333333333333 0.0 1566
0.875 0.0 2
0.9166666666666666 0.0 1034
0.9583333333333333 0.0 1
1.0 0.0 0
0.0 0.020833333333333332 2531
0.041666666666666664 0.020833333333333332 2570
0.08333333333333333 0.020833333333333332 2482
0.125 0.020833333333333332 2596
0.16666666666666666 0.020833333333333332 2407
0.20833333333333331 0.020833333333333332 2393
0.25 0.020833333333333332 2329
0.29166666666666663 0.020833333333333332 2559
0.3333333333333333 0.020833333333333332 2400
0.375 0.020833333333333332 2399
0.41666666666666663 0.020833333333333332 2300
0.4583333333333333 0.020833333333333332 2311
0.5 0.020833333333333332 2250
0.5416666666666666 0.020833333333333332 2233
0.5833333333333333 0.020833333333333332 2263
0.625 0.020833333333333332 2042
0.6666666666666666 0.020833333333333332 2040
0.7083333333333333 0.020833333333333332 2015
0.75 0.020833333333333332 1887
0.7916666666666666 0.020833333333333332 1761
0.8333333333333333 0.020833333333333332 1513
0.875 0.020833333333333332 1425
0.9166666666666666 0.020833333333333332 1156
0.9583333333333333 0.020833333333333332 518
1.0 0.020833333333333332 400
0.0 0.041666666666666664 2550
0.041666666666666664 0.041666666666666664 2616
0.08333333333333333 0.041666666666666664 2513
0.125 0.041666666666666664 2483
0.16666666666666666 0.041666666666666664 2424
0.20833333333333331 0.041666666666666664 2464
0.25 0.041666666666666664 2467
0.29166666666666663 0.041666666666666664 2405
0.3333333333333333 0.041666666666666664 2379
0.375 0.041666666666666664 2242
0.41666666666666663 0.041666666666666664 2354
0.4583333333333333 0.041666666666666664 2232
0.5 0.041666666666666664 2260
0.5416666666666666 0.041666666666666664 2211
0.5833333333333333 0.041666666666666664 2226
0.625 0.041666666666666664 2129
0.6666666666666666 0.041666666666666664 2115
0.7083333333333333 0.041666666666666664 1974
0.75 0.041666666666666664 1982
0.7916666666666666 0.041666666666666664 1720
0.8333333333333333 0.041666666666666664 1619
0.875 0.041666666666666664 1352
0.9166666666666666 0.041666666666666664 1110
0.9583333333333333 0.041666666666666664 1016
1.0 0.041666666666666664 669
0.0 0.0625 2503
0.041666666666666664 0.0625 2392
0.08333333333333333 0.0625 2372
0.125 0.0625 2527
0.16666666666666666 0.0625 2358
0.20833333333333331 0.0625 2477
0.25 0.0625 2431
0.29166666666666663 0.0625 2357
0.3333333333333333 0.0625 2352
0.375 0.0625 2382
0.41666666666666663 0.0625 2364
0.4583333333333333 0.0625 2355
0.5 0.0625 2296
0.5416666666666666 0.0625 2256
0.5833333333333333 0.0625 2221
0.625 0.0625 2129
0.6666666666666666 0.0625 1914
0.7083333333333333 0.0625 1988
0.75 0.0625 1907
0.7916666666666666 0.0625 1809
0.8333333333333333 0.0625 1588
0.875 0.0625 1413
0.9166666666666666 0.0625 1119
0.9583333333333333 0.0625 614
1.0 0.0625 593
0.0 0.08333333333333333 2544
0.041666666666666664 0.08333333333333333 2549
0.08333333333333333 0.08333333333333333 2535
0.125 0.08333333333333333 2549
0.16666666666666666 0.08333333333333333 2460
0.20833333333333331 0.08333333333333333 2415
0.25 0.08333333333333333 2533
0.29166666666666663 0.08333333333333333 2402
0.3333333333333333 0.08333333333333333 2402
0.375 0.08333333333333333 2365
0.41666666666666663 0.08333333333333333 2328
0.4583333333333333 0.08333333333333333 2393
0.5 0.08333333333333333 2235
0.5416666666666666 0.08333333333333333 2246
0.5833333333333333 0.08333333333333333 2126
0.625 0.08333333333333333 2104
0.6666666666666666 0.08333333333333333 2063
0.7083333333333333 0.08333333333333333 2020
0.75 0.08333333333333333 1960
0.7916666666666666 0.08333333333333333 1871
0.8333333333333333 0.08333333333333333 1636
0.875 0.08333333333333333 1773
0.9166666666666666 0.08333333333333333 1075
0.9583333333333333 0.08333333333333333 635
1.0 0.08333333333333333 1099
0.0 0.10416666666666666 2508
0.041666666666666664 0.10416666666666666 2506
0.08333333333333333 0.10416666666666666 2454
0.125 0.10416666666666666 2430
0.16666666666666666 0.10416666666666666 2549
0.20833333333333331 0.10416666666666666 2361
0.25 0.10416666666666666 2480
0.29166666666666663 0.10416666666666666 2362
0.3333333333333333 0.10416666666666666 2469
0.375 0.10416666666666666 2471
0.41666666666666663 0.10416666666666666 2299
0.4583333333333333 0.10416666666666666 2413
0.5 0.10416666666666666 2296
0.5416666666666666 0.10416666666666666 2270
0.5833333333333333 0.10416666666666666 2285
0.625 0.10416666666666666 0
0.6666666666666666 0.10416666666666666 2172
0.7083333333333333 0.10416666666666666 2006
0.75 0.10416666666666666 2084
0.7916666666666666 0.10416666666666666 1729
0.8333333333333333 0.10416666666666666 1677
0.875 0.10416666666666666 1445
0.9166666666666666 0.10416666666666666 1299
0.9583333333333333 0.10416666666666666 935
1.0 0.10416666666666666 767
0.0 0.125 2479
0.041666666666666664 0.125 2423
0.08333333333333333 0.125 2584
0.125 0.125 2523
0.16666666666666666 0.125 2434
0.20833333333333331 0.125 2457
0.25 0.125 2451
0.29166666666666663 0.125 2487
0.3333333333333333 0.125 2322
0.375 0.125 2328
0.41666666666666663 0.125 2427
0.4583333333333333 0.125 2432
0.5 0.125 2247
0.5416666666666666 0.125 2237
0.5833333333333333 0.125 2200
0.625 0.125 2131
0.6666666666666666 0.125 2054
0.7083333333333333 0.125 2157
0.75 0.125 1846
0.7916666666666666 0.125 1810
0.8333333333333333 0.125 2021
0.875 0.125 1416
0.9166666666666666 0.125 1238
0.9583333333333333 0.125 938
1.0 0.125 1941
0.0 0.14583333333333331 2512
0.041666666666666664 0.14583333333333331 2628
0.08333333333333333 0.14583333333333331 2512
0.125 0.14583333333333331 2552
0.16666666666666666 0.14583333333333331 2393
0.20833333333333331 0.14583333333333331 2478
0.25 0.14583333333333331 2406
0.29166666666666663 0.14583333333333331 2309
0.3333333333333333 0.14583333333333331 2506
0.375 0.14583333333333331 2313
0.41666666666666663 0.14583333333333331 2281
0.4583333333333333 0.14583333333333331 2294
0.5 0.14583333333333331 2273
0.5416666666666666 0.14583333333333331 2288
0.5833333333333333 0.14583333333333331 2198
0.625 0.14583333333333331 2132
0.6666666666666666 0.14583333333333331 2068
0.7083333333333333 0.14583333333333331 2178
0.75 0.14583333333333331 1865
0.7916666666666666 0.14583333333333331 1817
0.8333333333333333 0.14583333333333331 1689
0.875 0.14583333333333331 2069
0.9166666666666666 0.14583333333333331 1200
0.9583333333333333 0.14583333333333331 944
1.0 0.14583333333333331 1010
0.0 0.16666666666666666 2611
0.041666666666666664 0.16666666666666666 2523
0.08333333333333333 0.16666666666666666 2372
0.125 0.16666666666666666 2500
0.16666666666666666 0.16666666666666666 2438
0.20833333333333331 0.16666666666666666 2416
0.25 0.16666666666666666 2294
0.29166666666666663 0.16666666666666666 2540
0.3333333333333333 0.16666666666666666 2301
0.375 0.16666666666666666 2470
0.41666666666666663 0.16666666666666666 2403
0.4583333333333333 0.16666666666666666 2386
0.5 0.16666666666666666 2322
0.5416666666666666 0.16666666666666666 2361
0.5833333333333333 0.16666666666666666 2163
0.625 0.16666666666666666 2119
0.6666666666666666 0.16666666666666666 2226
0.7083333333333333 0.16666666666666666 2044
0.75 0.16666666666666666 2044
0.7916666666666666 0.16666666666666666 1794
0.8333333333333333 0.16666666666666666 1704
0.875 0.16666666666666666 1592
0.9166666666666666 0.16666666666666666 1123
0.9583333333333333 0.16666666666666666 1045
1.0 0.16666666666666666 1469
0.0 0.1875 2422
0.041666666666666664 0.1875 2511
0.08333333333333333 0.1875 2407
0.125 0.1875 2453
0.16666666666666666 0.1875 2409
0.20833333333333331 0.1875 2429
0.25 0.1875 2540
0.29166666666666663 0.1875 2377
0.3333333333333333 0.1875 2454
0.375 0.1875 2412
0.41666666666666663 0.1875 2456
0.4583333333333333 0.1875 2389
0.5 0.1875 2321
0.5416666666666666 0.1875 2164
0.5833333333333333 0.1875 2208
0.625 0.1875 2280
0.6666666666666666 0.1875 2063
0.7083333333333333 0.1875 2102
0.75 0.1875 2023
0.7916666666666666 0.1875 2103
0.8333333333333333 0.1875 2335
0.875 0.1875 2218
0.9166666666666666 0.1875 2105
0.9583333333333333 0.1875 1876
1.0 0.1875 1742
0.0 0.20833333333333331 2611
0.041666666666666664 0.20833333333333331 2617
0.08333333333333333 0.20833333333333331 2446
0.125 0.20833333333333331 2514
0.16666666666666666 0.20833333333333331 2555
0.20833333333333331 0.20833333333333331 2421
0.25 0.20833333333333331 2429
0.29166666666666663 0.20833333333333331 2377
0.3333333333333333 0.20833333333333331 2390
0.375 0.20833333333333331 2401
0.41666666666666663 0.20833333333333331 2366
0.4583333333333333 0.20833333333333331 2401
0.5 0.20833333333333331 2382
0.5416666666666666 0.20833333333333331 2373
0.5833333333333333 0.20833333333333331 2192
0.625 0.20833333333333331 2218
0.6666666666666666 0.20833333333333331 2061
0.7083333333333333 0.20833333333333331 2158
0.75 0.20833333333333331 2145
0.7916666666666666 0.20833333333333331 1845
0.8333333333333333 0.20833333333333331 2325
0.875 0.20833333333333331 1491
0.9166666666666666 0.20833333333333331 1362
0.9583333333333333 0.20833333333333331 947
1.0 0.20833333333333331 905
0.0 0.22916666666666666 2496
0.041666666666666664 0.22916666666666666 2387
0.08333333333333333 0.22916666666666666 2452
0.125 0.22916666666666666 2416
0.16666666666666666 0.22916666666666666 2500
0.20833333333333331 0.22916666666666666 2417
0.25 0.22916666666666666 2480
0.29166666666666663 0.22916666666666666 2395
0.3333333333333333 0.22916666666666666 2456
0.375 0.22916666666666666 2299
0.41666666666666663 0.22916666666666666 2451
0.4583333333333333 0.22916666666666666 2216
0.5 0.22916666666666666 2377
0.5416666666666666 0.22916666666666666 2322
0.5833333333333333 0.22916666666666666 2241
0.625 0.22916666666666666 2151
0.6666666666666666 0.22916666666666666 2083
0.7083333333333333 0.22916666666666666 2112
0.75 0.22916666666666666 2124
0.7916666666666666 0.22916666666666666 2285
0.8333333333333333 0.22916666666666666 1639
0.875 0.22916666666666666 2387
0.9166666666666666 0.22916666666666666 1269
0.9583333333333333 0.22916666666666666 973
1.0 0.22916666666666666 2029
0.0 0.25 2443
0.041666666666666664 0.25 2527
0.08333333333333333 0.25 2378
0.125 0.25 2465
0.16666666666666666 0.25 2528
0.20833333333333331 0.25 2425
0.25 0.25 2314
0.29166666666666663 0.25 2390
0.3333333333333333 0.25 2484
0.375 0.25 2404
0.41666666666666663 0.25 2328
0.4583333333333333 0.25 2400
0.5 0.25 2331
0.5416666666666666 0.25 2337
0.5833333333333333 0.25 2185
0.625 0.25 2253
0.6666666666666666 0.25 2084
0.7083333333333333 0.25 2051
0.75 0.25 1946
0.7916666666666666 0.25 2414
0.8333333333333333 0.25 1938
0.875 0.25 1872
0.9166666666666666 0.25 2364
0.9583333333333333 0.25 1369
1.0 0.25 2090
0.0 0.2708333333333333 2575
0.041666666666666664 0.2708333333333333 2544
0.08333333333333333 0.2708333333333333 2467
0.125 0.2708333333333333 2437
0.16666666666666666 0.2708333333333333 2438
0.20833333333333331 0.2708333333333333 2337
0.25 0.2708333333333333 2447
0.29166666666666663 0.2708333333333333 2547
0.3333333333333333 0.2708333333333333 2426
0.375 0.2708333333333333 2453
0.41666666666666663 0.2708333333333333 2442
0.4583333333333333 0.2708333333333333 2402
0.5 0.2708333333333333 2243
0.5416666666666666 0.2708333333333333 2380
0.5833333333333333 0.2708333333333333 2317
0.625 0.2708333333333333 2092
0.6666666666666666 0.2708333333333333 2219
0.7083333333333333 0.2708333333333333 2060
0.75 0.2708333333333333 2449
0.7916666666666666 0.2708333333333333 2147
0.8333333333333333 0.2708333333333333 1753
0.875 0.2708333333333333 2584
0.9166666666666666 0.2708333333333333 2090
0.9583333333333333 0.2708333333333333 1211
1.0 0.2708333333333333 1853
0.0 0.29166666666666663 2602
0.041666666666666664 0.29166666666666663 2629
0.08333333333333333 0.29166666666666663 2505
0.125 0.29166666666666663 2455
0.16666666666666666 0.29166666666666663 2305
0.20833333333333331 0.29166666666666663 2395
0.25 0.29166666666666663 2503
0.29166666666666663 0.29166666666666663 2585
0.3333333333333333 0.29166666666666663 2306
0.375 0.29166666666666663 2463
0.41666666666666663 0.29166666666666663 2414
0.4583333333333333 0.29166666666666663 2314
0.5 0.29166666666666663 2230
0.5416666666666666 0.29166666666666663 2348
0.5833333333333333 0.29166666666666663 2130
0.625 0.29166666666666663 2163
0.6666666666666666 0.29166666666666663 2199
0.7083333333333333 0.29166666666666663 2157
0.75 0.29166666666666663 2041
0.7916666666666666 0.29166666666666663 1852
0.8333333333333333 0.29166666666666663 1697
0.875 0.29166666666666663 1984
0.9166666666666666 0.29166666666666663 2592
0.9583333333333333 0.29166666666666663 1799
1.0 0.29166666666666663 1196
0.0 0.3125 2503
0.041666666666666664 0.3125 2550
0.08333333333333333 0.3125 2408
0.125 0.3125 2604
0.16666666666666666 0.3125 2506
0.20833333333333331 0.3125 2549
0.25 0.3125 2435
0.29166666666666663 0.3125 2478
0.3333333333333333 0.3125 2466
0.375 0.3125 2546
0.41666666666666663 0.3125 2250
0.4583333333333333 0.3125 2399
0.5 0.3125 2386
0.5416666666666666 0.3125 2563
0.5833333333333333 0.3125 2317
0.625 0.3125 2218
0.6666666666666666 0.3125 2315
0.7083333333333333 0.3125 2248
0.75 0.3125 1963
0.7916666666666666 0.3125 1797
0.8333333333333333 0.3125 2040
0.875 0.3125 1750
0.9166666666666666 0.3125 2026
0.9583333333333333 0.3125 1538
1.0 0.3125 2015
0.0 0.3333333333333333 2487
0.041666666666666664 0.3333333333333333 2596
0.08333333333333333 0.3333333333333333 2488
0.125 0.3333333333333333 2624
0.16666666666666666 0.3333333333333333 2568
0.20833333333333331 0.3333333333333333 2422
0.25 0.3333333333333333 2456
0.29166666666666663 0.3333333333333333 2375
0.3333333333333333 0.3333333333333333 2492
0.375 0.3333333333333333 2488
0.41666666666666663 0.3333333333333333 2473
0.4583333333333333 0.3333333333333333 2557
0.5 0.3333333333333333 2468
0.5416666666666666 0.3333333333333333 2554
0.5833333333333333 0.3333333333333333 2525
0.625 0.3333333333333333 2252
0.6666666666666666 0.3333333333333333 2141
0.7083333333333333 0.3333333333333333 2035
0.75 0.3333333333333333 2562
0.7916666666666666 0.3333333333333333 2481
0.8333333333333333 0.3333333333333333 2485
0.875 0.3333333333333333 2328
0.9166666666666666 0.3333333333333333 2541
0.9583333333333333 0.3333333333333333 2628
1.0 0.3333333333333333 999
0.0 0.35416666666666663 2471
0.041666666666666664 0.35416666666666663 2410
0.08333333333333333 0.35416666666666663 2566
0.125 0.35416666666666663 2451
0.16666666666666666 0.35416666666666663 2494
0.20833333333333331 0.35416666666666663 2516
0.25 0.35416666666666663 2552
0.29166666666666663 0.35416666666666663 2355
0.3333333333333333 0.35416666666666663 2388
0.375 0.35416666666666663 2355
0.41666666666666663 0.35416666666666663 2431
0.4583333333333333 0.35416666666666663 2303
0.5 0.35416666666666663 2256
0.5416666666666666 0.35416666666666663 2352
0.5833333333333333 0.35416666666666663 2303
0.625 0.35416666666666663 2302
0.6666666666666666 0.35416666666666663 2286
0.7083333333333333 0.35416666666666663 2217
0.75 0.35416666666666663 2191
0.7916666666666666 0.35416666666666663 2322
0.8333333333333333 0.35416666666666663 1724
0.875 0.35416666666666663 1871
0.9166666666666666 0.35416666666666663 2463
0.9583333333333333 0.35416666666666663 2596
1.0 0.35416666666666663 2204
0.0 0.375 2408
0.041666666666666664 0.375 2409
0.08333333333333333 0.375 2546
0.125 0.375 2593
0.16666666666666666 0.375 2583
0.20833333333333331 0.375 2542
0.25 0.375 2611
0.29166666666666663 0.375 2456
0.3333333333333333 0.375 2633
0.375 0.375 2544
0.41666666666666663 0.375 2531
0.4583333333333333 0.375 2520
0.5 0.375 2285
0.5416666666666666 0.375 2294
0.5833333333333333 0.375 2392
0.625 0.375 2506
0.6666666666666666 0.375 2247
0.7083333333333333 0.375 2586
0.75 0.375 2526
0.7916666666666666 0.375 2526
0.8333333333333333 0.375 1673
0.875 0.375 2117
0.9166666666666666 0.375 1673
0.9583333333333333 0.375 2142
1.0 0.375 2114
0.0 0.3958333333333333 2602
0.041666666666666664 0.3958333333333333 2544
0.08333333333333333 0.3958333333333333 2548
0.125 0.3958333333333333 2394
0.16666666666666666 0.3958333333333333 2521
0.20833333333333331 0.3958333333333333 2375
0.25 0.3958333333333333 2623
0.29166666666666663 0.3958333333333333 2563
0.3333333333333333 0.3958333333333333 2550
0.375 0.3958333333333333 2395
0.41666666666666663 0.3958333333333333 2410
0.4583333333333333 0.3958333333333333 2636
0.5 0.3958333333333333 2367
0.5416666666666666 0.3958333333333333 2531
0.5833333333333333 0.3958333333333333 2266
0.625 0.3958333333333333 2576
0.6666666666666666 0.3958333333333333 2142
0.7083333333333333 0.3958333333333333 2512
0.75 0.3958333333333333 2130
0.7916666666666666 0.3958333333333333 2237
0.8333333333333333 0.3958333333333333 2587
0.875 0.3958333333333333 2555
0.9166666666666666 0.3958333333333333 1688
0.9583333333333333 0.3958333333333333 2368
1.0 0.3958333333333333 2311
0.0 0.41666666666666663 2403
0.041666666666666664 0.41666666666666663 2503
0.08333333333333333 0.41666666666666663 2502
0.125 0.41666666666666663 2511
0.16666666666666666 0.41666666666666663 2533
0.20833333333333331 0.41666666666666663 2480
0.25 0.41666666666666663 2500
0.29166666666666663 0.41666666666666663 2552
0.3333333333333333 0.41666666666666663 2557
0.375 0.41666666666666663 2638
0.41666666666666663 0.41666666666666663 2380
0.4583333333333333 0.41666666666666663 2456
0.5 0.41666666666666663 2344
0.5416666666666666 0.41666666666666663 2598
0.5833333333333333 0.41666666666666663 2296
0.625 0.41666666666666663 2503
0.6666666666666666 0.41666666666666663 2210
0.7083333333333333 0.41666666666666663 2070
0.75 0.41666666666666663 2100
0.7916666666666666 0.41666666666666663 2357
0.8333333333333333 0.41666666666666663 1963
0.875 0.41666666666666663 2539
0.9166666666666666 0.41666666666666663 1623
0.9583333333333333 0.41666666666666663 2450
1.0 0.41666666666666663 2457
0.0 0.4375 2584
0.041666666666666664 0.4375 2433
0.08333333333333333 0.4375 2497
0.125 0.4375 2487
0.16666666666666666 0.4375 2561
0.20833333333333331 0.4375 2447
0.25 0.4375 2532
0.29166666666666663 0.4375 2664
0.3333333333333333 0.4375 2441
0.375 0.4375 2544
0.41666666666666663 0.4375 2552
0.4583333333333333 0.4375 2564
0.5 0.4375 2308
0.5416666666666666 0.4375 2373
0.5833333333333333 0.4375 2452
0.625 0.4375 2284
0.6666666666666666 0.4375 2215
0.7083333333333333 0.4375 2530
0.75 0.4375 2127
0.7916666666666666 0.4375 2441
0.8333333333333333 0.4375 2375
0.875 0.4375 2307
0.9166666666666666 0.4375 2381
0.9583333333333333 0.4375 2371
1.0 0.4375 2539
0.0 0.4583333333333333 2482
0.041666666666666664 0.4583333333333333 2570
0.08333333333333333 0.4583333333333333 2569
0.125 0.4583333333333333 2637
0.16666666666666666 0.4583333333333333 2590
0.20833333333333331 0.4583333333333333 2463
0.25 0.4583333333333333 2556
0.29166666666666663 0.4583333333333333 2598
0.3333333333333333 0.4583333333333333 2429
0.375 0.4583333333333333 2474
0.41666666666666663 0.4583333333333333 2491
0.4583333333333333 0.4583333333333333 2582
0.5 0.4583333333333333 2451
0.5416666666666666 0.4583333333333333 2336
0.5833333333333333 0.4583333333333333 2515
0.625 0.4583333333333333 2259
0.6666666666666666 0.4583333333333333 2506
0.7083333333333333 0.4583333333333333 2244
0.75 0.4583333333333333 2177
0.7916666666666666 0.4583333333333333 2362
0.8333333333333333 0.4583333333333333 2133
0.875 0.4583333333333333 2202
0.9166666666666666 0.4583333333333333 1561
0.9583333333333333 0.4583333333333333 2610
1.0 0.4583333333333333 1939
0.0 0.47916666666666663 2338
0.041666666666666664 0.47916666666666663 2408
0.08333333333333333 0.47916666666666663 2619
0.125 0.47916666666666663 2432
0.16666666666666666 0.47916666666666663 2429
0.20833333333333331 0.47916666666666663 2647
0.25 0.47916666666666663 2603
0.29166666666666663 0.47916666666666663 2606
0.3333333333333333 0.47916666666666663 2405
0.375 0.47916666666666663 2555
0.41666666666666663 0.47916666666666663 2490
0.4583333333333333 0.47916666666666663 2387
0.5 0.47916666666666663 2377
0.5416666666666666 0.47916666666666663 2569
0.5833333333333333 0.47916666666666663 2336
0.625 0.47916666666666663 2289
0.6666666666666666 0.47916666666666663 2604
0.7083333333333333 0.47916666666666663 2550
0.75 0.47916666666666663 2147
0.7916666666666666 0.47916666666666663 2650
0.8333333333333333 0.47916666666666663 2007
0.875 0.47916666666666663 2576
0.9166666666666666 0.47916666666666663 2432
0.9583333333333333 0.47916666666666663 1530
1.0 0.47916666666666663 1684
0.0 0.5 2592
0.041666666666666664 0.5 2411
0.08333333333333333 0.5 2631
0.125 0.5 2592
0.16666666666666666 0.5 2461
0.20833333333333331 0.5 2479
0.25 0.5 2422
0.29166666666666663 0.5 2347
0.3333333333333333 0.5 2396
0.375 0.5 2643
0.41666666666666663 0.5 2365
0.4583333333333333 0.5 2582
0.5 0.5 2585
0.5416666666666666 0.5 2625
0.5833333333333333 0.5 2364
0.625 0.5 2278
0.6666666666666666 0.5 2322
0.7083333333333333 0.5 2610
0.75 0.5 2026
0.7916666666666666 0.5 2373
0.8333333333333333 0.5 1825
0.875 0.5 2512
0.9166666666666666 0.5 2489
0.9583333333333333 0.5 1719
1.0 0.5 2450
