0.0 0.0 2542.1
0.04166666666666666 0.0 2512.2
0.08333333333333333 0.0 2510.8
0.125 0.0 2197.8
0.16666666666666666 0.0 2240.6
0.2083333333333333 0.0 2432.6
0.25 0.0 2417.9
0.29166666666666663 0.0 2438.0
0.3333333333333333 0.0 2138.5
0.375 0.0 2407.5
0.4166666666666666 0.0 2335.5
0.4583333333333333 0.0 2060.7
0.5 0.0 2067.8
0.5416666666666666 0.0 2238.6
0.5833333333333333 0.0 2185.9
0.625 0.0 2099.1
0.6666666666666666 0.0 1637.3
0.7083333333333333 0.0 1749.2
0.75 0.0 1836.9
0.7916666666666666 0.0 1542.2
0.8333333333333333 0.0 1425.0
0.875 0.0 1069.1
0.9166666666666666 0.0 719.4
0.9583333333333331 0.0 194.6
1.0 0.0 0.3
0.0 0.02083333333333333 2526.9
0.04166666666666666 0.02083333333333333 2527.9
0.08333333333333333 0.02083333333333333 2502.2
0.125 0.02083333333333333 2517.0
0.16666666666666666 0.02083333333333333 2413.4
0.2083333333333333 0.02083333333333333 2397.4
0.25 0.02083333333333333 2463.8
0.29166666666666663 0.02083333333333333 2418.7
0.3333333333333333 0.02083333333333333 2393.4
0.375 0.02083333333333333 2359.0
0.4166666666666666 0.02083333333333333 2340.7
0.4583333333333333 0.02083333333333333 2310.5
0.5 0.02083333333333333 2279.2
0.5416666666666666 0.02083333333333333 2248.7
0.5833333333333333 0.02083333333333333 2182.3
0.625 0.02083333333333333 2112.2
0.6666666666666666 0.02083333333333333 2048.0
0.7083333333333333 0.02083333333333333 1952.5
0.75 0.02083333333333333 1885.4
0.7916666666666666 0.02083333333333333 1757.6
0.8333333333333333 0.02083333333333333 1569.7
0.875 0.02083333333333333 1373.6
0.9166666666666666 0.02083333333333333 1069.9
0.9583333333333331 0.02083333333333333 606.6
1.0 0.02083333333333333 328.4
0.0 0.04166666666666666 2532.9
0.04166666666666666 0.04166666666666666 2555.3
0.08333333333333333 0.04166666666666666 2530.7
0.125 0.04166666666666666 2474.8
0.16666666666666666 0.04166666666666666 2484.7
0.2083333333333333 0.04166666666666666 2465.9
0.25 0.04166666666666666 2437.8
0.29166666666666663 0.04166666666666666 2409.2
0.3333333333333333 0.04166666666666666 2356.7
0.375 0.04166666666666666 2350.2
0.4166666666666666 0.04166666666666666 2320.4
0.4583333333333333 0.04166666666666666 2293.7
0.5 0.04166666666666666 2283.5
0.5416666666666666 0.04166666666666666 2212.2
0.5833333333333333 0.04166666666666666 2187.1
0.625 0.04166666666666666 2146.2
0.6666666666666666 0.04166666666666666 2065.4
0.7083333333333333 0.04166666666666666 1960.7
0.75 0.04166666666666666 1885.8
0.7916666666666666 0.04166666666666666 1757.5
0.8333333333333333 0.04166666666666666 1605.3
0.875 0.04166666666666666 1412.8
0.9166666666666666 0.04166666666666666 1217.6
0.9583333333333331 0.04166666666666666 744.7
1.0 0.04166666666666666 510.5
0.0 0.0625 2502.3
0.04166666666666666 0.0625 2501.4
0.08333333333333333 0.0625 2460.3
0.125 0.0625 2506.7
0.16666666666666666 0.0625 2464.7
0.2083333333333333 0.0625 2482.5
0.25 0.0625 2428.4
0.29166666666666663 0.0625 2416.4
0.3333333333333333 0.0625 2398.2
0.375 0.0625 2347.1
0.4166666666666666 0.0625 2350.6
0.4583333333333333 0.0625 2267.4
0.5 0.0625 2234.4
0.5416666666666666 0.0625 2226.6
0.5833333333333333 0.0625 2169.5
0.625 0.0625 2125.3
0.6666666666666666 0.0625 2022.8
0.7083333333333333 0.0625 2019.0
0.75 0.0625 1891.7
0.7916666666666666 0.0625 1812.6
0.8333333333333333 0.0625 1613.3
0.875 0.0625 1447.3
0.9166666666666666 0.0625 1204.9
0.9583333333333331 0.0625 863.7
1.0 0.0625 648.5
0.0 0.08333333333333333 2486.0
0.04166666666666666 0.08333333333333333 2478.5
0.08333333333333333 0.08333333333333333 2468.2
0.125 0.08333333333333333 2483.4
0.16666666666666666 0.08333333333333333 2205.0
0.2083333333333333 0.08333333333333333 2458.4
0.25 0.08333333333333333 2497.4
0.29166666666666663 0.08333333333333333 2404.6
0.3333333333333333 0.08333333333333333 2419.9
0.375 0.08333333333333333 2374.3
0.4166666666666666 0.08333333333333333 2334.9
0.4583333333333333 0.08333333333333333 2327.6
0.5 0.08333333333333333 2283.1
0.5416666666666666 0.08333333333333333 2252.3
0.5833333333333333 0.08333333333333333 2192.3
0.625 0.08333333333333333 2111.3
0.6666666666666666 0.08333333333333333 2039.7
0.7083333333333333 0.08333333333333333 2002.8
0.75 0.08333333333333333 1965.5
0.7916666666666666 0.08333333333333333 1795.2
0.8333333333333333 0.08333333333333333 1643.5
0.875 0.08333333333333333 1465.9
0.9166666666666666 0.08333333333333333 1234.6
0.9583333333333331 0.08333333333333333 833.8
1.0 0.08333333333333333 761.3
0.0 0.10416666666666666 2527.4
0.04166666666666666 0.10416666666666666 2529.9
0.08333333333333333 0.10416666666666666 2497.2
0.125 0.10416666666666666 2474.1
0.16666666666666666 0.10416666666666666 2489.3
0.2083333333333333 0.10416666666666666 2476.3
0.25 0.10416666666666666 2414.2
0.29166666666666663 0.10416666666666666 2409.5
0.3333333333333333 0.10416666666666666 2377.2
0.375 0.10416666666666666 2380.8
0.4166666666666666 0.10416666666666666 2335.4
0.4583333333333333 0.10416666666666666 2324.3
0.5 0.10416666666666666 2287.0
0.5416666666666666 0.10416666666666666 2251.1
0.5833333333333333 0.10416666666666666 2228.4
0.625 0.10416666666666666 1978.3
0.6666666666666666 0.10416666666666666 2074.5
0.7083333333333333 0.10416666666666666 2008.1
0.75 0.10416666666666666 1934.4
0.7916666666666666 0.10416666666666666 1792.0
0.8333333333333333 0.10416666666666666 1679.1
0.875 0.10416666666666666 1503.1
0.9166666666666666 0.10416666666666666 1271.7
0.9583333333333331 0.10416666666666666 1200.9
1.0 0.10416666666666666 997.7
0.0 0.125 2490.4
0.04166666666666666 0.125 2450.5
0.08333333333333333 0.125 2503.5
0.125 0.125 2514.4
0.16666666666666666 0.125 2458.3
0.2083333333333333 0.125 2439.9
0.25 0.125 2421.1
0.29166666666666663 0.125 2425.0
0.3333333333333333 0.125 2372.8
0.375 0.125 2364.5
0.4166666666666666 0.125 2361.5
0.4583333333333333 0.125 2347.1
0.5 0.125 2301.5
0.5416666666666666 0.125 1996.1
0.5833333333333333 0.125 2238.3
0.625 0.125 2172.4
0.6666666666666666 0.125 2101.8
0.7083333333333333 0.125 2053.7
0.75 0.125 1936.4
0.7916666666666666 0.125 1825.5
0.8333333333333333 0.125 1806.2
0.875 0.125 1568.2
0.9166666666666666 0.125 1384.8
0.9583333333333331 0.125 1232.7
1.0 0.125 1450.5
0.0 0.14583333333333331 2479.3
0.04166666666666666 0.14583333333333331 2517.3
0.08333333333333333 0.14583333333333331 2459.5
0.125 0.14583333333333331 2496.7
0.16666666666666666 0.14583333333333331 2478.3
0.2083333333333333 0.14583333333333331 2426.1
0.25 0.14583333333333331 2444.1
0.29166666666666663 0.14583333333333331 2411.3
0.3333333333333333 0.14583333333333331 2407.4
0.375 0.14583333333333331 2399.9
0.4166666666666666 0.14583333333333331 2334.6
0.4583333333333333 0.14583333333333331 2283.0
0.5 0.14583333333333331 2294.2
0.5416666666666666 0.14583333333333331 2235.1
0.5833333333333333 0.14583333333333331 2234.6
0.625 0.14583333333333331 2166.2
0.6666666666666666 0.14583333333333331 2099.2
0.7083333333333333 0.14583333333333331 2071.9
0.75 0.14583333333333331 1976.7
0.7916666666666666 0.14583333333333331 1661.5
0.8333333333333333 0.14583333333333331 1754.4
0.875 0.14583333333333331 1613.3
0.9166666666666666 0.14583333333333331 1312.9
0.9583333333333331 0.14583333333333331 1004.7
1.0 0.14583333333333331 1277.0
0.0 0.16666666666666666 2546.5
0.04166666666666666 0.16666666666666666 2528.5
0.08333333333333333 0.16666666666666666 2496.4
0.125 0.16666666666666666 2514.1
0.16666666666666666 0.16666666666666666 2469.5
0.2083333333333333 0.16666666666666666 2422.1
0.25 0.16666666666666666 2442.7
0.29166666666666663 0.16666666666666666 2437.5
0.3333333333333333 0.16666666666666666 2422.3
0.375 0.16666666666666666 2376.0
0.4166666666666666 0.16666666666666666 2370.4
0.4583333333333333 0.16666666666666666 2320.6
0.5 0.16666666666666666 2290.1
0.5416666666666666 0.16666666666666666 2075.2
0.5833333333333333 0.16666666666666666 2237.8
0.625 0.16666666666666666 2171.5
0.6666666666666666 0.16666666666666666 2141.4
0.7083333333333333 0.16666666666666666 2075.3
0.75 0.16666666666666666 1981.6
0.7916666666666666 0.16666666666666666 1902.0
0.8333333333333333 0.16666666666666666 1934.5
0.875 0.16666666666666666 1645.9
0.9166666666666666 0.16666666666666666 1583.0
0.9583333333333331 0.16666666666666666 1243.7
1.0 0.16666666666666666 1348.2
0.0 0.1875 2466.7
0.04166666666666666 0.1875 2520.2
0.08333333333333333 0.1875 2513.3
0.125 0.1875 2487.6
0.16666666666666666 0.1875 2462.6
0.2083333333333333 0.1875 2471.5
0.25 0.1875 2250.6
0.29166666666666663 0.1875 2406.6
0.3333333333333333 0.1875 2430.5
0.375 0.1875 2377.3
0.4166666666666666 0.1875 2375.7
0.4583333333333333 0.1875 2351.3
0.5 0.1875 2312.1
0.5416666666666666 0.1875 2266.5
0.5833333333333333 0.1875 2242.6
0.625 0.1875 2249.7
0.6666666666666666 0.1875 2168.4
0.7083333333333333 0.1875 2083.8
0.75 0.1875 2075.6
0.7916666666666666 0.1875 1993.3
0.8333333333333333 0.1875 1995.3
0.875 0.1875 1899.9
0.9166666666666666 0.1875 1639.0
0.9583333333333331 0.1875 1141.1
1.0 0.1875 1353.9
0.0 0.2083333333333333 2527.5
0.04166666666666666 0.2083333333333333 2496.8
0.08333333333333333 0.2083333333333333 2476.1
0.125 0.2083333333333333 2435.2
0.16666666666666666 0.2083333333333333 2502.7
0.2083333333333333 0.2083333333333333 2457.5
0.25 0.2083333333333333 2432.5
0.29166666666666663 0.2083333333333333 2399.1
0.3333333333333333 0.2083333333333333 2404.5
0.375 0.2083333333333333 2372.8
0.4166666666666666 0.2083333333333333 2345.5
0.4583333333333333 0.2083333333333333 2335.3
0.5 0.2083333333333333 2307.5
0.5416666666666666 0.2083333333333333 2270.4
0.5833333333333333 0.2083333333333333 2276.1
0.625 0.2083333333333333 2291.9
0.6666666666666666 0.2083333333333333 2182.4
0.7083333333333333 0.2083333333333333 2123.7
0.75 0.2083333333333333 2073.7
0.7916666666666666 0.2083333333333333 2101.1
0.8333333333333333 0.2083333333333333 1869.3
0.875 0.2083333333333333 1885.5
0.9166666666666666 0.2083333333333333 1488.4
0.9583333333333331 0.2083333333333333 1611.9
1.0 0.2083333333333333 1643.7
0.0 0.22916666666666666 2535.7
0.04166666666666666 0.22916666666666666 2479.5
0.08333333333333333 0.22916666666666666 2505.6
0.125 0.22916666666666666 2479.4
0.16666666666666666 0.22916666666666666 2441.7
0.2083333333333333 0.22916666666666666 2433.8
0.25 0.22916666666666666 2423.6
0.29166666666666663 0.22916666666666666 2432.0
0.3333333333333333 0.22916666666666666 2195.0
0.375 0.22916666666666666 2389.0
0.4166666666666666 0.22916666666666666 2419.1
0.4583333333333333 0.22916666666666666 2352.2
0.5 0.22916666666666666 2321.3
0.5416666666666666 0.22916666666666666 2284.5
0.5833333333333333 0.22916666666666666 2236.3
0.625 0.22916666666666666 2233.8
0.6666666666666666 0.22916666666666666 2224.9
0.7083333333333333 0.22916666666666666 2123.2
0.75 0.22916666666666666 2122.5
0.7916666666666666 0.22916666666666666 2035.4
0.8333333333333333 0.22916666666666666 1899.4
0.875 0.22916666666666666 1879.4
0.9166666666666666 0.22916666666666666 1795.1
0.9583333333333331 0.22916666666666666 1514.1
1.0 0.22916666666666666 1728.5
0.0 0.25 2498.1
0.04166666666666666 0.25 2536.1
0.08333333333333333 0.25 2468.7
0.125 0.25 2495.0
0.16666666666666666 0.25 2483.1
0.2083333333333333 0.25 2473.5
0.25 0.25 2164.0
0.29166666666666663 0.25 2411.8
0.3333333333333333 0.25 2410.4
0.375 0.25 2418.4
0.4166666666666666 0.25 2380.0
0.4583333333333333 0.25 2385.4
0.5 0.25 2320.8
0.5416666666666666 0.25 2338.6
0.5833333333333333 0.25 2246.8
0.625 0.25 2277.4
0.6666666666666666 0.25 2175.1
0.7083333333333333 0.25 2143.0
0.75 0.25 1838.4
0.7916666666666666 0.25 2064.5
0.8333333333333333 0.25 1595.5
0.875 0.25 1777.8
0.9166666666666666 0.25 1864.6
0.9583333333333331 0.25 2108.6
1.0 0.25 1745.5
0.0 0.2708333333333333 2545.0
0.04166666666666666 0.2708333333333333 2540.4
0.08333333333333333 0.2708333333333333 2514.9
0.125 0.2708333333333333 2231.0
0.16666666666666666 0.2708333333333333 2498.2
0.2083333333333333 0.2708333333333333 2451.0
0.25 0.2708333333333333 2465.4
0.29166666666666663 0.2708333333333333 2453.5
0.3333333333333333 0.2708333333333333 2433.1
0.375 0.2708333333333333 2431.6
0.4166666666666666 0.2708333333333333 2351.4
0.4583333333333333 0.2708333333333333 2361.5
0.5 0.2708333333333333 2308.5
0.5416666666666666 0.2708333333333333 2345.0
0.5833333333333333 0.2708333333333333 2292.8
0.625 0.2708333333333333 2279.5
0.6666666666666666 0.2708333333333333 2250.2
0.7083333333333333 0.2708333333333333 2179.4
0.75 0.2708333333333333 2190.1
0.7916666666666666 0.2708333333333333 2099.9
0.8333333333333333 0.2708333333333333 1937.5
0.875 0.2708333333333333 1893.9
0.9166666666666666 0.2708333333333333 2046.3
0.9583333333333331 0.2708333333333333 1852.5
1.0 0.2708333333333333 2085.7
0.0 0.29166666666666663 2523.0
0.04166666666666666 0.29166666666666663 2257.5
0.08333333333333333 0.29166666666666663 2534.3
0.125 0.29166666666666663 2521.9
0.16666666666666666 0.29166666666666663 2482.3
0.2083333333333333 0.29166666666666663 2460.4
0.25 0.29166666666666663 2456.7
0.29166666666666663 0.29166666666666663 2464.3
0.3333333333333333 0.29166666666666663 2405.9
0.375 0.29166666666666663 2414.5
0.4166666666666666 0.29166666666666663 2371.5
0.4583333333333333 0.29166666666666663 2350.9
0.5 0.29166666666666663 2320.3
0.5416666666666666 0.29166666666666663 2082.2
0.5833333333333333 0.29166666666666663 2296.0
0.625 0.29166666666666663 2314.0
0.6666666666666666 0.29166666666666663 2306.9
0.7083333333333333 0.29166666666666663 2195.4
0.75 0.29166666666666663 2134.6
0.7916666666666666 0.29166666666666663 2180.6
0.8333333333333333 0.29166666666666663 1980.8
0.875 0.29166666666666663 1982.7
0.9166666666666666 0.29166666666666663 2112.4
0.9583333333333331 0.29166666666666663 1728.9
1.0 0.29166666666666663 1732.3
0.0 0.3125 2273.1
0.04166666666666666 0.3125 2514.7
0.08333333333333333 0.3125 2458.3
0.125 0.3125 2484.6
0.16666666666666666 0.3125 2514.0
0.2083333333333333 0.3125 2479.2
0.25 0.3125 2466.8
0.29166666666666663 0.3125 2464.4
0.3333333333333333 0.3125 2462.9
0.375 0.3125 2390.5
0.4166666666666666 0.3125 2417.3
0.4583333333333333 0.3125 2400.7
0.5 0.3125 2371.3
0.5416666666666666 0.3125 2394.4
0.5833333333333333 0.3125 2357.4
0.625 0.3125 2214.1
0.6666666666666666 0.3125 2325.2
0.7083333333333333 0.3125 2259.2
0.75 0.3125 2172.1
0.7916666666666666 0.3125 2217.3
0.8333333333333333 0.3125 2158.8
0.875 0.3125 2161.2
0.9166666666666666 0.3125 1843.5
0.9583333333333331 0.3125 1799.3
1.0 0.3125 1877.5
0.0 0.3333333333333333 2276.0
0.04166666666666666 0.3333333333333333 2535.7
0.08333333333333333 0.3333333333333333 2527.1
0.125 0.3333333333333333 2527.7
0.16666666666666666 0.3333333333333333 2256.2
0.2083333333333333 0.3333333333333333 2464.3
0.25 0.3333333333333333 2460.7
0.29166666666666663 0.3333333333333333 2193.7
0.3333333333333333 0.3333333333333333 2468.7
0.375 0.3333333333333333 2458.7
0.4166666666666666 0.3333333333333333 2444.8
0.4583333333333333 0.3333333333333333 2432.1
0.5 0.3333333333333333 2337.0
0.5416666666666666 0.3333333333333333 2334.0
0.5833333333333333 0.3333333333333333 2412.8
0.625 0.3333333333333333 2300.2
0.6666666666666666 0.3333333333333333 2239.7
0.7083333333333333 0.3333333333333333 2236.3
0.75 0.3333333333333333 2305.0
0.7916666666666666 0.3333333333333333 2225.1
0.8333333333333333 0.3333333333333333 2343.7
0.875 0.3333333333333333 1829.3
0.9166666666666666 0.3333333333333333 2143.9
0.9583333333333331 0.3333333333333333 1942.6
1.0 0.3333333333333333 2060.9
0.0 0.35416666666666663 2572.1
0.04166666666666666 0.35416666666666663 2495.2
0.08333333333333333 0.35416666666666663 2527.6
0.125 0.35416666666666663 2483.2
0.16666666666666666 0.35416666666666663 2519.1
0.2083333333333333 0.35416666666666663 2507.1
0.25 0.35416666666666663 2475.0
0.29166666666666663 0.35416666666666663 2482.6
0.3333333333333333 0.35416666666666663 2439.3
0.375 0.35416666666666663 2456.0
0.4166666666666666 0.35416666666666663 2165.2
0.4583333333333333 0.35416666666666663 2372.1
0.5 0.35416666666666663 2372.3
0.5416666666666666 0.35416666666666663 2375.6
0.5833333333333333 0.35416666666666663 2306.9
0.625 0.35416666666666663 2256.8
0.6666666666666666 0.35416666666666663 2278.3
0.7083333333333333 0.35416666666666663 2239.1
0.75 0.35416666666666663 2305.2
0.7916666666666666 0.35416666666666663 2140.3
0.8333333333333333 0.35416666666666663 2188.9
0.875 0.35416666666666663 2072.0
0.9166666666666666 0.35416666666666663 2131.8
0.9583333333333331 0.35416666666666663 2276.8
1.0 0.35416666666666663 2020.5
0.0 0.375 2484.6
0.04166666666666666 0.375 2489.5
0.08333333333333333 0.375 2516.9
0.125 0.375 2478.9
0.16666666666666666 0.375 2531.3
0.2083333333333333 0.375 2491.6
0.25 0.375 2500.0
0.29166666666666663 0.375 2505.1
0.3333333333333333 0.375 2538.4
0.375 0.375 2455.3
0.4166666666666666 0.375 2396.6
0.4583333333333333 0.375 2470.9
0.5 0.375 2387.0
0.5416666666666666 0.375 2354.9
0.5833333333333333 0.375 2379.5
0.625 0.375 2391.2
0.6666666666666666 0.375 2314.5
0.7083333333333333 0.375 2347.2
0.75 0.375 2216.0
0.7916666666666666 0.375 2260.9
0.8333333333333333 0.375 2092.5
0.875 0.375 2112.6
0.9166666666666666 0.375 1882.7
0.9583333333333331 0.375 2132.0
1.0 0.375 2081.6
0.0 0.3958333333333333 2523.1
0.04166666666666666 0.3958333333333333 2508.0
0.08333333333333333 0.3958333333333333 2533.7
0.125 0.3958333333333333 2502.6
0.16666666666666666 0.3958333333333333 2491.0
0.2083333333333333 0.3958333333333333 2469.1
0.25 0.3958333333333333 2494.3
0.29166666666666663 0.3958333333333333 2444.5
0.3333333333333333 0.3958333333333333 2486.7
0.375 0.3958333333333333 2442.5
0.4166666666666666 0.3958333333333333 2442.6
0.4583333333333333 0.3958333333333333 2437.4
0.5 0.3958333333333333 2389.6
0.5416666666666666 0.3958333333333333 2192.8
0.5833333333333333 0.3958333333333333 2424.7
0.625 0.3958333333333333 2384.8
0.6666666666666666 0.3958333333333333 2256.7
0.7083333333333333 0.3958333333333333 2316.8
0.75 0.3958333333333333 2267.8
0.7916666666666666 0.3958333333333333 1985.3
0.8333333333333333 0.3958333333333333 2412.7
0.875 0.3958333333333333 2386.2
0.9166666666666666 0.3958333333333333 2205.1
0.9583333333333331 0.3958333333333333 2314.3
1.0 0.3958333333333333 2068.8
0.0 0.4166666666666666 2485.7
0.04166666666666666 0.4166666666666666 2519.8
0.08333333333333333 0.4166666666666666 2516.3
0.125 0.4166666666666666 2537.8
0.16666666666666666 0.4166666666666666 2503.0
0.2083333333333333 0.4166666666666666 2492.9
0.25 0.4166666666666666 2506.1
0.29166666666666663 0.4166666666666666 2440.7
0.3333333333333333 0.4166666666666666 2542.2
0.375 0.4166666666666666 2469.0
0.4166666666666666 0.4166666666666666 2428.9
0.4583333333333333 0.4166666666666666 2472.6
0.5 0.4166666666666666 2444.5
0.5416666666666666 0.4166666666666666 2378.5
0.5833333333333333 0.4166666666666666 2360.3
0.625 0.4166666666666666 2435.6
0.6666666666666666 0.4166666666666666 2249.9
0.7083333333333333 0.4166666666666666 2346.9
0.75 0.4166666666666666 2294.8
0.7916666666666666 0.4166666666666666 2409.1
0.8333333333333333 0.4166666666666666 2334.5
0.875 0.4166666666666666 2236.3
0.9166666666666666 0.4166666666666666 2172.1
0.9583333333333331 0.4166666666666666 2219.3
1.0 0.4166666666666666 1905.4
0.0 0.4375 2512.1
0.04166666666666666 0.4375 2529.3
0.08333333333333333 0.4375 2522.8
0.125 0.4375 2498.1
0.16666666666666666 0.4375 2491.2
0.2083333333333333 0.4375 2538.2
0.25 0.4375 2473.9
0.29166666666666663 0.4375 2513.1
0.3333333333333333 0.4375 2496.0
0.375 0.4375 2458.3
0.4166666666666666 0.4375 2470.5
0.4583333333333333 0.4375 2482.5
0.5 0.4375 2392.9
0.5416666666666666 0.4375 2377.1
0.5833333333333333 0.4375 2398.9
0.625 0.4375 2375.2
0.6666666666666666 0.4375 2354.1
0.7083333333333333 0.4375 2390.0
0.75 0.4375 2342.9
0.7916666666666666 0.4375 2329.4
0.8333333333333333 0.4375 2215.8
0.875 0.4375 2154.9
0.9166666666666666 0.4375 2237.8
0.9583333333333331 0.4375 2235.7
1.0 0.4375 2441.6
0.0 0.4583333333333333 2558.3
0.04166666666666666 0.4583333333333333 2514.0
0.08333333333333333 0.4583333333333333 2480.4
0.125 0.4583333333333333 2523.4
0.16666666666666666 0.4583333333333333 2554.1
0.2083333333333333 0.4583333333333333 2528.3
0.25 0.4583333333333333 2511.6
0.29166666666666663 0.4583333333333333 2481.5
0.3333333333333333 0.4583333333333333 2450.8
0.375 0.4583333333333333 2466.3
0.4166666666666666 0.4583333333333333 2444.0
0.4583333333333333 0.4583333333333333 2455.4
0.5 0.4583333333333333 2466.1
0.5416666666666666 0.4583333333333333 2399.1
0.5833333333333333 0.4583333333333333 2428.2
0.625 0.4583333333333333 2411.8
0.6666666666666666 0.4583333333333333 2389.6
0.7083333333333333 0.4583333333333333 2327.9
0.75 0.4583333333333333 2210.1
0.7916666666666666 0.4583333333333333 2383.8
0.8333333333333333 0.4583333333333333 2177.9
0.875 0.4583333333333333 2334.8
0.9166666666666666 0.4583333333333333 2213.0
0.9583333333333331 0.4583333333333333 2381.1
1.0 0.4583333333333333 2055.7
0.0 0.4791666666666666 2523.1
0.04166666666666666 0.4791666666666666 2489.7
0.08333333333333333 0.4791666666666666 2544.7
0.125 0.4791666666666666 2498.0
0.16666666666666666 0.4791666666666666 2476.2
0.2083333333333333 0.4791666666666666 2533.3
0.25 0.4791666666666666 2488.0
0.29166666666666663 0.4791666666666666 2533.1
0.3333333333333333 0.4791666666666666 2414.1
0.375 0.4791666666666666 2480.3
0.4166666666666666 0.4791666666666666 2491.4
0.4583333333333333 0.4791666666666666 2399.6
0.5 0.4791666666666666 2378.8
0.5416666666666666 0.4791666666666666 2435.7
0.5833333333333333 0.4791666666666666 2323.6
0.625 0.4791666666666666 2323.7
0.6666666666666666 0.4791666666666666 2373.2
0.7083333333333333 0.4791666666666666 2396.7
0.75 0.4791666666666666 2334.0
0.7916666666666666 0.4791666666666666 2353.1
0.8333333333333333 0.4791666666666666 2286.3
0.875 0.4791666666666666 2361.4
0.9166666666666666 0.4791666666666666 2050.1
0.9583333333333331 0.4791666666666666 1996.1
1.0 0.4791666666666666 2056.3
0.0 0.5 2545.9
0.04166666666666666 0.5 2483.6
0.08333333333333333 0.5 2513.0
0.125 0.5 2503.1
0.16666666666666666 0.5 2491.3
0.2083333333333333 0.5 2278.8
0.25 0.5 2494.4
0.29166666666666663 0.5 2472.7
0.3333333333333333 0.5 2476.0
0.375 0.5 2447.8
0.4166666666666666 0.5 2453.6
0.4583333333333333 0.5 2526.5
0.5 0.5 2501.3
0.5416666666666666 0.5 2411.0
0.5833333333333333 0.5 2437.2
0.625 0.5 2325.9
0.6666666666666666 0.5 2363.6
0.7083333333333333 0.5 2406.1
0.75 0.5 2394.3
0.7916666666666666 0.5 2357.4
0.8333333333333333 0.5 2207.5
0.875 0.5 2369.0
0.9166666666666666 0.5 2359.9
0.9583333333333331 0.5 2160.6
1.0 0.5 2264.5
